Time	PV	OP	SP
         0	   25.0002	  -73.7276	   25.0002
      0.01	   25.0002	  -73.7276	   25.0002
      0.02	   25.0002	  -73.7276	   25.0002
      0.03	   25.0002	  -73.7276	   25.0002
      0.04	   25.0002	  -73.7276	   25.0002
      0.05	   25.0002	  -73.7276	   25.0002
      0.06	   25.0002	  -73.7276	   25.0002
      0.07	   25.0002	  -73.7276	   25.0002
      0.08	   25.0002	  -73.7276	   25.0002
      0.09	   25.0002	  -73.7276	   25.0002
       0.1	   25.0002	  -73.7276	   25.0002
      0.11	   25.0002	  -73.7276	   25.0002
      0.12	   25.0002	  -73.7276	   25.0002
      0.13	   25.0002	  -73.7276	   25.0002
      0.14	   25.0002	  -73.7276	   25.0002
      0.15	   25.0002	  -73.7276	   25.0002
      0.16	   25.0002	  -73.7276	   25.0002
      0.17	   25.0002	  -73.7276	   25.0002
      0.18	   25.0002	  -73.7276	   25.0002
      0.19	   25.0002	  -73.7276	   25.0002
       0.2	   25.0002	  -73.7276	   25.0002
      0.21	   25.0002	  -73.7276	   25.0002
      0.22	   25.0002	  -73.7276	   25.0002
      0.23	   25.0002	  -73.7276	   25.0002
      0.24	   25.0002	  -73.7276	   25.0002
      0.25	   25.0002	  -73.7276	   25.0002
      0.26	   25.0002	  -73.7276	   25.0002
      0.27	   25.0002	  -73.7276	   25.0002
      0.28	   25.0002	  -73.7276	   25.0002
      0.29	   25.0002	  -73.7276	   25.0002
       0.3	   25.0002	  -73.7276	   25.0002
      0.31	   25.0002	  -73.7276	   25.0002
      0.32	   25.0002	  -73.7276	   25.0002
      0.33	   25.0002	  -73.7276	   25.0002
      0.34	   25.0002	  -73.7276	   25.0002
      0.35	   25.0002	  -73.7276	   25.0002
      0.36	   25.0002	  -73.7276	   25.0002
      0.37	   25.0002	  -73.7276	   25.0002
      0.38	   25.0002	  -73.7276	   25.0002
      0.39	   25.0002	  -73.7276	   25.0002
       0.4	   25.0002	  -73.7276	   25.0002
      0.41	   25.0002	  -73.7276	   25.0002
      0.42	   25.0002	  -73.7276	   25.0002
      0.43	   25.0002	  -73.7276	   25.0002
      0.44	   25.0002	  -73.7276	   25.0002
      0.45	   25.0002	  -73.7276	   25.0002
      0.46	   25.0002	  -73.7276	   25.0002
      0.47	   25.0002	  -73.7276	   25.0002
      0.48	   25.0002	  -73.7276	   25.0002
      0.49	   25.0002	  -73.7276	   25.0002
       0.5	   25.0002	  -73.7276	   25.0002
      0.51	   25.0002	  -73.7276	   25.0002
      0.52	   25.0002	  -73.7276	   25.0002
      0.53	   25.0002	  -73.7276	   25.0002
      0.54	   25.0002	  -73.7276	   25.0002
      0.55	   25.0002	  -73.7276	   25.0002
      0.56	   25.0002	  -73.7276	   25.0002
      0.57	   25.0002	  -73.7276	   25.0002
      0.58	   25.0002	  -73.7276	   25.0002
      0.59	   25.0002	  -73.7276	   25.0002
       0.6	   25.0002	  -73.7276	   25.0002
      0.61	   25.0002	  -73.7276	   25.0002
      0.62	   25.0002	  -73.7276	   25.0002
      0.63	   25.0002	  -73.7276	   25.0002
      0.64	   25.0002	  -73.7276	   25.0002
      0.65	   25.0002	  -73.7276	   25.0002
      0.66	   25.0002	  -73.7276	   25.0002
      0.67	   25.0002	  -73.7276	   25.0002
      0.68	   25.0002	  -73.7276	   25.0002
      0.69	   25.0002	  -73.7276	   25.0002
       0.7	   25.0002	  -73.7276	   25.0002
      0.71	   25.0002	  -73.7276	   25.0002
      0.72	   25.0002	  -73.7276	   25.0002
      0.73	   25.0002	  -73.7276	   25.0002
      0.74	   25.0002	  -73.7276	   25.0002
      0.75	   25.0002	  -73.7276	   25.0002
      0.76	   25.0002	  -73.7276	   25.0002
      0.77	   25.0002	  -73.7276	   25.0002
      0.78	   25.0002	  -73.7276	   25.0002
      0.79	   25.0002	  -73.7276	   25.0002
       0.8	   25.0002	  -73.7276	   25.0002
      0.81	   25.0002	  -73.7276	   25.0002
      0.82	   25.0002	  -73.7276	   25.0002
      0.83	   25.0002	  -73.7276	   25.0002
      0.84	   25.0002	  -73.7276	   25.0002
      0.85	   25.0002	  -73.7276	   25.0002
      0.86	   25.0002	  -73.7276	   25.0002
      0.87	   25.0002	  -73.7276	   25.0002
      0.88	   25.0002	  -73.7276	   25.0002
      0.89	   25.0002	  -73.7276	   25.0002
       0.9	   25.0002	  -73.7276	   25.0002
      0.91	   25.0002	  -73.7276	   25.0002
      0.92	   25.0002	  -73.7276	   25.0002
      0.93	   25.0002	  -73.7276	   25.0002
      0.94	   25.0002	  -73.7276	   25.0002
      0.95	   25.0002	  -73.7276	   25.0002
      0.96	   25.0002	  -73.7276	   25.0002
      0.97	   25.0002	  -73.7276	   25.0002
      0.98	   25.0002	  -73.7276	   25.0002
      0.99	   25.0002	  -73.7276	   25.0002
         1	   25.0002	  -73.7276	   25.0002
      1.01	   25.5328	  -74.0591	   25.0002
      1.02	   25.5568	  -74.1872	   25.0002
      1.03	   25.5591	  -74.3077	   25.0002
      1.04	   25.5497	   -74.421	   25.0002
      1.05	   25.5324	  -74.5272	   25.0002
      1.06	   25.5094	   -74.626	   25.0002
      1.07	   25.4836	  -74.7155	   25.0002
      1.08	   25.4573	  -74.7998	   25.0002
      1.09	   25.4307	  -74.8771	   25.0002
       1.1	   25.4049	  -74.9498	   25.0002
      1.11	   25.3802	  -75.0159	   25.0002
      1.12	   25.3559	  -75.0807	   25.0002
      1.13	   25.3349	   -75.137	   25.0002
      1.14	   25.3138	  -75.1933	   25.0002
      1.15	   25.2956	  -75.2445	   25.0002
      1.16	   25.2792	  -75.2926	   25.0002
      1.17	   25.2627	  -75.3407	   25.0002
      1.18	   25.2497	  -75.3842	   25.0002
      1.19	   25.2379	  -75.4259	   25.0002
       1.2	   25.2261	  -75.4676	   25.0002
      1.21	   25.2156	  -75.5074	   25.0002
      1.22	   25.2071	  -75.5443	   25.0002
      1.23	   25.1986	  -75.5812	   25.0002
      1.24	   25.1902	  -75.6181	   25.0002
      1.25	    25.185	  -75.6522	   25.0002
      1.26	   25.1798	  -75.6862	   25.0002
      1.27	   25.1745	  -75.7202	   25.0002
      1.28	     25.17	  -75.7543	   25.0002
      1.29	   25.1671	  -75.7867	   25.0002
       1.3	   25.1643	  -75.8192	   25.0002
      1.31	   25.1614	  -75.8516	   25.0002
      1.32	   25.1586	  -75.8841	   25.0002
      1.33	   25.1567	  -75.9151	   25.0002
      1.34	   25.1547	  -75.9461	   25.0002
      1.35	   25.1529	  -75.9771	   25.0002
      1.36	    25.151	   -76.008	   25.0002
      1.37	   25.1492	  -76.0389	   25.0002
      1.38	   25.1463	  -76.0668	   25.0002
      1.39	   25.1434	  -76.0947	   25.0002
       1.4	   25.1403	  -76.1222	   25.0002
      1.41	   25.1373	  -76.1498	   25.0002
      1.42	   25.1335	  -76.1759	   25.0002
      1.43	   25.1284	  -76.1994	   25.0002
      1.44	   25.1233	  -76.2229	   25.0002
      1.45	   25.1186	  -76.2456	   25.0002
      1.46	   25.1142	  -76.2671	   25.0002
      1.47	   25.1098	  -76.2887	   25.0002
      1.48	   25.1064	  -76.3085	   25.0002
      1.49	    25.103	  -76.3283	   25.0002
       1.5	   25.0996	  -76.3481	   25.0002
      1.51	   25.0956	  -76.3655	   25.0002
      1.52	   25.0915	   -76.383	   25.0002
      1.53	   25.0875	  -76.3985	   25.0002
      1.54	   25.0837	  -76.4141	   25.0002
      1.55	   25.0798	  -76.4293	   25.0002
      1.56	   25.0759	  -76.4419	   25.0002
      1.57	    25.072	  -76.4537	   25.0002
      1.58	    25.068	  -76.4655	   25.0002
      1.59	    25.064	  -76.4773	   25.0002
       1.6	   25.0588	   -76.485	   25.0002
      1.61	   25.0536	  -76.4927	   25.0002
      1.62	   25.0482	     -76.5	   25.0002
      1.63	   25.0429	   -76.506	   25.0002
      1.64	   25.0371	  -76.5096	   25.0002
      1.65	   25.0312	  -76.5132	   25.0002
      1.66	   25.0252	  -76.5144	   25.0002
      1.67	   25.0188	  -76.5133	   25.0002
      1.68	   25.0125	  -76.5122	   25.0002
      1.69	   25.0061	  -76.5103	   25.0002
       1.7	   24.9995	  -76.5048	   25.0002
      1.71	   24.9929	  -76.4993	   25.0002
      1.72	   24.9866	  -76.4937	   25.0002
      1.73	   24.9815	  -76.4873	   25.0002
      1.74	   24.9751	   -76.478	   25.0002
      1.75	   24.9682	  -76.4676	   25.0002
      1.76	   24.9617	  -76.4561	   25.0002
      1.77	   24.9557	  -76.4436	   25.0002
      1.78	   24.9491	  -76.4283	   25.0002
      1.79	   24.9421	  -76.4113	   25.0002
       1.8	   24.9351	  -76.3942	   25.0002
      1.81	   24.9298	  -76.3757	   25.0002
      1.82	   24.9249	  -76.3571	   25.0002
      1.83	     24.92	  -76.3372	   25.0002
      1.84	    24.915	   -76.316	   25.0002
      1.85	   24.9102	  -76.2948	   25.0002
      1.86	   24.9061	  -76.2713	   25.0002
      1.87	   24.9021	  -76.2478	   25.0002
      1.88	   24.8981	  -76.2243	   25.0002
      1.89	   24.8992	  -76.2033	   25.0002
       1.9	   24.8986	   -76.181	   25.0002
      1.91	   24.8971	  -76.1587	   25.0002
      1.92	   24.8956	  -76.1355	   25.0002
      1.93	   24.8942	  -76.1123	   25.0002
      1.94	   24.8929	   -76.089	   25.0002
      1.95	   24.8923	  -76.0657	   25.0002
      1.96	   24.8917	  -76.0424	   25.0002
      1.97	   24.8917	  -76.0191	   25.0002
      1.98	   24.8928	  -75.9972	   25.0002
      1.99	   24.8939	  -75.9754	   25.0002
         2	    24.895	  -75.9535	   25.0002
      2.01	    24.897	   -75.933	   25.0002
      2.02	   24.9009	   -75.915	   25.0002
      2.03	   24.9047	   -75.897	   25.0002
      2.04	   24.9085	   -75.879	   25.0002
      2.05	   24.9129	  -75.8633	   25.0002
      2.06	   24.9173	  -75.8476	   25.0002
      2.07	   24.9209	  -75.8341	   25.0002
      2.08	   24.9245	  -75.8205	   25.0002
      2.09	   24.9281	   -75.807	   25.0002
       2.1	   24.9319	  -75.7947	   25.0002
      2.11	   24.9363	  -75.7841	   25.0002
      2.12	   24.9406	  -75.7735	   25.0002
      2.13	   24.9444	  -75.7644	   25.0002
      2.14	   24.9482	   -75.756	   25.0002
      2.15	   24.9518	  -75.7477	   25.0002
      2.16	   24.9554	  -75.7404	   25.0002
      2.17	   24.9587	  -75.7345	   25.0002
      2.18	   24.9621	  -75.7285	   25.0002
      2.19	   24.9654	  -75.7225	   25.0002
       2.2	   24.9683	  -75.7188	   25.0002
      2.21	   24.9711	   -75.715	   25.0002
      2.22	    24.974	  -75.7112	   25.0002
      2.23	   24.9768	  -75.7075	   25.0002
      2.24	   24.9791	  -75.7056	   25.0002
      2.25	   24.9814	  -75.7038	   25.0002
      2.26	   24.9837	  -75.7019	   25.0002
      2.27	    24.986	  -75.7001	   25.0002
      2.28	    24.988	  -75.6989	   25.0002
      2.29	   24.9896	  -75.6987	   25.0002
       2.3	   24.9912	  -75.6985	   25.0002
      2.31	   24.9928	  -75.6982	   25.0002
      2.32	   24.9944	   -75.698	   25.0002
      2.33	    24.996	  -75.6978	   25.0002
      2.34	   24.9971	  -75.6985	   25.0002
      2.35	   24.9981	  -75.6993	   25.0002
      2.36	   24.9991	     -75.7	   25.0002
      2.37	   25.0002	  -75.7007	   25.0002
      2.38	   25.0012	  -75.7015	   25.0002
      2.39	   25.0018	  -75.7022	   25.0002
       2.4	   25.0024	  -75.7034	   25.0002
      2.41	    25.003	  -75.7045	   25.0002
      2.42	   25.0036	  -75.7057	   25.0002
      2.43	   25.0042	  -75.7069	   25.0002
      2.44	   25.0044	   -75.708	   25.0002
      2.45	   25.0047	  -75.7092	   25.0002
      2.46	   25.0049	  -75.7104	   25.0002
      2.47	   25.0052	  -75.7115	   25.0002
      2.48	   25.0054	  -75.7127	   25.0002
      2.49	   25.0054	  -75.7138	   25.0002
       2.5	   25.0054	  -75.7149	   25.0002
      2.51	   25.0055	   -75.716	   25.0002
      2.52	   25.0055	  -75.7171	   25.0002
      2.53	   25.0055	  -75.7182	   25.0002
      2.54	   25.0055	  -75.7193	   25.0002
      2.55	   25.0053	  -75.7203	   25.0002
      2.56	   25.0052	  -75.7214	   25.0002
      2.57	   25.0051	  -75.7225	   25.0002
      2.58	   25.0049	  -75.7233	   25.0002
      2.59	   25.0048	  -75.7241	   25.0002
       2.6	   25.0047	  -75.7249	   25.0002
      2.61	   25.0045	  -75.7257	   25.0002
      2.62	   25.0043	  -75.7265	   25.0002
      2.63	   25.0042	  -75.7273	   25.0002
      2.64	    25.004	  -75.7278	   25.0002
      2.65	   25.0038	  -75.7283	   25.0002
      2.66	   25.0037	  -75.7287	   25.0002
      2.67	   25.0035	  -75.7292	   25.0002
      2.68	   25.0033	  -75.7297	   25.0002
      2.69	   25.0032	  -75.7302	   25.0002
       2.7	    25.003	  -75.7307	   25.0002
      2.71	   25.0028	  -75.7312	   25.0002
      2.72	   25.0027	  -75.7315	   25.0002
      2.73	   25.0025	  -75.7317	   25.0002
      2.74	   25.0023	   -75.732	   25.0002
      2.75	   25.0022	  -75.7323	   25.0002
      2.76	    25.002	  -75.7326	   25.0002
      2.77	   25.0018	  -75.7328	   25.0002
      2.78	   25.0017	  -75.7331	   25.0002
      2.79	   25.0015	  -75.7333	   25.0002
       2.8	   25.0015	  -75.7335	   25.0002
      2.81	   25.0014	  -75.7338	   25.0002
      2.82	   25.0013	   -75.734	   25.0002
      2.83	   25.0013	  -75.7342	   25.0002
      2.84	   25.0012	  -75.7344	   25.0002
      2.85	   25.0012	  -75.7346	   25.0002
      2.86	   25.0011	  -75.7349	   25.0002
      2.87	   25.0011	  -75.7351	   25.0002
      2.88	   25.0011	  -75.7353	   25.0002
      2.89	   25.0012	  -75.7355	   25.0002
       2.9	   25.0012	  -75.7357	   25.0002
      2.91	   25.0012	  -75.7359	   25.0002
      2.92	   25.0012	  -75.7362	   25.0002
      2.93	   25.0013	  -75.7364	   25.0002
      2.94	   25.0013	  -75.7366	   25.0002
      2.95	   25.0014	  -75.7368	   25.0002
      2.96	   25.0015	   -75.737	   25.0002
      2.97	   25.0016	  -75.7374	   25.0002
      2.98	   25.0016	  -75.7379	   25.0002
      2.99	   25.0017	  -75.7383	   25.0002
         3	   25.0018	  -75.7387	   25.0002
      3.01	   25.0019	  -75.7391	   25.0002
      3.02	    25.002	  -75.7395	   25.0002
      3.03	   25.0021	  -75.7399	   25.0002
      3.04	   25.0021	  -75.7406	   25.0002
      3.05	   25.0022	  -75.7412	   25.0002
      3.06	   25.0023	  -75.7418	   25.0002
      3.07	   25.0024	  -75.7424	   25.0002
      3.08	   25.0025	  -75.7431	   25.0002
      3.09	   25.0026	  -75.7437	   25.0002
       3.1	   25.0027	  -75.7443	   25.0002
      3.11	   25.0028	   -75.745	   25.0002
      3.12	   25.0029	  -75.7456	   25.0002
      3.13	    25.003	  -75.7462	   25.0002
      3.14	    25.003	  -75.7471	   25.0002
      3.15	   25.0031	  -75.7479	   25.0002
      3.16	   25.0032	  -75.7487	   25.0002
      3.17	   25.0033	  -75.7496	   25.0002
      3.18	   25.0034	  -75.7504	   25.0002
      3.19	   25.0035	  -75.7513	   25.0002
       3.2	   25.0036	  -75.7521	   25.0002
      3.21	   25.0037	   -75.753	   25.0002
      3.22	   25.0038	  -75.7538	   25.0002
      3.23	   25.0038	  -75.7546	   25.0002
      3.24	   25.0039	  -75.7555	   25.0002
      3.25	    25.004	  -75.7563	   25.0002
      3.26	   25.0041	  -75.7572	   25.0002
      3.27	   25.0042	  -75.7581	   25.0002
      3.28	   25.0043	   -75.759	   25.0002
      3.29	   25.0044	  -75.7598	   25.0002
       3.3	   25.0044	  -75.7607	   25.0002
      3.31	   25.0044	  -75.7616	   25.0002
      3.32	   25.0044	  -75.7625	   25.0002
      3.33	   25.0044	  -75.7633	   25.0002
      3.34	   25.0044	  -75.7642	   25.0002
      3.35	   25.0044	  -75.7651	   25.0002
      3.36	   25.0044	   -75.766	   25.0002
      3.37	   25.0044	  -75.7669	   25.0002
      3.38	   25.0044	  -75.7677	   25.0002
      3.39	   25.0043	  -75.7686	   25.0002
       3.4	   25.0042	  -75.7695	   25.0002
      3.41	   25.0042	  -75.7704	   25.0002
      3.42	   25.0041	  -75.7712	   25.0002
      3.43	    25.004	  -75.7721	   25.0002
      3.44	   25.0039	  -75.7728	   25.0002
      3.45	   25.0039	  -75.7734	   25.0002
      3.46	   25.0038	   -75.774	   25.0002
      3.47	   25.0037	  -75.7747	   25.0002
      3.48	   25.0037	  -75.7753	   25.0002
      3.49	   25.0035	   -75.776	   25.0002
       3.5	   25.0034	  -75.7766	   25.0002
      3.51	   25.0032	  -75.7773	   25.0002
      3.52	   25.0031	  -75.7779	   25.0002
      3.53	    25.003	  -75.7783	   25.0002
      3.54	   25.0028	  -75.7787	   25.0002
      3.55	   25.0027	  -75.7791	   25.0002
      3.56	   25.0025	  -75.7795	   25.0002
      3.57	   25.0024	    -75.78	   25.0002
      3.58	   25.0023	  -75.7804	   25.0002
      3.59	   25.0021	  -75.7805	   25.0002
       3.6	    25.002	  -75.7806	   25.0002
      3.61	   25.0018	  -75.7808	   25.0002
      3.62	   25.0017	  -75.7809	   25.0002
      3.63	   25.0015	  -75.7811	   25.0002
      3.64	   25.0014	  -75.7812	   25.0002
      3.65	   25.0012	  -75.7813	   25.0002
      3.66	    25.001	  -75.7815	   25.0002
      3.67	   25.0009	  -75.7814	   25.0002
      3.68	   25.0007	  -75.7813	   25.0002
      3.69	   25.0006	  -75.7812	   25.0002
       3.7	   25.0004	  -75.7811	   25.0002
      3.71	   25.0002	   -75.781	   25.0002
      3.72	   25.0001	  -75.7807	   25.0002
      3.73	   24.9999	  -75.7804	   25.0002
      3.74	   24.9998	  -75.7801	   25.0002
      3.75	   24.9996	  -75.7798	   25.0002
      3.76	   24.9995	  -75.7795	   25.0002
      3.77	   24.9993	   -75.779	   25.0002
      3.78	   24.9991	  -75.7785	   25.0002
      3.79	    24.999	  -75.7781	   25.0002
       3.8	   24.9988	  -75.7776	   25.0002
      3.81	   24.9987	  -75.7771	   25.0002
      3.82	   24.9985	  -75.7767	   25.0002
      3.83	   24.9984	   -75.776	   25.0002
      3.84	   24.9982	  -75.7754	   25.0002
      3.85	    24.998	  -75.7747	   25.0002
      3.86	   24.9979	  -75.7741	   25.0002
      3.87	   24.9977	  -75.7734	   25.0002
      3.88	   24.9976	  -75.7728	   25.0002
      3.89	   24.9974	  -75.7721	   25.0002
       3.9	   24.9973	  -75.7715	   25.0002
      3.91	   24.9972	  -75.7708	   25.0002
      3.92	   24.9971	  -75.7701	   25.0002
      3.93	   24.9971	  -75.7694	   25.0002
      3.94	    24.997	  -75.7688	   25.0002
      3.95	    24.997	  -75.7681	   25.0002
      3.96	   24.9969	  -75.7674	   25.0002
      3.97	   24.9969	  -75.7667	   25.0002
      3.98	   24.9969	   -75.766	   25.0002
      3.99	   24.9969	  -75.7654	   25.0002
         4	   24.9969	  -75.7647	   25.0002
      4.01	   24.9969	   -75.764	   25.0002
      4.02	   24.9969	  -75.7633	   25.0002
      4.03	   24.9969	  -75.7627	   25.0002
      4.04	   24.9969	   -75.762	   25.0002
      4.05	    24.997	  -75.7613	   25.0002
      4.06	    24.997	  -75.7606	   25.0002
      4.07	   24.9971	    -75.76	   25.0002
      4.08	   24.9971	  -75.7593	   25.0002
      4.09	   24.9972	  -75.7586	   25.0002
       4.1	   24.9973	  -75.7579	   25.0002
      4.11	   24.9973	  -75.7573	   25.0002
      4.12	   24.9974	  -75.7566	   25.0002
      4.13	   24.9974	  -75.7561	   25.0002
      4.14	   24.9975	  -75.7557	   25.0002
      4.15	   24.9976	  -75.7552	   25.0002
      4.16	   24.9977	  -75.7548	   25.0002
      4.17	   24.9978	  -75.7543	   25.0002
      4.18	   24.9979	  -75.7539	   25.0002
      4.19	    24.998	  -75.7534	   25.0002
       4.2	   24.9981	   -75.753	   25.0002
      4.21	   24.9982	  -75.7527	   25.0002
      4.22	   24.9983	  -75.7524	   25.0002
      4.23	   24.9983	  -75.7521	   25.0002
      4.24	   24.9984	  -75.7518	   25.0002
      4.25	   24.9985	  -75.7515	   25.0002
      4.26	   24.9986	  -75.7512	   25.0002
      4.27	   24.9987	  -75.7509	   25.0002
      4.28	   24.9988	  -75.7506	   25.0002
      4.29	   24.9989	  -75.7505	   25.0002
       4.3	    24.999	  -75.7504	   25.0002
      4.31	   24.9991	  -75.7503	   25.0002
      4.32	   24.9992	  -75.7502	   25.0002
      4.33	   24.9993	  -75.7501	   25.0002
      4.34	   24.9994	    -75.75	   25.0002
      4.35	   24.9995	  -75.7499	   25.0002
      4.36	   24.9996	  -75.7498	   25.0002
      4.37	   24.9997	  -75.7497	   25.0002
      4.38	   24.9998	  -75.7496	   25.0002
      4.39	   24.9999	  -75.7497	   25.0002
       4.4	        25	  -75.7498	   25.0002
      4.41	        25	  -75.7499	   25.0002
      4.42	   25.0001	  -75.7501	   25.0002
      4.43	   25.0002	  -75.7502	   25.0002
      4.44	   25.0003	  -75.7503	   25.0002
      4.45	   25.0004	  -75.7504	   25.0002
      4.46	   25.0005	  -75.7505	   25.0002
      4.47	   25.0006	  -75.7506	   25.0002
      4.48	   25.0007	  -75.7507	   25.0002
      4.49	   25.0008	   -75.751	   25.0002
       4.5	   25.0008	  -75.7513	   25.0002
      4.51	   25.0009	  -75.7516	   25.0002
      4.52	    25.001	  -75.7519	   25.0002
      4.53	   25.0011	  -75.7522	   25.0002
      4.54	   25.0012	  -75.7525	   25.0002
      4.55	   25.0013	  -75.7528	   25.0002
      4.56	   25.0014	  -75.7531	   25.0002
      4.57	   25.0015	  -75.7534	   25.0002
      4.58	   25.0016	  -75.7537	   25.0002
      4.59	   25.0017	   -75.754	   25.0002
       4.6	   25.0017	  -75.7545	   25.0002
      4.61	   25.0018	  -75.7549	   25.0002
      4.62	   25.0018	  -75.7554	   25.0002
      4.63	   25.0019	  -75.7558	   25.0002
      4.64	    25.002	  -75.7563	   25.0002
      4.65	    25.002	  -75.7567	   25.0002
      4.66	   25.0021	  -75.7572	   25.0002
      4.67	   25.0021	  -75.7576	   25.0002
      4.68	   25.0022	  -75.7581	   25.0002
      4.69	   25.0022	  -75.7585	   25.0002
       4.7	   25.0023	   -75.759	   25.0002
      4.71	   25.0023	  -75.7594	   25.0002
      4.72	   25.0024	  -75.7599	   25.0002
      4.73	   25.0024	  -75.7603	   25.0002
      4.74	   25.0024	  -75.7608	   25.0002
      4.75	   25.0024	  -75.7613	   25.0002
      4.76	   25.0024	  -75.7617	   25.0002
      4.77	   25.0024	  -75.7622	   25.0002
      4.78	   25.0024	  -75.7626	   25.0002
      4.79	   25.0024	  -75.7631	   25.0002
       4.8	   25.0024	  -75.7635	   25.0002
      4.81	   25.0024	   -75.764	   25.0002
      4.82	   25.0024	  -75.7644	   25.0002
      4.83	   25.0024	  -75.7649	   25.0002
      4.84	   25.0024	  -75.7653	   25.0002
      4.85	   25.0024	  -75.7658	   25.0002
      4.86	   25.0023	  -75.7663	   25.0002
      4.87	   25.0023	  -75.7667	   25.0002
      4.88	   25.0022	  -75.7672	   25.0002
      4.89	   25.0022	  -75.7676	   25.0002
       4.9	   25.0021	  -75.7681	   25.0002
      4.91	   25.0021	  -75.7685	   25.0002
      4.92	   25.0021	  -75.7688	   25.0002
      4.93	    25.002	  -75.7692	   25.0002
      4.94	    25.002	  -75.7695	   25.0002
      4.95	   25.0019	  -75.7698	   25.0002
      4.96	   25.0019	  -75.7701	   25.0002
      4.97	   25.0018	  -75.7704	   25.0002
      4.98	   25.0017	  -75.7707	   25.0002
      4.99	   25.0016	   -75.771	   25.0002
         5	   25.0016	  -75.7712	   25.0002
      5.01	   25.0015	  -75.7713	   25.0002
      5.02	   25.0014	  -75.7715	   25.0002
      5.03	   25.0013	  -75.7716	   25.0002
      5.04	   25.0012	  -75.7718	   25.0002
      5.05	   25.0011	   -75.772	   25.0002
      5.06	   25.0011	  -75.7721	   25.0002
      5.07	    25.001	  -75.7723	   25.0002
      5.08	   25.0009	  -75.7724	   25.0002
      5.09	   25.0008	  -75.7724	   25.0002
       5.1	   25.0007	  -75.7723	   25.0002
      5.11	   25.0006	  -75.7723	   25.0002
      5.12	   25.0005	  -75.7722	   25.0002
      5.13	   25.0005	  -75.7722	   25.0002
      5.14	   25.0004	  -75.7721	   25.0002
      5.15	   25.0003	  -75.7721	   25.0002
      5.16	   25.0002	   -75.772	   25.0002
      5.17	   25.0001	   -75.772	   25.0002
      5.18	        25	  -75.7719	   25.0002
      5.19	   24.9999	  -75.7717	   25.0002
       5.2	   24.9998	  -75.7714	   25.0002
      5.21	   24.9997	  -75.7712	   25.0002
      5.22	   24.9997	  -75.7709	   25.0002
      5.23	   24.9996	  -75.7706	   25.0002
      5.24	   24.9995	  -75.7704	   25.0002
      5.25	   24.9994	  -75.7701	   25.0002
      5.26	   24.9993	  -75.7699	   25.0002
      5.27	   24.9992	  -75.7696	   25.0002
      5.28	   24.9991	  -75.7693	   25.0002
      5.29	    24.999	  -75.7691	   25.0002
       5.3	   24.9989	  -75.7686	   25.0002
      5.31	   24.9989	  -75.7682	   25.0002
      5.32	   24.9988	  -75.7678	   25.0002
      5.33	   24.9987	  -75.7674	   25.0002
      5.34	   24.9986	   -75.767	   25.0002
      5.35	   24.9985	  -75.7665	   25.0002
      5.36	   24.9984	  -75.7661	   25.0002
      5.37	   24.9984	  -75.7657	   25.0002
      5.38	   24.9983	  -75.7653	   25.0002
      5.39	   24.9983	  -75.7649	   25.0002
       5.4	   24.9983	  -75.7644	   25.0002
      5.41	   24.9982	   -75.764	   25.0002
      5.42	   24.9982	  -75.7636	   25.0002
      5.43	   24.9981	  -75.7632	   25.0002
      5.44	   24.9981	  -75.7627	   25.0002
      5.45	   24.9981	  -75.7623	   25.0002
      5.46	   24.9981	  -75.7619	   25.0002
      5.47	   24.9981	  -75.7614	   25.0002
      5.48	   24.9981	   -75.761	   25.0002
      5.49	   24.9981	  -75.7606	   25.0002
       5.5	   24.9981	  -75.7602	   25.0002
      5.51	   24.9981	  -75.7597	   25.0002
      5.52	   24.9981	  -75.7593	   25.0002
      5.53	   24.9981	  -75.7589	   25.0002
      5.54	   24.9981	  -75.7585	   25.0002
      5.55	   24.9981	   -75.758	   25.0002
      5.56	   24.9982	  -75.7576	   25.0002
      5.57	   24.9982	  -75.7572	   25.0002
      5.58	   24.9983	  -75.7568	   25.0002
      5.59	   24.9983	  -75.7563	   25.0002
       5.6	   24.9984	  -75.7559	   25.0002
      5.61	   24.9984	  -75.7555	   25.0002
      5.62	   24.9985	  -75.7552	   25.0002
      5.63	   24.9985	  -75.7549	   25.0002
      5.64	   24.9986	  -75.7546	   25.0002
      5.65	   24.9986	  -75.7543	   25.0002
      5.66	   24.9987	  -75.7541	   25.0002
      5.67	   24.9987	  -75.7538	   25.0002
      5.68	   24.9987	  -75.7535	   25.0002
      5.69	   24.9988	  -75.7532	   25.0002
       5.7	   24.9989	  -75.7529	   25.0002
      5.71	    24.999	  -75.7528	   25.0002
      5.72	   24.9991	  -75.7527	   25.0002
      5.73	   24.9991	  -75.7525	   25.0002
      5.74	   24.9992	  -75.7524	   25.0002
      5.75	   24.9993	  -75.7523	   25.0002
      5.76	   24.9994	  -75.7521	   25.0002
      5.77	   24.9995	   -75.752	   25.0002
      5.78	   24.9995	  -75.7518	   25.0002
      5.79	   24.9996	  -75.7517	   25.0002
       5.8	   24.9997	  -75.7517	   25.0002
      5.81	   24.9998	  -75.7518	   25.0002
      5.82	   24.9999	  -75.7518	   25.0002
      5.83	   24.9999	  -75.7518	   25.0002
      5.84	        25	  -75.7519	   25.0002
      5.85	   25.0001	  -75.7519	   25.0002
      5.86	   25.0002	   -75.752	   25.0002
      5.87	   25.0003	   -75.752	   25.0002
      5.88	   25.0003	   -75.752	   25.0002
      5.89	   25.0004	  -75.7521	   25.0002
       5.9	   25.0005	  -75.7523	   25.0002
      5.91	   25.0006	  -75.7525	   25.0002
      5.92	   25.0006	  -75.7527	   25.0002
      5.93	   25.0007	  -75.7529	   25.0002
      5.94	   25.0008	  -75.7531	   25.0002
      5.95	   25.0008	  -75.7533	   25.0002
      5.96	   25.0009	  -75.7535	   25.0002
      5.97	    25.001	  -75.7537	   25.0002
      5.98	    25.001	  -75.7539	   25.0002
      5.99	   25.0011	  -75.7541	   25.0002
         6	   25.0012	  -75.7544	   25.0002
      6.01	   25.0012	  -75.7548	   25.0002
      6.02	   25.0013	  -75.7551	   25.0002
      6.03	   25.0014	  -75.7555	   25.0002
      6.04	   25.0014	  -75.7558	   25.0002
      6.05	   25.0015	  -75.7562	   25.0002
      6.06	   25.0016	  -75.7565	   25.0002
      6.07	   25.0016	  -75.7568	   25.0002
      6.08	   25.0017	  -75.7572	   25.0002
      6.09	   25.0018	  -75.7575	   25.0002
       6.1	   25.0018	  -75.7579	   25.0002
      6.11	   25.0018	  -75.7582	   25.0002
      6.12	   25.0018	  -75.7586	   25.0002
      6.13	   25.0019	  -75.7589	   25.0002
      6.14	   25.0019	  -75.7593	   25.0002
      6.15	   25.0019	  -75.7597	   25.0002
      6.16	   25.0019	  -75.7601	   25.0002
      6.17	    25.002	  -75.7604	   25.0002
      6.18	    25.002	  -75.7608	   25.0002
      6.19	    25.002	  -75.7612	   25.0002
       6.2	    25.002	  -75.7615	   25.0002
      6.21	   25.0021	  -75.7619	   25.0002
      6.22	   25.0021	  -75.7623	   25.0002
      6.23	   25.0021	  -75.7627	   25.0002
      6.24	   25.0021	   -75.763	   25.0002
      6.25	    25.002	  -75.7634	   25.0002
      6.26	    25.002	  -75.7638	   25.0002
      6.27	    25.002	  -75.7642	   25.0002
      6.28	    25.002	  -75.7645	   25.0002
      6.29	    25.002	  -75.7649	   25.0002
       6.3	    25.002	  -75.7653	   25.0002
      6.31	   25.0019	  -75.7656	   25.0002
      6.32	   25.0019	   -75.766	   25.0002
      6.33	   25.0019	  -75.7664	   25.0002
      6.34	   25.0018	  -75.7668	   25.0002
      6.35	   25.0018	  -75.7671	   25.0002
      6.36	   25.0017	  -75.7675	   25.0002
      6.37	   25.0017	  -75.7679	   25.0002
      6.38	   25.0016	  -75.7682	   25.0002
      6.39	   25.0015	  -75.7684	   25.0002
       6.4	   25.0015	  -75.7686	   25.0002
      6.41	   25.0014	  -75.7688	   25.0002
      6.42	   25.0014	  -75.7689	   25.0002
      6.43	   25.0013	  -75.7691	   25.0002
      6.44	   25.0013	  -75.7693	   25.0002
      6.45	   25.0012	  -75.7695	   25.0002
      6.46	   25.0011	  -75.7697	   25.0002
      6.47	   25.0011	  -75.7698	   25.0002
      6.48	    25.001	    -75.77	   25.0002
      6.49	    25.001	  -75.7702	   25.0002
       6.5	   25.0009	  -75.7702	   25.0002
      6.51	   25.0008	  -75.7702	   25.0002
      6.52	   25.0007	  -75.7702	   25.0002
      6.53	   25.0007	  -75.7702	   25.0002
      6.54	   25.0006	  -75.7702	   25.0002
      6.55	   25.0005	  -75.7702	   25.0002
      6.56	   25.0005	  -75.7702	   25.0002
      6.57	   25.0004	  -75.7702	   25.0002
      6.58	   25.0003	  -75.7702	   25.0002
      6.59	   25.0002	  -75.7702	   25.0002
       6.6	   25.0002	    -75.77	   25.0002
      6.61	   25.0001	  -75.7698	   25.0002
      6.62	        25	  -75.7697	   25.0002
      6.63	        25	  -75.7695	   25.0002
      6.64	   24.9999	  -75.7693	   25.0002
      6.65	   24.9998	  -75.7691	   25.0002
      6.66	   24.9997	   -75.769	   25.0002
      6.67	   24.9997	  -75.7688	   25.0002
      6.68	   24.9996	  -75.7686	   25.0002
      6.69	   24.9995	  -75.7684	   25.0002
       6.7	   24.9995	  -75.7681	   25.0002
      6.71	   24.9994	  -75.7678	   25.0002
      6.72	   24.9993	  -75.7675	   25.0002
      6.73	   24.9992	  -75.7671	   25.0002
      6.74	   24.9992	  -75.7668	   25.0002
      6.75	   24.9991	  -75.7665	   25.0002
      6.76	    24.999	  -75.7662	   25.0002
      6.77	    24.999	  -75.7659	   25.0002
      6.78	   24.9989	  -75.7655	   25.0002
      6.79	   24.9988	  -75.7652	   25.0002
       6.8	   24.9987	  -75.7649	   25.0002
      6.81	   24.9987	  -75.7646	   25.0002
      6.82	   24.9986	  -75.7642	   25.0002
      6.83	   24.9985	  -75.7639	   25.0002
      6.84	   24.9985	  -75.7635	   25.0002
      6.85	   24.9985	  -75.7632	   25.0002
      6.86	   24.9985	  -75.7628	   25.0002
      6.87	   24.9985	  -75.7625	   25.0002
      6.88	   24.9985	  -75.7621	   25.0002
      6.89	   24.9985	  -75.7618	   25.0002
       6.9	   24.9984	  -75.7614	   25.0002
      6.91	   24.9984	  -75.7611	   25.0002
      6.92	   24.9984	  -75.7607	   25.0002
      6.93	   24.9984	  -75.7604	   25.0002
      6.94	   24.9984	    -75.76	   25.0002
      6.95	   24.9984	  -75.7597	   25.0002
      6.96	   24.9984	  -75.7593	   25.0002
      6.97	   24.9984	   -75.759	   25.0002
      6.98	   24.9984	  -75.7586	   25.0002
      6.99	   24.9984	  -75.7583	   25.0002
         7	   24.9985	  -75.7579	   25.0002
      7.01	   24.9985	  -75.7576	   25.0002
      7.02	   24.9985	  -75.7572	   25.0002
      7.03	   24.9986	  -75.7569	   25.0002
      7.04	   24.9986	  -75.7565	   25.0002
      7.05	   24.9986	  -75.7562	   25.0002
      7.06	   24.9986	  -75.7558	   25.0002
      7.07	   24.9987	  -75.7555	   25.0002
      7.08	   24.9987	  -75.7551	   25.0002
      7.09	   24.9988	  -75.7548	   25.0002
       7.1	   24.9989	  -75.7544	   25.0002
      7.11	   24.9989	  -75.7541	   25.0002
      7.12	    24.999	  -75.7537	   25.0002
      7.13	    24.999	  -75.7536	   25.0002
      7.14	   24.9991	  -75.7535	   25.0002
      7.15	   24.9992	  -75.7533	   25.0002
      7.16	   24.9992	  -75.7532	   25.0002
      7.17	   24.9993	  -75.7531	   25.0002
      7.18	   24.9994	  -75.7529	   25.0002
      7.19	   24.9994	  -75.7528	   25.0002
       7.2	   24.9995	  -75.7527	   25.0002
      7.21	   24.9995	  -75.7525	   25.0002
      7.22	   24.9996	  -75.7524	   25.0002
      7.23	   24.9997	  -75.7524	   25.0002
      7.24	   24.9997	  -75.7524	   25.0002
      7.25	   24.9998	  -75.7525	   25.0002
      7.26	   24.9999	  -75.7525	   25.0002
      7.27	   24.9999	  -75.7525	   25.0002
      7.28	        25	  -75.7525	   25.0002
      7.29	   25.0001	  -75.7526	   25.0002
       7.3	   25.0001	  -75.7526	   25.0002
      7.31	   25.0002	  -75.7526	   25.0002
      7.32	   25.0003	  -75.7528	   25.0002
      7.33	   25.0003	   -75.753	   25.0002
      7.34	   25.0004	  -75.7531	   25.0002
      7.35	   25.0005	  -75.7533	   25.0002
      7.36	   25.0005	  -75.7534	   25.0002
      7.37	   25.0006	  -75.7536	   25.0002
      7.38	   25.0007	  -75.7538	   25.0002
      7.39	   25.0007	  -75.7539	   25.0002
       7.4	   25.0008	  -75.7541	   25.0002
      7.41	   25.0009	  -75.7544	   25.0002
      7.42	   25.0009	  -75.7547	   25.0002
      7.43	    25.001	   -75.755	   25.0002
      7.44	   25.0011	  -75.7553	   25.0002
      7.45	   25.0011	  -75.7556	   25.0002
      7.46	   25.0012	  -75.7559	   25.0002
      7.47	   25.0013	  -75.7562	   25.0002
      7.48	   25.0013	  -75.7564	   25.0002
      7.49	   25.0014	  -75.7567	   25.0002
       7.5	   25.0015	   -75.757	   25.0002
      7.51	   25.0015	  -75.7573	   25.0002
      7.52	   25.0016	  -75.7576	   25.0002
      7.53	   25.0017	   -75.758	   25.0002
      7.54	   25.0017	  -75.7583	   25.0002
      7.55	   25.0017	  -75.7586	   25.0002
      7.56	   25.0018	  -75.7589	   25.0002
      7.57	   25.0018	  -75.7592	   25.0002
      7.58	   25.0018	  -75.7596	   25.0002
      7.59	   25.0018	  -75.7599	   25.0002
       7.6	   25.0018	  -75.7602	   25.0002
      7.61	   25.0018	  -75.7605	   25.0002
      7.62	   25.0019	  -75.7608	   25.0002
      7.63	   25.0019	  -75.7612	   25.0002
      7.64	   25.0019	  -75.7615	   25.0002
      7.65	   25.0019	  -75.7618	   25.0002
      7.66	   25.0019	  -75.7621	   25.0002
      7.67	   25.0019	  -75.7624	   25.0002
      7.68	   25.0019	  -75.7628	   25.0002
      7.69	   25.0019	  -75.7631	   25.0002
       7.7	   25.0019	  -75.7634	   25.0002
      7.71	   25.0018	  -75.7637	   25.0002
      7.72	   25.0018	   -75.764	   25.0002
      7.73	   25.0018	  -75.7644	   25.0002
      7.74	   25.0018	  -75.7647	   25.0002
      7.75	   25.0017	   -75.765	   25.0002
      7.76	   25.0017	  -75.7653	   25.0002
      7.77	   25.0017	  -75.7656	   25.0002
      7.78	   25.0017	   -75.766	   25.0002
      7.79	   25.0016	  -75.7663	   25.0002
       7.8	   25.0016	  -75.7666	   25.0002
      7.81	   25.0015	  -75.7669	   25.0002
      7.82	   25.0015	  -75.7672	   25.0002
      7.83	   25.0014	  -75.7676	   25.0002
      7.84	   25.0013	  -75.7679	   25.0002
      7.85	   25.0013	  -75.7682	   25.0002
      7.86	   25.0012	  -75.7685	   25.0002
      7.87	   25.0012	  -75.7688	   25.0002
      7.88	   25.0011	  -75.7689	   25.0002
      7.89	    25.001	   -75.769	   25.0002
       7.9	    25.001	  -75.7691	   25.0002
      7.91	   25.0009	  -75.7692	   25.0002
      7.92	   25.0008	  -75.7693	   25.0002
      7.93	   25.0008	  -75.7693	   25.0002
      7.94	   25.0007	  -75.7694	   25.0002
      7.95	   25.0007	  -75.7695	   25.0002
      7.96	   25.0006	  -75.7696	   25.0002
      7.97	   25.0005	  -75.7695	   25.0002
      7.98	   25.0005	  -75.7695	   25.0002
      7.99	   25.0004	  -75.7694	   25.0002
         8	   25.0003	  -75.7694	   25.0002
      8.01	   25.0003	  -75.7693	   25.0002
      8.02	   25.0002	  -75.7693	   25.0002
      8.03	   25.0001	  -75.7692	   25.0002
      8.04	   25.0001	  -75.7692	   25.0002
      8.05	        25	   -75.769	   25.0002
      8.06	   24.9999	  -75.7688	   25.0002
      8.07	   24.9999	  -75.7686	   25.0002
      8.08	   24.9998	  -75.7684	   25.0002
      8.09	   24.9997	  -75.7682	   25.0002
       8.1	   24.9997	   -75.768	   25.0002
      8.11	   24.9996	  -75.7678	   25.0002
      8.12	   24.9995	  -75.7676	   25.0002
      8.13	   24.9995	  -75.7674	   25.0002
      8.14	   24.9994	  -75.7672	   25.0002
      8.15	   24.9993	   -75.767	   25.0002
      8.16	   24.9993	  -75.7667	   25.0002
      8.17	   24.9992	  -75.7663	   25.0002
      8.18	   24.9991	   -75.766	   25.0002
      8.19	   24.9991	  -75.7657	   25.0002
       8.2	    24.999	  -75.7654	   25.0002
      8.21	   24.9989	   -75.765	   25.0002
      8.22	   24.9989	  -75.7647	   25.0002
      8.23	   24.9988	  -75.7644	   25.0002
      8.24	   24.9987	  -75.7641	   25.0002
      8.25	   24.9987	  -75.7637	   25.0002
      8.26	   24.9987	  -75.7634	   25.0002
      8.27	   24.9987	  -75.7631	   25.0002
      8.28	   24.9987	  -75.7628	   25.0002
      8.29	   24.9986	  -75.7624	   25.0002
       8.3	   24.9986	  -75.7621	   25.0002
      8.31	   24.9986	  -75.7618	   25.0002
      8.32	   24.9986	  -75.7614	   25.0002
      8.33	   24.9986	  -75.7611	   25.0002
      8.34	   24.9985	  -75.7607	   25.0002
      8.35	   24.9985	  -75.7604	   25.0002
      8.36	   24.9985	  -75.7601	   25.0002
      8.37	   24.9985	  -75.7597	   25.0002
      8.38	   24.9985	  -75.7594	   25.0002
      8.39	   24.9985	  -75.7591	   25.0002
       8.4	   24.9985	  -75.7587	   25.0002
      8.41	   24.9986	  -75.7584	   25.0002
      8.42	   24.9986	   -75.758	   25.0002
      8.43	   24.9986	  -75.7577	   25.0002
      8.44	   24.9986	  -75.7574	   25.0002
      8.45	   24.9987	   -75.757	   25.0002
      8.46	   24.9987	  -75.7567	   25.0002
      8.47	   24.9987	  -75.7564	   25.0002
      8.48	   24.9987	   -75.756	   25.0002
      8.49	   24.9987	  -75.7557	   25.0002
       8.5	   24.9988	  -75.7553	   25.0002
      8.51	   24.9989	  -75.7551	   25.0002
      8.52	   24.9989	  -75.7549	   25.0002
      8.53	    24.999	  -75.7548	   25.0002
      8.54	    24.999	  -75.7546	   25.0002
      8.55	   24.9991	  -75.7544	   25.0002
      8.56	   24.9991	  -75.7542	   25.0002
      8.57	   24.9992	   -75.754	   25.0002
      8.58	   24.9993	  -75.7538	   25.0002
      8.59	   24.9993	  -75.7536	   25.0002
       8.6	   24.9994	  -75.7534	   25.0002
      8.61	   24.9994	  -75.7533	   25.0002
      8.62	   24.9995	  -75.7533	   25.0002
      8.63	   24.9995	  -75.7532	   25.0002
      8.64	   24.9996	  -75.7532	   25.0002
      8.65	   24.9997	  -75.7531	   25.0002
      8.66	   24.9997	  -75.7531	   25.0002
      8.67	   24.9998	   -75.753	   25.0002
      8.68	   24.9998	  -75.7529	   25.0002
      8.69	   24.9999	  -75.7529	   25.0002
       8.7	        25	   -75.753	   25.0002
      8.71	        25	  -75.7531	   25.0002
      8.72	   25.0001	  -75.7532	   25.0002
      8.73	   25.0002	  -75.7533	   25.0002
      8.74	   25.0002	  -75.7534	   25.0002
      8.75	   25.0003	  -75.7535	   25.0002
      8.76	   25.0003	  -75.7536	   25.0002
      8.77	   25.0004	  -75.7537	   25.0002
      8.78	   25.0005	  -75.7538	   25.0002
      8.79	   25.0005	  -75.7539	   25.0002
       8.8	   25.0006	   -75.754	   25.0002
      8.81	   25.0007	  -75.7542	   25.0002
      8.82	   25.0007	  -75.7545	   25.0002
      8.83	   25.0008	  -75.7547	   25.0002
      8.84	   25.0008	   -75.755	   25.0002
      8.85	   25.0009	  -75.7552	   25.0002
      8.86	    25.001	  -75.7554	   25.0002
      8.87	    25.001	  -75.7557	   25.0002
      8.88	   25.0011	  -75.7559	   25.0002
      8.89	   25.0012	  -75.7562	   25.0002
       8.9	   25.0012	  -75.7564	   25.0002
      8.91	   25.0013	  -75.7567	   25.0002
      8.92	   25.0013	   -75.757	   25.0002
      8.93	   25.0014	  -75.7573	   25.0002
      8.94	   25.0015	  -75.7577	   25.0002
      8.95	   25.0015	   -75.758	   25.0002
      8.96	   25.0016	  -75.7583	   25.0002
      8.97	   25.0016	  -75.7587	   25.0002
      8.98	   25.0016	   -75.759	   25.0002
      8.99	   25.0017	  -75.7594	   25.0002
         9	   25.0017	  -75.7597	   25.0002
      9.01	   25.0017	    -75.76	   25.0002
      9.02	   25.0017	  -75.7604	   25.0002
      9.03	   25.0017	  -75.7607	   25.0002
      9.04	   25.0018	  -75.7611	   25.0002
      9.05	   25.0018	  -75.7614	   25.0002
      9.06	   25.0018	  -75.7617	   25.0002
      9.07	   25.0018	  -75.7621	   25.0002
      9.08	   25.0018	  -75.7624	   25.0002
      9.09	   25.0018	  -75.7627	   25.0002
       9.1	   25.0018	   -75.763	   25.0002
      9.11	   25.0018	  -75.7633	   25.0002
      9.12	   25.0017	  -75.7636	   25.0002
      9.13	   25.0017	  -75.7639	   25.0002
      9.14	   25.0017	  -75.7642	   25.0002
      9.15	   25.0017	  -75.7645	   25.0002
      9.16	   25.0017	  -75.7648	   25.0002
      9.17	   25.0016	  -75.7651	   25.0002
      9.18	   25.0016	  -75.7654	   25.0002
      9.19	   25.0016	  -75.7657	   25.0002
       9.2	   25.0016	  -75.7661	   25.0002
      9.21	   25.0015	  -75.7664	   25.0002
      9.22	   25.0015	  -75.7667	   25.0002
      9.23	   25.0015	   -75.767	   25.0002
      9.24	   25.0014	  -75.7671	   25.0002
      9.25	   25.0014	  -75.7673	   25.0002
      9.26	   25.0013	  -75.7674	   25.0002
      9.27	   25.0013	  -75.7676	   25.0002
      9.28	   25.0012	  -75.7677	   25.0002
      9.29	   25.0011	  -75.7679	   25.0002
       9.3	   25.0011	  -75.7681	   25.0002
      9.31	    25.001	  -75.7682	   25.0002
      9.32	    25.001	  -75.7684	   25.0002
      9.33	   25.0009	  -75.7685	   25.0002
      9.34	   25.0008	  -75.7687	   25.0002
      9.35	   25.0008	  -75.7688	   25.0002
      9.36	   25.0007	  -75.7688	   25.0002
      9.37	   25.0006	  -75.7688	   25.0002
      9.38	   25.0006	  -75.7688	   25.0002
      9.39	   25.0005	  -75.7688	   25.0002
       9.4	   25.0005	  -75.7688	   25.0002
      9.41	   25.0004	  -75.7688	   25.0002
      9.42	   25.0003	  -75.7688	   25.0002
      9.43	   25.0003	  -75.7688	   25.0002
      9.44	   25.0002	  -75.7688	   25.0002
      9.45	   25.0002	  -75.7688	   25.0002
      9.46	   25.0001	  -75.7686	   25.0002
      9.47	        25	  -75.7685	   25.0002
      9.48	        25	  -75.7683	   25.0002
      9.49	   24.9999	  -75.7682	   25.0002
       9.5	   24.9999	   -75.768	   25.0002
      9.51	   24.9998	  -75.7679	   25.0002
      9.52	   24.9997	  -75.7677	   25.0002
      9.53	   24.9997	  -75.7676	   25.0002
      9.54	   24.9996	  -75.7674	   25.0002
      9.55	   24.9995	  -75.7673	   25.0002
      9.56	   24.9995	   -75.767	   25.0002
      9.57	   24.9994	  -75.7667	   25.0002
      9.58	   24.9994	  -75.7664	   25.0002
      9.59	   24.9993	  -75.7661	   25.0002
       9.6	   24.9992	  -75.7659	   25.0002
      9.61	   24.9992	  -75.7656	   25.0002
      9.62	   24.9991	  -75.7653	   25.0002
      9.63	   24.9991	   -75.765	   25.0002
      9.64	    24.999	  -75.7648	   25.0002
      9.65	   24.9989	  -75.7645	   25.0002
      9.66	   24.9989	  -75.7642	   25.0002
      9.67	   24.9988	  -75.7639	   25.0002
      9.68	   24.9988	  -75.7636	   25.0002
      9.69	   24.9988	  -75.7633	   25.0002
       9.7	   24.9988	   -75.763	   25.0002
      9.71	   24.9988	  -75.7627	   25.0002
      9.72	   24.9987	  -75.7624	   25.0002
      9.73	   24.9987	  -75.7621	   25.0002
      9.74	   24.9987	  -75.7618	   25.0002
      9.75	   24.9987	  -75.7615	   25.0002
      9.76	   24.9986	  -75.7612	   25.0002
      9.77	   24.9986	  -75.7609	   25.0002
      9.78	   24.9986	  -75.7606	   25.0002
      9.79	   24.9986	  -75.7603	   25.0002
       9.8	   24.9986	    -75.76	   25.0002
      9.81	   24.9987	  -75.7597	   25.0002
      9.82	   24.9987	  -75.7594	   25.0002
      9.83	   24.9987	  -75.7591	   25.0002
      9.84	   24.9987	  -75.7588	   25.0002
      9.85	   24.9987	  -75.7585	   25.0002
      9.86	   24.9987	  -75.7582	   25.0002
      9.87	   24.9988	  -75.7579	   25.0002
      9.88	   24.9988	  -75.7576	   25.0002
      9.89	   24.9988	  -75.7573	   25.0002
       9.9	   24.9988	   -75.757	   25.0002
      9.91	   24.9988	  -75.7567	   25.0002
      9.92	   24.9989	  -75.7564	   25.0002
      9.93	   24.9989	  -75.7561	   25.0002
      9.94	   24.9989	  -75.7558	   25.0002
      9.95	    24.999	  -75.7555	   25.0002
      9.96	    24.999	  -75.7552	   25.0002
      9.97	   24.9991	  -75.7549	   25.0002
      9.98	   24.9991	  -75.7546	   25.0002
      9.99	   24.9991	  -75.7544	   25.0002
        10	   24.9992	  -75.7543	   25.0002
