Time	"STREAMS(""S-21"").Zn(""CO2"")"	RR_CO2
         0	  0.967051	  0.975236
      0.01	  0.967051	  0.975236
      0.02	  0.967051	  0.975236
      0.03	  0.967051	  0.975236
      0.04	  0.967051	  0.975236
      0.05	  0.967051	  0.975236
      0.06	  0.967051	  0.975236
      0.07	  0.967051	  0.975236
      0.08	  0.967051	  0.975236
      0.09	  0.967051	  0.975236
       0.1	  0.967051	  0.975236
      0.11	  0.967051	  0.975236
      0.12	  0.967051	  0.975236
      0.13	  0.967051	  0.975236
      0.14	  0.967051	  0.975236
      0.15	  0.967051	  0.975236
      0.16	  0.967051	  0.975236
      0.17	  0.967052	  0.975236
      0.18	  0.967052	  0.975236
      0.19	  0.967052	  0.975236
       0.2	  0.967052	  0.975236
      0.21	  0.967052	  0.975236
      0.22	  0.967052	  0.975236
      0.23	  0.967052	  0.975236
      0.24	  0.967052	  0.975236
      0.25	  0.967052	  0.975236
      0.26	  0.967052	  0.975236
      0.27	  0.967052	  0.975236
      0.28	  0.967052	  0.975236
      0.29	  0.967052	  0.975236
       0.3	  0.967052	  0.975236
      0.31	  0.967052	  0.975236
      0.32	  0.967052	  0.975236
      0.33	  0.967052	  0.975236
      0.34	  0.967052	  0.975236
      0.35	  0.967052	  0.975236
      0.36	  0.967053	  0.975236
      0.37	  0.967053	  0.975236
      0.38	  0.967053	  0.975236
      0.39	  0.967053	  0.975236
       0.4	  0.967053	  0.975236
      0.41	  0.967053	  0.975236
      0.42	  0.967053	  0.975236
      0.43	  0.967053	  0.975236
      0.44	  0.967053	  0.975236
      0.45	  0.967053	  0.975236
      0.46	  0.967053	  0.975236
      0.47	  0.967053	  0.975236
      0.48	  0.967053	  0.975236
      0.49	  0.967053	  0.975236
       0.5	  0.967053	  0.975236
      0.51	  0.967053	  0.975236
      0.52	  0.967053	  0.975236
      0.53	  0.967053	  0.975236
      0.54	  0.967053	  0.975236
      0.55	  0.967054	  0.975236
      0.56	  0.967054	  0.975236
      0.57	  0.967054	  0.975236
      0.58	  0.967054	  0.975236
      0.59	  0.967054	  0.975236
       0.6	  0.967054	  0.975236
      0.61	  0.967054	  0.975236
      0.62	  0.967054	  0.975236
      0.63	  0.967054	  0.975236
      0.64	  0.967054	  0.975236
      0.65	  0.967054	  0.975236
      0.66	  0.967054	  0.975236
      0.67	  0.967054	  0.975236
      0.68	  0.967054	  0.975236
      0.69	  0.967054	  0.975236
       0.7	  0.967054	  0.975236
      0.71	  0.967054	  0.975236
      0.72	  0.967054	  0.975236
      0.73	  0.967054	  0.975236
      0.74	  0.967055	  0.975236
      0.75	  0.967055	  0.975236
      0.76	  0.967055	  0.975236
      0.77	  0.967055	  0.975236
      0.78	  0.967055	  0.975236
      0.79	  0.967055	  0.975236
       0.8	  0.967055	  0.975236
      0.81	  0.967055	  0.975236
      0.82	  0.967055	  0.975236
      0.83	  0.967055	  0.975236
      0.84	  0.967055	  0.975236
      0.85	  0.967055	  0.975236
      0.86	  0.967055	  0.975236
      0.87	  0.967055	  0.975236
      0.88	  0.967055	  0.975236
      0.89	  0.967055	  0.975236
       0.9	  0.967055	  0.975236
      0.91	  0.967055	  0.975236
      0.92	  0.967055	  0.975236
      0.93	  0.967056	  0.975236
      0.94	  0.967056	  0.975236
      0.95	  0.967056	  0.975236
      0.96	  0.967056	  0.975236
      0.97	  0.967056	  0.975236
      0.98	  0.967056	  0.975236
      0.99	  0.967056	  0.975236
         1	  0.967056	  0.975236
      1.01	  0.967056	  0.972978
      1.02	  0.967066	  0.970351
      1.03	  0.967075	  0.968011
      1.04	  0.967099	  0.966121
      1.05	  0.967122	  0.964463
      1.06	  0.967156	    0.9632
      1.07	  0.967206	  0.962171
      1.08	  0.967257	  0.961194
      1.09	  0.967325	  0.960623
       1.1	  0.967393	  0.960104
      1.11	  0.967474	  0.959546
      1.12	  0.967568	  0.959345
      1.13	  0.967663	  0.959144
      1.14	  0.967771	   0.95878
      1.15	  0.967894	  0.958634
      1.16	  0.968017	  0.958543
      1.17	  0.968155	  0.960922
      1.18	  0.968294	  0.960753
      1.19	  0.968434	  0.960727
       1.2	  0.968573	  0.960725
      1.21	  0.968713	  0.961097
      1.22	  0.968851	  0.960933
      1.23	  0.968988	  0.960768
      1.24	  0.969126	  0.960691
      1.25	  0.969256	  0.960797
      1.26	  0.969386	  0.960936
      1.27	  0.969516	  0.961105
      1.28	  0.969636	  0.961283
      1.29	  0.969757	  0.961472
       1.3	  0.969878	  0.961687
      1.31	  0.969988	  0.962053
      1.32	  0.970097	   0.96242
      1.33	  0.970207	   0.96288
      1.34	  0.970309	  0.963464
      1.35	  0.970412	  0.964027
      1.36	  0.970505	  0.964503
      1.37	  0.970599	  0.964959
      1.38	   0.97068	  0.965325
      1.39	  0.970761	   0.96569
       1.4	  0.970842	  0.966123
      1.41	  0.970912	  0.966621
      1.42	  0.970982	  0.967119
      1.43	  0.971053	  0.967562
      1.44	  0.971117	  0.968004
      1.45	   0.97117	   0.96833
      1.46	  0.971224	  0.968644
      1.47	  0.971277	  0.968958
      1.48	   0.97132	  0.969264
      1.49	  0.971362	   0.96957
       1.5	  0.971405	  0.969776
      1.51	  0.971439	  0.969964
      1.52	  0.971472	  0.970152
      1.53	  0.971506	  0.970406
      1.54	   0.97154	   0.97066
      1.55	  0.971564	  0.970882
      1.56	  0.971589	   0.97109
      1.57	  0.971613	  0.971134
      1.58	  0.971633	  0.971177
      1.59	  0.971653	  0.971152
       1.6	  0.971672	  0.971001
      1.61	  0.971686	  0.970902
      1.62	  0.971699	  0.970826
      1.63	  0.971713	  0.970751
      1.64	  0.971722	  0.970689
      1.65	   0.97173	  0.970627
      1.66	  0.971739	  0.970565
      1.67	  0.971748	  0.970503
      1.68	  0.971757	  0.970441
      1.69	  0.971765	  0.970378
       1.7	  0.971774	  0.970316
      1.71	  0.971782	  0.970253
      1.72	   0.97179	  0.970195
      1.73	  0.971798	  0.970137
      1.74	  0.971805	  0.970079
      1.75	  0.971813	  0.970021
      1.76	  0.971821	  0.969992
      1.77	  0.971829	  0.969963
      1.78	  0.971837	  0.969939
      1.79	  0.971845	  0.969914
       1.8	  0.971853	   0.96989
      1.81	  0.971861	  0.969887
      1.82	  0.971868	  0.969883
      1.83	  0.971876	  0.969884
      1.84	  0.971884	  0.969884
      1.85	  0.971892	  0.969884
      1.86	    0.9719	    0.9699
      1.87	  0.971908	  0.969916
      1.88	  0.971916	  0.969936
      1.89	  0.971923	  0.969956
       1.9	  0.971931	  0.969976
      1.91	   0.97194	  0.969996
      1.92	  0.971949	  0.970016
      1.93	  0.971958	  0.970038
      1.94	  0.971967	   0.97006
      1.95	  0.971975	  0.970082
      1.96	  0.971984	  0.970104
      1.97	  0.971993	  0.970122
      1.98	  0.972002	  0.970139
      1.99	  0.972011	  0.970157
         2	   0.97202	  0.970175
      2.01	  0.972028	  0.970193
      2.02	  0.972037	  0.970217
      2.03	  0.972046	  0.970241
      2.04	  0.972055	  0.970265
      2.05	  0.972064	  0.970289
      2.06	  0.972073	  0.970313
      2.07	  0.972081	  0.970343
      2.08	   0.97209	  0.970373
      2.09	  0.972099	  0.970403
       2.1	  0.972108	  0.970433
      2.11	  0.972117	  0.970482
      2.12	  0.972126	   0.97053
      2.13	  0.972134	  0.970583
      2.14	  0.972143	  0.970635
      2.15	  0.972152	  0.970688
      2.16	  0.972161	   0.97074
      2.17	   0.97217	  0.970798
      2.18	  0.972179	  0.970855
      2.19	  0.972187	  0.970913
       2.2	  0.972196	   0.97097
      2.21	  0.972205	  0.971028
      2.22	  0.972214	  0.971085
      2.23	  0.972223	  0.971142
      2.24	  0.972232	    0.9712
      2.25	   0.97224	  0.971257
      2.26	  0.972247	  0.971315
      2.27	  0.972253	  0.971372
      2.28	   0.97226	   0.97143
      2.29	  0.972266	  0.971487
       2.3	  0.972273	  0.971544
      2.31	  0.972279	  0.971602
      2.32	  0.972286	  0.971659
      2.33	  0.972292	  0.971717
      2.34	  0.972299	  0.971774
      2.35	  0.972305	  0.971832
      2.36	  0.972311	  0.971889
      2.37	  0.972318	  0.971946
      2.38	  0.972324	  0.972004
      2.39	  0.972329	  0.972061
       2.4	  0.972334	  0.972119
      2.41	  0.972339	  0.972176
      2.42	  0.972344	  0.972234
      2.43	  0.972349	  0.972291
      2.44	  0.972354	  0.972344
      2.45	  0.972359	  0.972397
      2.46	  0.972364	  0.972451
      2.47	  0.972369	  0.972496
      2.48	  0.972374	  0.972542
      2.49	  0.972379	  0.972587
       2.5	  0.972384	  0.972633
      2.51	  0.972387	  0.972679
      2.52	  0.972391	  0.972724
      2.53	  0.972394	  0.972766
      2.54	  0.972397	  0.972808
      2.55	  0.972401	   0.97285
      2.56	  0.972404	  0.972891
      2.57	  0.972408	  0.972933
      2.58	  0.972411	  0.972975
      2.59	  0.972415	  0.973016
       2.6	  0.972418	  0.973058
      2.61	  0.972422	  0.973097
      2.62	  0.972425	  0.973136
      2.63	  0.972428	  0.973175
      2.64	  0.972432	  0.973214
      2.65	  0.972435	  0.973253
      2.66	  0.972438	  0.973292
      2.67	   0.97244	  0.973331
      2.68	  0.972442	   0.97337
      2.69	  0.972444	  0.973409
       2.7	  0.972446	  0.973446
      2.71	  0.972448	  0.973484
      2.72	   0.97245	  0.973521
      2.73	  0.972453	  0.973559
      2.74	  0.972455	  0.973596
      2.75	  0.972457	  0.973633
      2.76	  0.972459	  0.973671
      2.77	  0.972461	  0.973708
      2.78	  0.972463	  0.973746
      2.79	  0.972465	  0.973783
       2.8	  0.972468	  0.973821
      2.81	   0.97247	  0.973858
      2.82	  0.972472	  0.973896
      2.83	  0.972474	  0.973933
      2.84	  0.972475	  0.973971
      2.85	  0.972476	  0.974005
      2.86	  0.972478	  0.974039
      2.87	  0.972479	  0.974073
      2.88	   0.97248	  0.974107
      2.89	  0.972481	  0.974138
       2.9	  0.972483	   0.97417
      2.91	  0.972484	  0.974201
      2.92	  0.972485	  0.974232
      2.93	  0.972486	  0.974263
      2.94	  0.972487	  0.974291
      2.95	  0.972489	  0.974319
      2.96	   0.97249	  0.974347
      2.97	  0.972491	  0.974375
      2.98	  0.972492	  0.974403
      2.99	  0.972493	  0.974428
         3	  0.972495	  0.974452
      3.01	  0.972496	  0.974477
      3.02	  0.972497	  0.974502
      3.03	  0.972498	  0.974527
      3.04	    0.9725	  0.974549
      3.05	  0.972501	  0.974571
      3.06	  0.972501	  0.974593
      3.07	  0.972502	  0.974615
      3.08	  0.972502	  0.974637
      3.09	  0.972503	  0.974657
       3.1	  0.972503	  0.974676
      3.11	  0.972504	  0.974695
      3.12	  0.972504	  0.974715
      3.13	  0.972505	  0.974734
      3.14	  0.972505	  0.974754
      3.15	  0.972506	  0.974773
      3.16	  0.972506	   0.97479
      3.17	  0.972507	  0.974806
      3.18	  0.972507	  0.974823
      3.19	  0.972508	  0.974839
       3.2	  0.972508	  0.974856
      3.21	  0.972509	  0.974872
      3.22	  0.972509	  0.974889
      3.23	   0.97251	  0.974905
      3.24	   0.97251	  0.974919
      3.25	   0.97251	  0.974934
      3.26	  0.972511	  0.974948
      3.27	  0.972511	  0.974962
      3.28	  0.972512	  0.974976
      3.29	  0.972512	   0.97499
       3.3	  0.972513	  0.975004
      3.31	  0.972513	  0.975019
      3.32	  0.972514	  0.975031
      3.33	  0.972514	  0.975043
      3.34	  0.972515	  0.975055
      3.35	  0.972515	  0.975067
      3.36	  0.972515	  0.975079
      3.37	  0.972515	  0.975091
      3.38	  0.972515	  0.975103
      3.39	  0.972515	  0.975115
       3.4	  0.972515	  0.975127
      3.41	  0.972515	  0.975139
      3.42	  0.972515	  0.975151
      3.43	  0.972514	  0.975161
      3.44	  0.972514	   0.97517
      3.45	  0.972514	   0.97518
      3.46	  0.972514	   0.97519
      3.47	  0.972514	  0.975199
      3.48	  0.972514	  0.975209
      3.49	  0.972514	  0.975219
       3.5	  0.972514	  0.975228
      3.51	  0.972514	  0.975238
      3.52	  0.972514	  0.975245
      3.53	  0.972514	  0.975252
      3.54	  0.972514	  0.975259
      3.55	  0.972514	  0.975265
      3.56	  0.972514	  0.975272
      3.57	  0.972514	  0.975279
      3.58	  0.972514	  0.975286
      3.59	  0.972514	  0.975293
       3.6	  0.972514	    0.9753
      3.61	  0.972514	  0.975307
      3.62	  0.972514	  0.975311
      3.63	  0.972514	  0.975315
      3.64	  0.972514	  0.975319
      3.65	  0.972513	  0.975323
      3.66	  0.972513	  0.975327
      3.67	  0.972513	  0.975331
      3.68	  0.972513	  0.975336
      3.69	  0.972513	   0.97534
       3.7	  0.972513	  0.975344
      3.71	  0.972513	  0.975345
      3.72	  0.972513	  0.975346
      3.73	  0.972513	  0.975348
      3.74	  0.972513	  0.975349
      3.75	  0.972513	  0.975351
      3.76	  0.972513	  0.975352
      3.77	  0.972513	  0.975353
      3.78	  0.972513	  0.975355
      3.79	  0.972513	  0.975356
       3.8	  0.972513	  0.975356
      3.81	  0.972513	  0.975355
      3.82	  0.972513	  0.975355
      3.83	  0.972513	  0.975354
      3.84	  0.972513	  0.975353
      3.85	  0.972513	  0.975353
      3.86	  0.972513	  0.975352
      3.87	  0.972513	   0.97535
      3.88	  0.972513	  0.975347
      3.89	  0.972513	  0.975345
       3.9	  0.972513	  0.975342
      3.91	  0.972513	  0.975339
      3.92	  0.972513	  0.975337
      3.93	  0.972513	  0.975334
      3.94	  0.972513	  0.975332
      3.95	  0.972513	  0.975329
      3.96	  0.972513	  0.975326
      3.97	  0.972513	  0.975324
      3.98	  0.972513	  0.975319
      3.99	  0.972513	  0.975314
         4	  0.972514	  0.975309
      4.01	  0.972514	  0.975305
      4.02	  0.972514	    0.9753
      4.03	  0.972514	  0.975295
      4.04	  0.972514	   0.97529
      4.05	  0.972514	  0.975285
      4.06	  0.972514	  0.975281
      4.07	  0.972514	  0.975276
      4.08	  0.972514	  0.975271
      4.09	  0.972514	  0.975266
       4.1	  0.972514	  0.975261
      4.11	  0.972514	  0.975255
      4.12	  0.972514	  0.975249
      4.13	  0.972514	  0.975243
      4.14	  0.972514	  0.975236
      4.15	  0.972514	   0.97523
      4.16	  0.972514	  0.975224
      4.17	  0.972514	  0.975218
      4.18	  0.972514	  0.975212
      4.19	  0.972514	  0.975205
       4.2	  0.972514	  0.975199
      4.21	  0.972514	  0.975193
      4.22	  0.972514	  0.975187
      4.23	  0.972514	   0.97518
      4.24	  0.972514	  0.975174
      4.25	  0.972514	  0.975168
      4.26	  0.972514	  0.975162
      4.27	  0.972514	  0.975155
      4.28	  0.972514	  0.975149
      4.29	  0.972514	  0.975143
       4.3	  0.972514	  0.975137
      4.31	  0.972514	  0.975131
      4.32	  0.972514	  0.975124
      4.33	  0.972514	  0.975118
      4.34	  0.972514	  0.975112
      4.35	  0.972515	  0.975106
      4.36	  0.972515	    0.9751
      4.37	  0.972515	  0.975094
      4.38	  0.972515	  0.975087
      4.39	  0.972515	  0.975081
       4.4	  0.972516	  0.975075
      4.41	  0.972516	  0.975069
      4.42	  0.972516	  0.975063
      4.43	  0.972516	  0.975056
      4.44	  0.972516	   0.97505
      4.45	  0.972517	  0.975044
      4.46	  0.972517	  0.975038
      4.47	  0.972517	  0.975032
      4.48	  0.972517	  0.975026
      4.49	  0.972517	  0.975019
       4.5	  0.972517	  0.975013
      4.51	  0.972518	  0.975007
      4.52	  0.972518	  0.975002
      4.53	  0.972518	  0.974998
      4.54	  0.972518	  0.974993
      4.55	  0.972518	  0.974989
      4.56	  0.972519	  0.974984
      4.57	  0.972519	   0.97498
      4.58	  0.972519	  0.974975
      4.59	  0.972519	  0.974971
       4.6	  0.972519	  0.974966
      4.61	   0.97252	  0.974961
      4.62	   0.97252	  0.974957
      4.63	   0.97252	  0.974952
      4.64	   0.97252	  0.974948
      4.65	   0.97252	  0.974943
      4.66	   0.97252	   0.97494
      4.67	  0.972521	  0.974937
      4.68	  0.972521	  0.974934
      4.69	  0.972521	  0.974931
       4.7	  0.972521	  0.974928
      4.71	  0.972521	  0.974925
      4.72	  0.972522	  0.974922
      4.73	  0.972522	  0.974919
      4.74	  0.972522	  0.974916
      4.75	  0.972522	  0.974913
      4.76	  0.972522	   0.97491
      4.77	  0.972523	  0.974907
      4.78	  0.972523	  0.974904
      4.79	  0.972523	  0.974901
       4.8	  0.972523	  0.974898
      4.81	  0.972523	  0.974894
      4.82	  0.972523	  0.974893
      4.83	  0.972524	  0.974891
      4.84	  0.972524	  0.974889
      4.85	  0.972524	  0.974887
      4.86	  0.972524	  0.974885
      4.87	  0.972524	  0.974883
      4.88	  0.972525	  0.974882
      4.89	  0.972525	   0.97488
       4.9	  0.972525	  0.974878
      4.91	  0.972525	  0.974876
      4.92	  0.972525	  0.974874
      4.93	  0.972526	  0.974872
      4.94	  0.972526	   0.97487
      4.95	  0.972526	  0.974869
      4.96	  0.972526	  0.974867
      4.97	  0.972526	  0.974865
      4.98	  0.972526	  0.974863
      4.99	  0.972527	  0.974861
         5	  0.972527	  0.974859
      5.01	  0.972527	  0.974858
      5.02	  0.972527	  0.974856
      5.03	  0.972527	  0.974855
      5.04	  0.972528	  0.974854
      5.05	  0.972528	  0.974853
      5.06	  0.972528	  0.974852
      5.07	  0.972528	  0.974851
      5.08	  0.972528	   0.97485
      5.09	  0.972528	  0.974849
       5.1	  0.972529	  0.974848
      5.11	  0.972529	  0.974847
      5.12	  0.972529	  0.974846
      5.13	  0.972529	  0.974845
      5.14	  0.972529	  0.974844
      5.15	   0.97253	  0.974843
      5.16	   0.97253	  0.974842
      5.17	   0.97253	  0.974841
      5.18	   0.97253	   0.97484
      5.19	   0.97253	  0.974839
       5.2	  0.972531	  0.974838
      5.21	  0.972531	  0.974837
      5.22	  0.972531	  0.974836
      5.23	  0.972531	  0.974835
      5.24	  0.972531	  0.974834
      5.25	  0.972531	  0.974833
      5.26	  0.972532	  0.974832
      5.27	  0.972532	  0.974831
      5.28	  0.972532	   0.97483
      5.29	  0.972532	  0.974829
       5.3	  0.972532	  0.974828
      5.31	  0.972533	  0.974827
      5.32	  0.972533	  0.974827
      5.33	  0.972533	  0.974826
      5.34	  0.972533	  0.974825
      5.35	  0.972533	  0.974825
      5.36	  0.972534	  0.974824
      5.37	  0.972534	  0.974824
      5.38	  0.972534	  0.974823
      5.39	  0.972534	  0.974823
       5.4	  0.972534	  0.974822
      5.41	  0.972534	  0.974822
      5.42	  0.972535	  0.974821
      5.43	  0.972535	  0.974821
      5.44	  0.972535	   0.97482
      5.45	  0.972535	   0.97482
      5.46	  0.972535	  0.974819
      5.47	  0.972536	  0.974819
      5.48	  0.972536	  0.974818
      5.49	  0.972536	  0.974818
       5.5	  0.972536	  0.974817
      5.51	  0.972536	  0.974817
      5.52	  0.972537	  0.974816
      5.53	  0.972537	  0.974816
      5.54	  0.972537	  0.974815
      5.55	  0.972537	  0.974815
      5.56	  0.972537	  0.974814
      5.57	  0.972537	  0.974814
      5.58	  0.972538	  0.974813
      5.59	  0.972538	  0.974813
       5.6	  0.972538	  0.974812
      5.61	  0.972538	  0.974812
      5.62	  0.972538	  0.974811
      5.63	  0.972539	  0.974811
      5.64	  0.972539	   0.97481
      5.65	  0.972539	   0.97481
      5.66	  0.972539	  0.974809
      5.67	  0.972539	  0.974809
      5.68	   0.97254	  0.974808
      5.69	   0.97254	  0.974808
       5.7	   0.97254	  0.974807
      5.71	   0.97254	  0.974807
      5.72	   0.97254	  0.974806
      5.73	   0.97254	  0.974806
      5.74	  0.972541	  0.974805
      5.75	  0.972541	  0.974805
      5.76	  0.972541	  0.974804
      5.77	  0.972541	  0.974804
      5.78	  0.972541	  0.974803
      5.79	  0.972542	  0.974803
       5.8	  0.972542	  0.974802
      5.81	  0.972542	  0.974802
      5.82	  0.972542	  0.974802
      5.83	  0.972542	  0.974801
      5.84	  0.972542	  0.974801
      5.85	  0.972543	  0.974801
      5.86	  0.972543	  0.974801
      5.87	  0.972543	    0.9748
      5.88	  0.972543	    0.9748
      5.89	  0.972543	    0.9748
       5.9	  0.972544	  0.974799
      5.91	  0.972544	  0.974799
      5.92	  0.972544	  0.974799
      5.93	  0.972544	  0.974799
      5.94	  0.972544	  0.974798
      5.95	  0.972545	  0.974798
      5.96	  0.972545	  0.974798
      5.97	  0.972545	  0.974797
      5.98	  0.972545	  0.974797
      5.99	  0.972545	  0.974797
         6	  0.972545	  0.974797
      6.01	  0.972546	  0.974796
      6.02	  0.972546	  0.974796
      6.03	  0.972546	  0.974796
      6.04	  0.972546	  0.974795
      6.05	  0.972546	  0.974795
      6.06	  0.972547	  0.974795
      6.07	  0.972547	  0.974795
      6.08	  0.972547	  0.974794
      6.09	  0.972547	  0.974794
       6.1	  0.972547	  0.974794
      6.11	  0.972548	  0.974793
      6.12	  0.972548	  0.974793
      6.13	  0.972548	  0.974793
      6.14	  0.972548	  0.974793
      6.15	  0.972548	  0.974792
      6.16	  0.972548	  0.974792
      6.17	  0.972548	  0.974792
      6.18	  0.972548	  0.974791
      6.19	  0.972548	  0.974791
       6.2	  0.972548	  0.974791
      6.21	  0.972548	  0.974791
      6.22	  0.972548	   0.97479
      6.23	  0.972548	   0.97479
      6.24	  0.972548	   0.97479
      6.25	  0.972548	  0.974789
      6.26	  0.972548	  0.974789
      6.27	  0.972549	  0.974789
      6.28	  0.972549	  0.974789
      6.29	  0.972549	  0.974788
       6.3	  0.972549	  0.974788
      6.31	  0.972549	  0.974788
      6.32	  0.972549	  0.974787
      6.33	  0.972549	  0.974787
      6.34	  0.972549	  0.974787
      6.35	  0.972549	  0.974787
      6.36	  0.972549	  0.974786
      6.37	  0.972549	  0.974786
      6.38	  0.972549	  0.974786
      6.39	  0.972549	  0.974785
       6.4	  0.972549	  0.974785
      6.41	  0.972549	  0.974785
      6.42	  0.972549	  0.974785
      6.43	  0.972549	  0.974784
      6.44	  0.972549	  0.974784
      6.45	  0.972549	  0.974784
      6.46	  0.972549	  0.974783
      6.47	  0.972549	  0.974783
      6.48	  0.972549	  0.974783
      6.49	  0.972549	  0.974783
       6.5	  0.972549	  0.974782
      6.51	  0.972549	  0.974782
      6.52	  0.972549	  0.974782
      6.53	  0.972549	  0.974781
      6.54	  0.972549	  0.974781
      6.55	  0.972549	  0.974781
      6.56	  0.972549	  0.974781
      6.57	  0.972549	   0.97478
      6.58	  0.972549	   0.97478
      6.59	  0.972549	   0.97478
       6.6	   0.97255	  0.974779
      6.61	   0.97255	  0.974779
      6.62	   0.97255	  0.974779
      6.63	   0.97255	  0.974779
      6.64	   0.97255	  0.974778
      6.65	   0.97255	  0.974778
      6.66	   0.97255	  0.974778
      6.67	   0.97255	  0.974777
      6.68	   0.97255	  0.974777
      6.69	   0.97255	  0.974777
       6.7	   0.97255	  0.974777
      6.71	   0.97255	  0.974776
      6.72	   0.97255	  0.974776
      6.73	   0.97255	  0.974776
      6.74	   0.97255	  0.974775
      6.75	   0.97255	  0.974775
      6.76	   0.97255	  0.974775
      6.77	   0.97255	  0.974775
      6.78	   0.97255	  0.974774
      6.79	   0.97255	  0.974774
       6.8	   0.97255	  0.974774
      6.81	   0.97255	  0.974774
      6.82	   0.97255	  0.974773
      6.83	   0.97255	  0.974773
      6.84	   0.97255	  0.974773
      6.85	   0.97255	  0.974773
      6.86	   0.97255	  0.974773
      6.87	   0.97255	  0.974773
      6.88	   0.97255	  0.974772
      6.89	   0.97255	  0.974772
       6.9	   0.97255	  0.974772
      6.91	   0.97255	  0.974772
      6.92	  0.972551	  0.974772
      6.93	  0.972551	  0.974772
      6.94	  0.972551	  0.974772
      6.95	  0.972551	  0.974771
      6.96	  0.972551	  0.974771
      6.97	  0.972551	  0.974771
      6.98	  0.972551	  0.974771
      6.99	  0.972551	  0.974771
         7	  0.972551	  0.974771
      7.01	  0.972551	  0.974771
      7.02	  0.972551	   0.97477
      7.03	  0.972551	   0.97477
      7.04	  0.972551	   0.97477
      7.05	  0.972551	   0.97477
      7.06	  0.972551	   0.97477
      7.07	  0.972551	   0.97477
      7.08	  0.972551	  0.974769
      7.09	  0.972551	  0.974769
       7.1	  0.972551	  0.974769
      7.11	  0.972551	  0.974769
      7.12	  0.972551	  0.974769
      7.13	  0.972551	  0.974769
      7.14	  0.972551	  0.974769
      7.15	  0.972551	  0.974768
      7.16	  0.972551	  0.974768
      7.17	  0.972551	  0.974768
      7.18	  0.972551	  0.974768
      7.19	  0.972551	  0.974768
       7.2	  0.972551	  0.974768
      7.21	  0.972551	  0.974767
      7.22	  0.972551	  0.974767
      7.23	  0.972551	  0.974767
      7.24	  0.972551	  0.974767
      7.25	  0.972552	  0.974767
      7.26	  0.972552	  0.974767
      7.27	  0.972552	  0.974767
      7.28	  0.972552	  0.974766
      7.29	  0.972552	  0.974766
       7.3	  0.972552	  0.974766
      7.31	  0.972552	  0.974766
      7.32	  0.972552	  0.974766
      7.33	  0.972552	  0.974766
      7.34	  0.972552	  0.974766
      7.35	  0.972552	  0.974765
      7.36	  0.972552	  0.974765
      7.37	  0.972552	  0.974765
      7.38	  0.972552	  0.974765
      7.39	  0.972552	  0.974765
       7.4	  0.972552	  0.974765
      7.41	  0.972552	  0.974764
      7.42	  0.972552	  0.974764
      7.43	  0.972552	  0.974764
      7.44	  0.972552	  0.974764
      7.45	  0.972552	  0.974764
      7.46	  0.972552	  0.974764
      7.47	  0.972552	  0.974764
      7.48	  0.972552	  0.974763
      7.49	  0.972552	  0.974763
       7.5	  0.972552	  0.974763
      7.51	  0.972552	  0.974763
      7.52	  0.972552	  0.974763
      7.53	  0.972552	  0.974763
      7.54	  0.972552	  0.974763
      7.55	  0.972552	  0.974762
      7.56	  0.972552	  0.974762
      7.57	  0.972553	  0.974762
      7.58	  0.972553	  0.974762
      7.59	  0.972553	  0.974762
       7.6	  0.972553	  0.974762
      7.61	  0.972553	  0.974761
      7.62	  0.972553	  0.974761
      7.63	  0.972553	  0.974761
      7.64	  0.972553	  0.974761
      7.65	  0.972553	  0.974761
      7.66	  0.972553	  0.974761
      7.67	  0.972553	  0.974761
      7.68	  0.972553	   0.97476
      7.69	  0.972553	   0.97476
       7.7	  0.972553	   0.97476
      7.71	  0.972553	   0.97476
      7.72	  0.972553	   0.97476
      7.73	  0.972553	   0.97476
      7.74	  0.972553	  0.974759
      7.75	  0.972553	  0.974759
      7.76	  0.972553	  0.974759
      7.77	  0.972553	  0.974759
      7.78	  0.972553	  0.974759
      7.79	  0.972553	  0.974759
       7.8	  0.972553	  0.974759
      7.81	  0.972553	  0.974758
      7.82	  0.972553	  0.974758
      7.83	  0.972553	  0.974758
      7.84	  0.972553	  0.974758
      7.85	  0.972553	  0.974758
      7.86	  0.972553	  0.974758
      7.87	  0.972553	  0.974758
      7.88	  0.972553	  0.974757
      7.89	  0.972554	  0.974757
       7.9	  0.972554	  0.974757
      7.91	  0.972554	  0.974757
      7.92	  0.972554	  0.974757
      7.93	  0.972554	  0.974757
      7.94	  0.972554	  0.974756
      7.95	  0.972554	  0.974756
      7.96	  0.972554	  0.974756
      7.97	  0.972554	  0.974756
      7.98	  0.972554	  0.974756
      7.99	  0.972554	  0.974756
         8	  0.972554	  0.974756
      8.01	  0.972554	  0.974755
      8.02	  0.972554	  0.974755
      8.03	  0.972554	  0.974755
      8.04	  0.972554	  0.974755
      8.05	  0.972554	  0.974755
      8.06	  0.972554	  0.974755
      8.07	  0.972554	  0.974754
      8.08	  0.972554	  0.974754
      8.09	  0.972554	  0.974754
       8.1	  0.972554	  0.974754
      8.11	  0.972554	  0.974754
      8.12	  0.972554	  0.974754
      8.13	  0.972554	  0.974754
      8.14	  0.972554	  0.974753
      8.15	  0.972554	  0.974753
      8.16	  0.972554	  0.974753
      8.17	  0.972554	  0.974753
      8.18	  0.972554	  0.974753
      8.19	  0.972554	  0.974753
       8.2	  0.972554	  0.974753
      8.21	  0.972554	  0.974753
      8.22	  0.972555	  0.974752
      8.23	  0.972555	  0.974752
      8.24	  0.972555	  0.974752
      8.25	  0.972555	  0.974752
      8.26	  0.972555	  0.974752
      8.27	  0.972555	  0.974752
      8.28	  0.972555	  0.974752
      8.29	  0.972555	  0.974752
       8.3	  0.972555	  0.974752
      8.31	  0.972555	  0.974752
      8.32	  0.972555	  0.974752
      8.33	  0.972555	  0.974751
      8.34	  0.972555	  0.974751
      8.35	  0.972555	  0.974751
      8.36	  0.972555	  0.974751
      8.37	  0.972555	  0.974751
      8.38	  0.972555	  0.974751
      8.39	  0.972555	  0.974751
       8.4	  0.972555	  0.974751
      8.41	  0.972555	  0.974751
      8.42	  0.972555	  0.974751
      8.43	  0.972555	  0.974751
      8.44	  0.972555	  0.974751
      8.45	  0.972555	   0.97475
      8.46	  0.972555	   0.97475
      8.47	  0.972555	   0.97475
      8.48	  0.972555	   0.97475
      8.49	  0.972555	   0.97475
       8.5	  0.972555	   0.97475
      8.51	  0.972555	   0.97475
      8.52	  0.972555	   0.97475
      8.53	  0.972555	   0.97475
      8.54	  0.972555	   0.97475
      8.55	  0.972555	   0.97475
      8.56	  0.972555	  0.974749
      8.57	  0.972555	  0.974749
      8.58	  0.972555	  0.974749
      8.59	  0.972555	  0.974749
       8.6	  0.972555	  0.974749
      8.61	  0.972555	  0.974749
      8.62	  0.972555	  0.974749
      8.63	  0.972555	  0.974749
      8.64	  0.972555	  0.974749
      8.65	  0.972555	  0.974749
      8.66	  0.972555	  0.974749
      8.67	  0.972555	  0.974748
      8.68	  0.972555	  0.974748
      8.69	  0.972555	  0.974748
       8.7	  0.972555	  0.974748
      8.71	  0.972555	  0.974748
      8.72	  0.972555	  0.974748
      8.73	  0.972555	  0.974748
      8.74	  0.972556	  0.974748
      8.75	  0.972556	  0.974748
      8.76	  0.972556	  0.974748
      8.77	  0.972556	  0.974748
      8.78	  0.972556	  0.974747
      8.79	  0.972556	  0.974747
       8.8	  0.972556	  0.974747
      8.81	  0.972556	  0.974747
      8.82	  0.972556	  0.974747
      8.83	  0.972556	  0.974747
      8.84	  0.972556	  0.974747
      8.85	  0.972556	  0.974747
      8.86	  0.972556	  0.974747
      8.87	  0.972556	  0.974747
      8.88	  0.972556	  0.974747
      8.89	  0.972556	  0.974747
       8.9	  0.972556	  0.974746
      8.91	  0.972556	  0.974746
      8.92	  0.972556	  0.974746
      8.93	  0.972556	  0.974746
      8.94	  0.972556	  0.974746
      8.95	  0.972556	  0.974746
      8.96	  0.972556	  0.974746
      8.97	  0.972556	  0.974746
      8.98	  0.972556	  0.974746
      8.99	  0.972556	  0.974746
         9	  0.972556	  0.974746
      9.01	  0.972556	  0.974745
      9.02	  0.972556	  0.974745
      9.03	  0.972556	  0.974745
      9.04	  0.972556	  0.974745
      9.05	  0.972556	  0.974745
      9.06	  0.972556	  0.974745
      9.07	  0.972556	  0.974745
      9.08	  0.972556	  0.974745
      9.09	  0.972556	  0.974745
       9.1	  0.972556	  0.974745
      9.11	  0.972556	  0.974745
      9.12	  0.972556	  0.974744
      9.13	  0.972556	  0.974744
      9.14	  0.972556	  0.974744
      9.15	  0.972556	  0.974744
      9.16	  0.972556	  0.974744
      9.17	  0.972556	  0.974744
      9.18	  0.972556	  0.974744
      9.19	  0.972556	  0.974744
       9.2	  0.972556	  0.974744
      9.21	  0.972556	  0.974744
      9.22	  0.972556	  0.974744
      9.23	  0.972556	  0.974743
      9.24	  0.972556	  0.974743
      9.25	  0.972556	  0.974743
      9.26	  0.972556	  0.974743
      9.27	  0.972556	  0.974743
      9.28	  0.972556	  0.974743
      9.29	  0.972556	  0.974743
       9.3	  0.972556	  0.974743
      9.31	  0.972556	  0.974743
      9.32	  0.972556	  0.974743
      9.33	  0.972556	  0.974743
      9.34	  0.972556	  0.974742
      9.35	  0.972556	  0.974742
      9.36	  0.972556	  0.974742
      9.37	  0.972556	  0.974742
      9.38	  0.972556	  0.974742
      9.39	  0.972556	  0.974742
       9.4	  0.972556	  0.974742
      9.41	  0.972556	  0.974742
      9.42	  0.972556	  0.974742
      9.43	  0.972556	  0.974742
      9.44	  0.972556	  0.974742
      9.45	  0.972556	  0.974742
      9.46	  0.972556	  0.974741
      9.47	  0.972556	  0.974741
      9.48	  0.972556	  0.974741
      9.49	  0.972556	  0.974741
       9.5	  0.972556	  0.974741
      9.51	  0.972556	  0.974741
      9.52	  0.972556	  0.974741
      9.53	  0.972556	  0.974741
      9.54	  0.972556	  0.974741
      9.55	  0.972556	  0.974741
      9.56	  0.972556	  0.974741
      9.57	  0.972556	   0.97474
      9.58	  0.972556	   0.97474
      9.59	  0.972556	   0.97474
       9.6	  0.972556	   0.97474
      9.61	  0.972556	   0.97474
      9.62	  0.972556	   0.97474
      9.63	  0.972556	   0.97474
      9.64	  0.972556	   0.97474
      9.65	  0.972556	   0.97474
      9.66	  0.972556	   0.97474
      9.67	  0.972556	   0.97474
      9.68	  0.972557	  0.974739
      9.69	  0.972557	  0.974739
       9.7	  0.972557	  0.974739
      9.71	  0.972557	  0.974739
      9.72	  0.972557	  0.974739
      9.73	  0.972557	  0.974739
      9.74	  0.972557	  0.974739
      9.75	  0.972557	  0.974739
      9.76	  0.972557	  0.974739
      9.77	  0.972557	  0.974739
      9.78	  0.972557	  0.974739
      9.79	  0.972557	  0.974738
       9.8	  0.972557	  0.974738
      9.81	  0.972557	  0.974738
      9.82	  0.972557	  0.974738
      9.83	  0.972557	  0.974738
      9.84	  0.972557	  0.974738
      9.85	  0.972557	  0.974738
      9.86	  0.972557	  0.974738
      9.87	  0.972557	  0.974738
      9.88	  0.972557	  0.974738
      9.89	  0.972557	  0.974738
       9.9	  0.972557	  0.974738
      9.91	  0.972557	  0.974737
      9.92	  0.972557	  0.974737
      9.93	  0.972557	  0.974737
      9.94	  0.972557	  0.974737
      9.95	  0.972557	  0.974737
      9.96	  0.972557	  0.974737
      9.97	  0.972557	  0.974737
      9.98	  0.972557	  0.974737
      9.99	  0.972557	  0.974737
        10	  0.972557	  0.974737
