Time	PV	OP	SP
         0	   25.0002	  -73.7276	   25.0002
      0.01	   25.0002	  -73.7276	   25.0002
      0.02	   25.0002	  -73.7276	   25.0002
      0.03	   25.0002	  -73.7276	   25.0002
      0.04	   25.0002	  -73.7276	   25.0002
      0.05	   25.0002	  -73.7276	   25.0002
      0.06	   25.0002	  -73.7276	   25.0002
      0.07	   25.0002	  -73.7276	   25.0002
      0.08	   25.0002	  -73.7276	   25.0002
      0.09	   25.0002	  -73.7276	   25.0002
       0.1	   25.0002	  -73.7276	   25.0002
      0.11	   25.0002	  -73.7276	   25.0002
      0.12	   25.0002	  -73.7276	   25.0002
      0.13	   25.0002	  -73.7276	   25.0002
      0.14	   25.0002	  -73.7276	   25.0002
      0.15	   25.0002	  -73.7276	   25.0002
      0.16	   25.0002	  -73.7276	   25.0002
      0.17	   25.0002	  -73.7276	   25.0002
      0.18	   25.0002	  -73.7276	   25.0002
      0.19	   25.0002	  -73.7276	   25.0002
       0.2	   25.0002	  -73.7276	   25.0002
      0.21	   25.0002	  -73.7276	   25.0002
      0.22	   25.0002	  -73.7276	   25.0002
      0.23	   25.0002	  -73.7276	   25.0002
      0.24	   25.0002	  -73.7276	   25.0002
      0.25	   25.0002	  -73.7276	   25.0002
      0.26	   25.0002	  -73.7276	   25.0002
      0.27	   25.0002	  -73.7276	   25.0002
      0.28	   25.0002	  -73.7276	   25.0002
      0.29	   25.0002	  -73.7276	   25.0002
       0.3	   25.0002	  -73.7276	   25.0002
      0.31	   25.0002	  -73.7276	   25.0002
      0.32	   25.0002	  -73.7276	   25.0002
      0.33	   25.0002	  -73.7276	   25.0002
      0.34	   25.0002	  -73.7276	   25.0002
      0.35	   25.0002	  -73.7276	   25.0002
      0.36	   25.0002	  -73.7276	   25.0002
      0.37	   25.0002	  -73.7276	   25.0002
      0.38	   25.0002	  -73.7276	   25.0002
      0.39	   25.0002	  -73.7276	   25.0002
       0.4	   25.0002	  -73.7276	   25.0002
      0.41	   25.0002	  -73.7276	   25.0002
      0.42	   25.0002	  -73.7276	   25.0002
      0.43	   25.0002	  -73.7276	   25.0002
      0.44	   25.0002	  -73.7276	   25.0002
      0.45	   25.0002	  -73.7276	   25.0002
      0.46	   25.0002	  -73.7276	   25.0002
      0.47	   25.0002	  -73.7276	   25.0002
      0.48	   25.0002	  -73.7276	   25.0002
      0.49	   25.0002	  -73.7276	   25.0002
       0.5	   25.0002	  -73.7276	   25.0002
      0.51	   25.0002	  -73.7276	   25.0002
      0.52	   25.0002	  -73.7276	   25.0002
      0.53	   25.0002	  -73.7276	   25.0002
      0.54	   25.0002	  -73.7276	   25.0002
      0.55	   25.0002	  -73.7276	   25.0002
      0.56	   25.0002	  -73.7276	   25.0002
      0.57	   25.0002	  -73.7276	   25.0002
      0.58	   25.0002	  -73.7276	   25.0002
      0.59	   25.0002	  -73.7276	   25.0002
       0.6	   25.0002	  -73.7276	   25.0002
      0.61	   25.0002	  -73.7276	   25.0002
      0.62	   25.0002	  -73.7276	   25.0002
      0.63	   25.0002	  -73.7276	   25.0002
      0.64	   25.0002	  -73.7276	   25.0002
      0.65	   25.0002	  -73.7276	   25.0002
      0.66	   25.0002	  -73.7276	   25.0002
      0.67	   25.0002	  -73.7276	   25.0002
      0.68	   25.0002	  -73.7276	   25.0002
      0.69	   25.0002	  -73.7276	   25.0002
       0.7	   25.0002	  -73.7276	   25.0002
      0.71	   25.0002	  -73.7276	   25.0002
      0.72	   25.0002	  -73.7276	   25.0002
      0.73	   25.0002	  -73.7276	   25.0002
      0.74	   25.0002	  -73.7276	   25.0002
      0.75	   25.0002	  -73.7276	   25.0002
      0.76	   25.0002	  -73.7276	   25.0002
      0.77	   25.0002	  -73.7276	   25.0002
      0.78	   25.0002	  -73.7276	   25.0002
      0.79	   25.0002	  -73.7276	   25.0002
       0.8	   25.0002	  -73.7276	   25.0002
      0.81	   25.0002	  -73.7276	   25.0002
      0.82	   25.0002	  -73.7276	   25.0002
      0.83	   25.0002	  -73.7276	   25.0002
      0.84	   25.0002	  -73.7276	   25.0002
      0.85	   25.0002	  -73.7276	   25.0002
      0.86	   25.0002	  -73.7276	   25.0002
      0.87	   25.0002	  -73.7276	   25.0002
      0.88	   25.0002	  -73.7276	   25.0002
      0.89	   25.0002	  -73.7276	   25.0002
       0.9	   25.0002	  -73.7276	   25.0002
      0.91	   25.0002	  -73.7276	   25.0002
      0.92	   25.0002	  -73.7276	   25.0002
      0.93	   25.0002	  -73.7276	   25.0002
      0.94	   25.0002	  -73.7276	   25.0002
      0.95	   25.0002	  -73.7276	   25.0002
      0.96	   25.0002	  -73.7276	   25.0002
      0.97	   25.0002	  -73.7276	   25.0002
      0.98	   25.0002	  -73.7276	   25.0002
      0.99	   25.0002	  -73.7276	   25.0002
         1	   25.0002	  -73.7276	   25.0002
      1.01	   25.0133	  -73.7348	   25.0002
      1.02	   25.0203	  -73.7419	   25.0002
      1.03	   25.0214	   -73.747	   25.0002
      1.04	    25.019	  -73.7496	   25.0002
      1.05	   25.0166	  -73.7523	   25.0002
      1.06	   25.0172	  -73.7562	   25.0002
      1.07	   25.0071	  -73.7513	   25.0002
      1.08	   24.9945	  -73.7446	   25.0002
      1.09	   24.9925	   -73.742	   25.0002
       1.1	   24.9868	  -73.7359	   25.0002
      1.11	   24.9724	  -73.7235	   25.0002
      1.12	   24.9629	   -73.711	   25.0002
      1.13	   24.9513	   -73.695	   25.0002
      1.14	   24.9345	  -73.6735	   25.0002
      1.15	   24.9223	  -73.6509	   25.0002
      1.16	   24.9078	  -73.6237	   25.0002
      1.17	   24.9286	  -73.6101	   25.0002
      1.18	    24.889	  -73.5731	   25.0002
      1.19	   24.8591	  -73.5309	   25.0002
       1.2	   24.8357	  -73.4859	   25.0002
      1.21	   24.8198	  -73.4409	   25.0002
      1.22	   24.8061	  -73.3937	   25.0002
      1.23	   24.7961	  -73.3457	   25.0002
      1.24	   24.7887	  -73.2977	   25.0002
      1.25	   24.7854	  -73.2498	   25.0002
      1.26	   24.7835	  -73.2027	   25.0002
      1.27	   24.7838	  -73.1567	   25.0002
      1.28	   24.7854	  -73.1121	   25.0002
      1.29	   24.7884	   -73.069	   25.0002
       1.3	   24.7918	   -73.026	   25.0002
      1.31	   24.7976	  -72.9871	   25.0002
      1.32	   24.8034	  -72.9483	   25.0002
      1.33	   24.8103	  -72.9116	   25.0002
      1.34	   24.8185	   -72.878	   25.0002
      1.35	   24.8267	  -72.8444	   25.0002
      1.36	   24.8349	  -72.8141	   25.0002
      1.37	   24.8431	  -72.7845	   25.0002
      1.38	   24.8508	  -72.7583	   25.0002
      1.39	   24.8585	  -72.7322	   25.0002
       1.4	   24.8665	  -72.7083	   25.0002
      1.41	   24.8749	  -72.6868	   25.0002
      1.42	   24.8832	  -72.6654	   25.0002
      1.43	   24.8911	  -72.6473	   25.0002
      1.44	    24.899	  -72.6291	   25.0002
      1.45	   24.9058	  -72.6142	   25.0002
      1.46	   24.9125	  -72.5993	   25.0002
      1.47	   24.9191	  -72.5852	   25.0002
      1.48	   24.9254	  -72.5734	   25.0002
      1.49	   24.9316	  -72.5616	   25.0002
       1.5	   24.9365	  -72.5521	   25.0002
      1.51	   24.9415	  -72.5426	   25.0002
      1.52	   24.9464	  -72.5333	   25.0002
      1.53	   24.9512	  -72.5256	   25.0002
      1.54	   24.9561	  -72.5179	   25.0002
      1.55	   24.9599	  -72.5113	   25.0002
      1.56	   24.9633	  -72.5047	   25.0002
      1.57	    24.966	  -72.4993	   25.0002
      1.58	   24.9687	   -72.494	   25.0002
      1.59	   24.9717	  -72.4886	   25.0002
       1.6	   24.9737	   -72.484	   25.0002
      1.61	   24.9755	  -72.4794	   25.0002
      1.62	   24.9768	  -72.4754	   25.0002
      1.63	   24.9782	  -72.4713	   25.0002
      1.64	   24.9789	  -72.4673	   25.0002
      1.65	   24.9797	  -72.4633	   25.0002
      1.66	   24.9804	  -72.4593	   25.0002
      1.67	   24.9806	  -72.4553	   25.0002
      1.68	   24.9808	  -72.4513	   25.0002
      1.69	   24.9809	  -72.4474	   25.0002
       1.7	   24.9811	  -72.4434	   25.0002
      1.71	   24.9812	  -72.4394	   25.0002
      1.72	   24.9811	  -72.4354	   25.0002
      1.73	    24.981	  -72.4312	   25.0002
      1.74	   24.9809	  -72.4269	   25.0002
      1.75	   24.9808	  -72.4227	   25.0002
      1.76	   24.9807	  -72.4185	   25.0002
      1.77	   24.9806	  -72.4142	   25.0002
      1.78	   24.9805	    -72.41	   25.0002
      1.79	   24.9803	  -72.4055	   25.0002
       1.8	   24.9802	  -72.4011	   25.0002
      1.81	     24.98	  -72.3966	   25.0002
      1.82	   24.9799	  -72.3922	   25.0002
      1.83	   24.9798	  -72.3877	   25.0002
      1.84	   24.9796	  -72.3831	   25.0002
      1.85	   24.9795	  -72.3785	   25.0002
      1.86	   24.9793	  -72.3739	   25.0002
      1.87	   24.9792	  -72.3692	   25.0002
      1.88	    24.979	  -72.3646	   25.0002
      1.89	   24.9789	    -72.36	   25.0002
       1.9	   24.9787	  -72.3553	   25.0002
      1.91	   24.9786	  -72.3507	   25.0002
      1.92	   24.9785	  -72.3461	   25.0002
      1.93	   24.9784	  -72.3414	   25.0002
      1.94	   24.9784	  -72.3368	   25.0002
      1.95	   24.9784	  -72.3322	   25.0002
      1.96	   24.9784	  -72.3276	   25.0002
      1.97	   24.9784	  -72.3229	   25.0002
      1.98	   24.9784	  -72.3183	   25.0002
      1.99	   24.9784	  -72.3137	   25.0002
         2	   24.9785	   -72.309	   25.0002
      2.01	   24.9786	  -72.3044	   25.0002
      2.02	   24.9787	  -72.2998	   25.0002
      2.03	   24.9788	  -72.2954	   25.0002
      2.04	    24.979	  -72.2911	   25.0002
      2.05	   24.9792	  -72.2868	   25.0002
      2.06	   24.9793	  -72.2825	   25.0002
      2.07	   24.9795	  -72.2781	   25.0002
      2.08	   24.9796	  -72.2738	   25.0002
      2.09	   24.9799	  -72.2697	   25.0002
       2.1	   24.9801	  -72.2657	   25.0002
      2.11	   24.9804	  -72.2616	   25.0002
      2.12	   24.9806	  -72.2576	   25.0002
      2.13	   24.9809	  -72.2538	   25.0002
      2.14	   24.9811	    -72.25	   25.0002
      2.15	   24.9814	  -72.2463	   25.0002
      2.16	   24.9817	  -72.2425	   25.0002
      2.17	    24.982	  -72.2387	   25.0002
      2.18	   24.9823	  -72.2353	   25.0002
      2.19	   24.9826	  -72.2318	   25.0002
       2.2	   24.9829	  -72.2284	   25.0002
      2.21	   24.9832	   -72.225	   25.0002
      2.22	   24.9835	  -72.2215	   25.0002
      2.23	   24.9838	  -72.2184	   25.0002
      2.24	   24.9841	  -72.2153	   25.0002
      2.25	   24.9844	  -72.2122	   25.0002
      2.26	   24.9846	  -72.2091	   25.0002
      2.27	   24.9849	  -72.2059	   25.0002
      2.28	   24.9852	  -72.2032	   25.0002
      2.29	   24.9855	  -72.2004	   25.0002
       2.3	   24.9858	  -72.1976	   25.0002
      2.31	   24.9861	  -72.1948	   25.0002
      2.32	   24.9864	   -72.192	   25.0002
      2.33	   24.9867	  -72.1895	   25.0002
      2.34	    24.987	   -72.187	   25.0002
      2.35	   24.9873	  -72.1845	   25.0002
      2.36	   24.9876	   -72.182	   25.0002
      2.37	   24.9879	  -72.1796	   25.0002
      2.38	   24.9882	  -72.1774	   25.0002
      2.39	   24.9885	  -72.1752	   25.0002
       2.4	   24.9887	   -72.173	   25.0002
      2.41	    24.989	  -72.1708	   25.0002
      2.42	   24.9893	  -72.1686	   25.0002
      2.43	   24.9896	  -72.1666	   25.0002
      2.44	   24.9898	  -72.1647	   25.0002
      2.45	   24.9901	  -72.1628	   25.0002
      2.46	   24.9903	  -72.1609	   25.0002
      2.47	   24.9905	   -72.159	   25.0002
      2.48	   24.9908	  -72.1571	   25.0002
      2.49	    24.991	  -72.1554	   25.0002
       2.5	   24.9912	  -72.1538	   25.0002
      2.51	   24.9915	  -72.1521	   25.0002
      2.52	   24.9917	  -72.1504	   25.0002
      2.53	    24.992	  -72.1488	   25.0002
      2.54	   24.9922	  -72.1473	   25.0002
      2.55	   24.9924	  -72.1459	   25.0002
      2.56	   24.9925	  -72.1444	   25.0002
      2.57	   24.9927	   -72.143	   25.0002
      2.58	   24.9929	  -72.1415	   25.0002
      2.59	   24.9931	  -72.1403	   25.0002
       2.6	   24.9933	   -72.139	   25.0002
      2.61	   24.9935	  -72.1378	   25.0002
      2.62	   24.9937	  -72.1366	   25.0002
      2.63	   24.9939	  -72.1353	   25.0002
      2.64	   24.9941	  -72.1341	   25.0002
      2.65	   24.9943	   -72.133	   25.0002
      2.66	   24.9944	   -72.132	   25.0002
      2.67	   24.9946	  -72.1309	   25.0002
      2.68	   24.9947	  -72.1299	   25.0002
      2.69	   24.9949	  -72.1288	   25.0002
       2.7	   24.9951	  -72.1279	   25.0002
      2.71	   24.9952	   -72.127	   25.0002
      2.72	   24.9954	  -72.1261	   25.0002
      2.73	   24.9955	  -72.1253	   25.0002
      2.74	   24.9957	  -72.1244	   25.0002
      2.75	   24.9958	  -72.1235	   25.0002
      2.76	   24.9959	  -72.1228	   25.0002
      2.77	   24.9961	  -72.1221	   25.0002
      2.78	   24.9962	  -72.1214	   25.0002
      2.79	   24.9963	  -72.1207	   25.0002
       2.8	   24.9964	    -72.12	   25.0002
      2.81	   24.9965	  -72.1193	   25.0002
      2.82	   24.9967	  -72.1186	   25.0002
      2.83	   24.9968	   -72.118	   25.0002
      2.84	   24.9969	  -72.1173	   25.0002
      2.85	    24.997	  -72.1167	   25.0002
      2.86	   24.9971	  -72.1162	   25.0002
      2.87	   24.9972	  -72.1157	   25.0002
      2.88	   24.9973	  -72.1152	   25.0002
      2.89	   24.9974	  -72.1146	   25.0002
       2.9	   24.9975	  -72.1141	   25.0002
      2.91	   24.9976	  -72.1136	   25.0002
      2.92	   24.9976	  -72.1132	   25.0002
      2.93	   24.9977	  -72.1128	   25.0002
      2.94	   24.9978	  -72.1124	   25.0002
      2.95	   24.9979	  -72.1121	   25.0002
      2.96	    24.998	  -72.1117	   25.0002
      2.97	   24.9981	  -72.1113	   25.0002
      2.98	   24.9982	  -72.1109	   25.0002
      2.99	   24.9983	  -72.1105	   25.0002
         3	   24.9983	  -72.1102	   25.0002
      3.01	   24.9984	  -72.1098	   25.0002
      3.02	   24.9985	  -72.1094	   25.0002
      3.03	   24.9985	  -72.1092	   25.0002
      3.04	   24.9986	  -72.1089	   25.0002
      3.05	   24.9986	  -72.1087	   25.0002
      3.06	   24.9987	  -72.1085	   25.0002
      3.07	   24.9987	  -72.1082	   25.0002
      3.08	   24.9988	   -72.108	   25.0002
      3.09	   24.9988	  -72.1078	   25.0002
       3.1	   24.9989	  -72.1075	   25.0002
      3.11	    24.999	  -72.1073	   25.0002
      3.12	    24.999	   -72.107	   25.0002
      3.13	   24.9991	  -72.1068	   25.0002
      3.14	   24.9991	  -72.1066	   25.0002
      3.15	   24.9992	  -72.1064	   25.0002
      3.16	   24.9992	  -72.1063	   25.0002
      3.17	   24.9993	  -72.1062	   25.0002
      3.18	   24.9993	  -72.1061	   25.0002
      3.19	   24.9994	  -72.1059	   25.0002
       3.2	   24.9994	  -72.1058	   25.0002
      3.21	   24.9995	  -72.1057	   25.0002
      3.22	   24.9995	  -72.1056	   25.0002
      3.23	   24.9995	  -72.1055	   25.0002
      3.24	   24.9996	  -72.1053	   25.0002
      3.25	   24.9996	  -72.1052	   25.0002
      3.26	   24.9997	  -72.1052	   25.0002
      3.27	   24.9997	  -72.1052	   25.0002
      3.28	   24.9997	  -72.1052	   25.0002
      3.29	   24.9998	  -72.1052	   25.0002
       3.3	   24.9998	  -72.1052	   25.0002
      3.31	   24.9999	  -72.1051	   25.0002
      3.32	   24.9999	  -72.1051	   25.0002
      3.33	   24.9999	  -72.1051	   25.0002
      3.34	        25	  -72.1051	   25.0002
      3.35	        25	  -72.1051	   25.0002
      3.36	        25	  -72.1051	   25.0002
      3.37	   25.0001	  -72.1051	   25.0002
      3.38	   25.0001	  -72.1051	   25.0002
      3.39	   25.0002	   -72.105	   25.0002
       3.4	   25.0002	  -72.1051	   25.0002
      3.41	   25.0002	  -72.1052	   25.0002
      3.42	   25.0003	  -72.1053	   25.0002
      3.43	   25.0003	  -72.1054	   25.0002
      3.44	   25.0004	  -72.1054	   25.0002
      3.45	   25.0004	  -72.1055	   25.0002
      3.46	   25.0004	  -72.1056	   25.0002
      3.47	   25.0005	  -72.1057	   25.0002
      3.48	   25.0005	  -72.1058	   25.0002
      3.49	   25.0005	  -72.1059	   25.0002
       3.5	   25.0005	  -72.1059	   25.0002
      3.51	   25.0006	   -72.106	   25.0002
      3.52	   25.0006	  -72.1061	   25.0002
      3.53	   25.0006	  -72.1062	   25.0002
      3.54	   25.0006	  -72.1063	   25.0002
      3.55	   25.0006	  -72.1064	   25.0002
      3.56	   25.0006	  -72.1065	   25.0002
      3.57	   25.0006	  -72.1066	   25.0002
      3.58	   25.0007	  -72.1067	   25.0002
      3.59	   25.0007	  -72.1068	   25.0002
       3.6	   25.0007	  -72.1069	   25.0002
      3.61	   25.0007	   -72.107	   25.0002
      3.62	   25.0007	  -72.1071	   25.0002
      3.63	   25.0007	  -72.1072	   25.0002
      3.64	   25.0008	  -72.1073	   25.0002
      3.65	   25.0008	  -72.1074	   25.0002
      3.66	   25.0008	  -72.1075	   25.0002
      3.67	   25.0008	  -72.1076	   25.0002
      3.68	   25.0008	  -72.1077	   25.0002
      3.69	   25.0008	  -72.1078	   25.0002
       3.7	   25.0008	  -72.1079	   25.0002
      3.71	   25.0008	   -72.108	   25.0002
      3.72	   25.0008	  -72.1081	   25.0002
      3.73	   25.0008	  -72.1082	   25.0002
      3.74	   25.0008	  -72.1083	   25.0002
      3.75	   25.0008	  -72.1084	   25.0002
      3.76	   25.0008	  -72.1085	   25.0002
      3.77	   25.0008	  -72.1086	   25.0002
      3.78	   25.0008	  -72.1087	   25.0002
      3.79	   25.0008	  -72.1088	   25.0002
       3.8	   25.0008	  -72.1089	   25.0002
      3.81	   25.0007	   -72.109	   25.0002
      3.82	   25.0007	  -72.1091	   25.0002
      3.83	   25.0007	  -72.1092	   25.0002
      3.84	   25.0007	  -72.1093	   25.0002
      3.85	   25.0007	  -72.1094	   25.0002
      3.86	   25.0007	  -72.1095	   25.0002
      3.87	   25.0007	  -72.1096	   25.0002
      3.88	   25.0007	  -72.1097	   25.0002
      3.89	   25.0007	  -72.1098	   25.0002
       3.9	   25.0007	  -72.1099	   25.0002
      3.91	   25.0007	    -72.11	   25.0002
      3.92	   25.0007	  -72.1101	   25.0002
      3.93	   25.0007	  -72.1102	   25.0002
      3.94	   25.0007	  -72.1103	   25.0002
      3.95	   25.0006	  -72.1104	   25.0002
      3.96	   25.0006	  -72.1105	   25.0002
      3.97	   25.0006	  -72.1106	   25.0002
      3.98	   25.0006	  -72.1107	   25.0002
      3.99	   25.0006	  -72.1108	   25.0002
         4	   25.0006	  -72.1109	   25.0002
      4.01	   25.0006	   -72.111	   25.0002
      4.02	   25.0006	  -72.1111	   25.0002
      4.03	   25.0006	  -72.1112	   25.0002
      4.04	   25.0005	  -72.1113	   25.0002
      4.05	   25.0005	  -72.1114	   25.0002
      4.06	   25.0005	  -72.1115	   25.0002
      4.07	   25.0005	  -72.1116	   25.0002
      4.08	   25.0005	  -72.1117	   25.0002
      4.09	   25.0005	  -72.1118	   25.0002
       4.1	   25.0005	  -72.1119	   25.0002
      4.11	   25.0005	   -72.112	   25.0002
      4.12	   25.0004	   -72.112	   25.0002
      4.13	   25.0004	   -72.112	   25.0002
      4.14	   25.0004	   -72.112	   25.0002
      4.15	   25.0004	  -72.1119	   25.0002
      4.16	   25.0004	  -72.1119	   25.0002
      4.17	   25.0004	  -72.1119	   25.0002
      4.18	   25.0004	  -72.1119	   25.0002
      4.19	   25.0004	  -72.1118	   25.0002
       4.2	   25.0003	  -72.1118	   25.0002
      4.21	   25.0003	  -72.1118	   25.0002
      4.22	   25.0003	  -72.1118	   25.0002
      4.23	   25.0003	  -72.1117	   25.0002
      4.24	   25.0003	  -72.1117	   25.0002
      4.25	   25.0003	  -72.1117	   25.0002
      4.26	   25.0003	  -72.1116	   25.0002
      4.27	   25.0003	  -72.1116	   25.0002
      4.28	   25.0003	  -72.1116	   25.0002
      4.29	   25.0002	  -72.1116	   25.0002
       4.3	   25.0002	  -72.1115	   25.0002
      4.31	   25.0002	  -72.1115	   25.0002
      4.32	   25.0002	  -72.1115	   25.0002
      4.33	   25.0002	  -72.1114	   25.0002
      4.34	   25.0002	  -72.1113	   25.0002
      4.35	   25.0002	  -72.1112	   25.0002
      4.36	   25.0002	  -72.1111	   25.0002
      4.37	   25.0001	   -72.111	   25.0002
      4.38	   25.0001	  -72.1109	   25.0002
      4.39	   25.0001	  -72.1108	   25.0002
       4.4	   25.0001	  -72.1107	   25.0002
      4.41	   25.0001	  -72.1107	   25.0002
      4.42	   25.0001	  -72.1106	   25.0002
      4.43	   25.0001	  -72.1105	   25.0002
      4.44	   25.0001	  -72.1104	   25.0002
      4.45	   25.0001	  -72.1103	   25.0002
      4.46	        25	  -72.1102	   25.0002
      4.47	        25	  -72.1101	   25.0002
      4.48	        25	    -72.11	   25.0002
      4.49	        25	  -72.1099	   25.0002
       4.5	        25	  -72.1098	   25.0002
      4.51	        25	  -72.1097	   25.0002
      4.52	        25	  -72.1096	   25.0002
      4.53	        25	  -72.1095	   25.0002
      4.54	   24.9999	  -72.1094	   25.0002
      4.55	   24.9999	  -72.1094	   25.0002
      4.56	   24.9999	  -72.1093	   25.0002
      4.57	   24.9999	  -72.1092	   25.0002
      4.58	   24.9999	  -72.1091	   25.0002
      4.59	   24.9999	   -72.109	   25.0002
       4.6	   24.9999	  -72.1089	   25.0002
      4.61	   24.9999	  -72.1088	   25.0002
      4.62	   24.9998	  -72.1087	   25.0002
      4.63	   24.9998	  -72.1086	   25.0002
      4.64	   24.9998	  -72.1085	   25.0002
      4.65	   24.9998	  -72.1084	   25.0002
      4.66	   24.9998	  -72.1083	   25.0002
      4.67	   24.9998	  -72.1082	   25.0002
      4.68	   24.9998	  -72.1082	   25.0002
      4.69	   24.9998	  -72.1081	   25.0002
       4.7	   24.9998	   -72.108	   25.0002
      4.71	   24.9997	  -72.1079	   25.0002
      4.72	   24.9997	  -72.1078	   25.0002
      4.73	   24.9997	  -72.1077	   25.0002
      4.74	   24.9997	  -72.1076	   25.0002
      4.75	   24.9997	  -72.1075	   25.0002
      4.76	   24.9997	  -72.1074	   25.0002
      4.77	   24.9997	  -72.1073	   25.0002
      4.78	   24.9997	  -72.1072	   25.0002
      4.79	   24.9997	  -72.1071	   25.0002
       4.8	   24.9997	   -72.107	   25.0002
      4.81	   24.9997	  -72.1069	   25.0002
      4.82	   24.9997	  -72.1069	   25.0002
      4.83	   24.9997	  -72.1068	   25.0002
      4.84	   24.9997	  -72.1067	   25.0002
      4.85	   24.9997	  -72.1066	   25.0002
      4.86	   24.9997	  -72.1065	   25.0002
      4.87	   24.9997	  -72.1064	   25.0002
      4.88	   24.9997	  -72.1063	   25.0002
      4.89	   24.9997	  -72.1062	   25.0002
       4.9	   24.9997	  -72.1061	   25.0002
      4.91	   24.9997	   -72.106	   25.0002
      4.92	   24.9997	  -72.1059	   25.0002
      4.93	   24.9997	  -72.1058	   25.0002
      4.94	   24.9997	  -72.1057	   25.0002
      4.95	   24.9997	  -72.1056	   25.0002
      4.96	   24.9997	  -72.1056	   25.0002
      4.97	   24.9997	  -72.1055	   25.0002
      4.98	   24.9997	  -72.1054	   25.0002
      4.99	   24.9997	  -72.1053	   25.0002
         5	   24.9997	  -72.1052	   25.0002
      5.01	   24.9997	  -72.1051	   25.0002
      5.02	   24.9997	   -72.105	   25.0002
      5.03	   24.9997	  -72.1049	   25.0002
      5.04	   24.9997	  -72.1048	   25.0002
      5.05	   24.9997	  -72.1047	   25.0002
      5.06	   24.9997	  -72.1046	   25.0002
      5.07	   24.9997	  -72.1045	   25.0002
      5.08	   24.9998	  -72.1044	   25.0002
      5.09	   24.9998	  -72.1043	   25.0002
       5.1	   24.9998	  -72.1043	   25.0002
      5.11	   24.9998	  -72.1042	   25.0002
      5.12	   24.9998	  -72.1041	   25.0002
      5.13	   24.9998	  -72.1041	   25.0002
      5.14	   24.9998	   -72.104	   25.0002
      5.15	   24.9998	   -72.104	   25.0002
      5.16	   24.9998	  -72.1039	   25.0002
      5.17	   24.9998	  -72.1038	   25.0002
      5.18	   24.9998	  -72.1038	   25.0002
      5.19	   24.9998	  -72.1037	   25.0002
       5.2	   24.9998	  -72.1037	   25.0002
      5.21	   24.9998	  -72.1036	   25.0002
      5.22	   24.9998	  -72.1036	   25.0002
      5.23	   24.9998	  -72.1035	   25.0002
      5.24	   24.9998	  -72.1034	   25.0002
      5.25	   24.9998	  -72.1034	   25.0002
      5.26	   24.9998	  -72.1033	   25.0002
      5.27	   24.9998	  -72.1033	   25.0002
      5.28	   24.9998	  -72.1032	   25.0002
      5.29	   24.9998	  -72.1032	   25.0002
       5.3	   24.9998	  -72.1031	   25.0002
      5.31	   24.9998	   -72.103	   25.0002
      5.32	   24.9998	   -72.103	   25.0002
      5.33	   24.9998	  -72.1029	   25.0002
      5.34	   24.9998	  -72.1029	   25.0002
      5.35	   24.9998	  -72.1028	   25.0002
      5.36	   24.9998	  -72.1028	   25.0002
      5.37	   24.9998	  -72.1027	   25.0002
      5.38	   24.9998	  -72.1026	   25.0002
      5.39	   24.9998	  -72.1026	   25.0002
       5.4	   24.9998	  -72.1025	   25.0002
      5.41	   24.9998	  -72.1025	   25.0002
      5.42	   24.9998	  -72.1024	   25.0002
      5.43	   24.9998	  -72.1023	   25.0002
      5.44	   24.9998	  -72.1023	   25.0002
      5.45	   24.9998	  -72.1022	   25.0002
      5.46	   24.9998	  -72.1022	   25.0002
      5.47	   24.9998	  -72.1021	   25.0002
      5.48	   24.9998	  -72.1021	   25.0002
      5.49	   24.9998	   -72.102	   25.0002
       5.5	   24.9998	  -72.1019	   25.0002
      5.51	   24.9998	  -72.1019	   25.0002
      5.52	   24.9998	  -72.1018	   25.0002
      5.53	   24.9998	  -72.1018	   25.0002
      5.54	   24.9998	  -72.1017	   25.0002
      5.55	   24.9998	  -72.1017	   25.0002
      5.56	   24.9998	  -72.1016	   25.0002
      5.57	   24.9998	  -72.1015	   25.0002
      5.58	   24.9998	  -72.1015	   25.0002
      5.59	   24.9998	  -72.1014	   25.0002
       5.6	   24.9998	  -72.1014	   25.0002
      5.61	   24.9998	  -72.1014	   25.0002
      5.62	   24.9998	  -72.1013	   25.0002
      5.63	   24.9998	  -72.1013	   25.0002
      5.64	   24.9998	  -72.1013	   25.0002
      5.65	   24.9998	  -72.1012	   25.0002
      5.66	   24.9998	  -72.1012	   25.0002
      5.67	   24.9998	  -72.1012	   25.0002
      5.68	   24.9998	  -72.1012	   25.0002
      5.69	   24.9998	  -72.1011	   25.0002
       5.7	   24.9998	  -72.1011	   25.0002
      5.71	   24.9998	  -72.1011	   25.0002
      5.72	   24.9998	   -72.101	   25.0002
      5.73	   24.9998	   -72.101	   25.0002
      5.74	   24.9998	   -72.101	   25.0002
      5.75	   24.9998	  -72.1009	   25.0002
      5.76	   24.9998	  -72.1009	   25.0002
      5.77	   24.9998	  -72.1009	   25.0002
      5.78	   24.9998	  -72.1008	   25.0002
      5.79	   24.9998	  -72.1008	   25.0002
       5.8	   24.9998	  -72.1008	   25.0002
      5.81	   24.9998	  -72.1007	   25.0002
      5.82	   24.9998	  -72.1007	   25.0002
      5.83	   24.9998	  -72.1007	   25.0002
      5.84	   24.9998	  -72.1006	   25.0002
      5.85	   24.9998	  -72.1006	   25.0002
      5.86	   24.9998	  -72.1006	   25.0002
      5.87	   24.9999	  -72.1005	   25.0002
      5.88	   24.9999	  -72.1005	   25.0002
      5.89	   24.9999	  -72.1005	   25.0002
       5.9	   24.9999	  -72.1004	   25.0002
      5.91	   24.9999	  -72.1004	   25.0002
      5.92	   24.9999	  -72.1004	   25.0002
      5.93	   24.9999	  -72.1003	   25.0002
      5.94	   24.9999	  -72.1003	   25.0002
      5.95	   24.9999	  -72.1003	   25.0002
      5.96	   24.9999	  -72.1002	   25.0002
      5.97	   24.9999	  -72.1002	   25.0002
      5.98	   24.9999	  -72.1002	   25.0002
      5.99	   24.9999	  -72.1001	   25.0002
         6	   24.9999	  -72.1001	   25.0002
      6.01	   24.9999	  -72.1001	   25.0002
      6.02	   24.9999	     -72.1	   25.0002
      6.03	   24.9999	     -72.1	   25.0002
      6.04	   24.9999	     -72.1	   25.0002
      6.05	   24.9999	  -72.0999	   25.0002
      6.06	   24.9999	  -72.0999	   25.0002
      6.07	   24.9999	  -72.0999	   25.0002
      6.08	   24.9999	  -72.0998	   25.0002
      6.09	   24.9999	  -72.0998	   25.0002
       6.1	   24.9999	  -72.0998	   25.0002
      6.11	   24.9999	  -72.0997	   25.0002
      6.12	   24.9999	  -72.0997	   25.0002
      6.13	   24.9999	  -72.0997	   25.0002
      6.14	   24.9999	  -72.0997	   25.0002
      6.15	   24.9999	  -72.0996	   25.0002
      6.16	   24.9999	  -72.0996	   25.0002
      6.17	   24.9999	  -72.0996	   25.0002
      6.18	   24.9999	  -72.0995	   25.0002
      6.19	   24.9999	  -72.0995	   25.0002
       6.2	   24.9999	  -72.0995	   25.0002
      6.21	   24.9999	  -72.0995	   25.0002
      6.22	   24.9999	  -72.0995	   25.0002
      6.23	   24.9999	  -72.0994	   25.0002
      6.24	   24.9999	  -72.0994	   25.0002
      6.25	   24.9999	  -72.0994	   25.0002
      6.26	   24.9999	  -72.0994	   25.0002
      6.27	   24.9999	  -72.0994	   25.0002
      6.28	   24.9999	  -72.0994	   25.0002
      6.29	   24.9999	  -72.0994	   25.0002
       6.3	   24.9999	  -72.0993	   25.0002
      6.31	   24.9999	  -72.0993	   25.0002
      6.32	   24.9999	  -72.0993	   25.0002
      6.33	   24.9999	  -72.0993	   25.0002
      6.34	   24.9999	  -72.0993	   25.0002
      6.35	   24.9999	  -72.0993	   25.0002
      6.36	   24.9999	  -72.0992	   25.0002
      6.37	   24.9999	  -72.0992	   25.0002
      6.38	   24.9999	  -72.0992	   25.0002
      6.39	   24.9999	  -72.0992	   25.0002
       6.4	   24.9999	  -72.0992	   25.0002
      6.41	   24.9999	  -72.0992	   25.0002
      6.42	   24.9999	  -72.0992	   25.0002
      6.43	   24.9999	  -72.0991	   25.0002
      6.44	   24.9999	  -72.0991	   25.0002
      6.45	   24.9999	  -72.0991	   25.0002
      6.46	   24.9999	  -72.0991	   25.0002
      6.47	   24.9999	  -72.0991	   25.0002
      6.48	   24.9999	  -72.0991	   25.0002
      6.49	   24.9999	   -72.099	   25.0002
       6.5	   24.9999	   -72.099	   25.0002
      6.51	   24.9999	   -72.099	   25.0002
      6.52	   24.9999	   -72.099	   25.0002
      6.53	   24.9999	   -72.099	   25.0002
      6.54	   24.9999	   -72.099	   25.0002
      6.55	   24.9999	   -72.099	   25.0002
      6.56	   24.9999	  -72.0989	   25.0002
      6.57	   24.9999	  -72.0989	   25.0002
      6.58	   24.9999	  -72.0989	   25.0002
      6.59	   24.9999	  -72.0989	   25.0002
       6.6	   24.9999	  -72.0989	   25.0002
      6.61	   24.9999	  -72.0989	   25.0002
      6.62	   24.9999	  -72.0988	   25.0002
      6.63	   24.9999	  -72.0988	   25.0002
      6.64	   24.9999	  -72.0988	   25.0002
      6.65	        25	  -72.0988	   25.0002
      6.66	        25	  -72.0988	   25.0002
      6.67	        25	  -72.0988	   25.0002
      6.68	        25	  -72.0988	   25.0002
      6.69	        25	  -72.0987	   25.0002
       6.7	        25	  -72.0987	   25.0002
      6.71	        25	  -72.0987	   25.0002
      6.72	        25	  -72.0987	   25.0002
      6.73	        25	  -72.0987	   25.0002
      6.74	        25	  -72.0987	   25.0002
      6.75	        25	  -72.0986	   25.0002
      6.76	        25	  -72.0986	   25.0002
      6.77	        25	  -72.0986	   25.0002
      6.78	        25	  -72.0986	   25.0002
      6.79	        25	  -72.0986	   25.0002
       6.8	        25	  -72.0986	   25.0002
      6.81	        25	  -72.0986	   25.0002
      6.82	        25	  -72.0985	   25.0002
      6.83	        25	  -72.0985	   25.0002
      6.84	        25	  -72.0985	   25.0002
      6.85	        25	  -72.0985	   25.0002
      6.86	        25	  -72.0985	   25.0002
      6.87	        25	  -72.0985	   25.0002
      6.88	        25	  -72.0984	   25.0002
      6.89	        25	  -72.0984	   25.0002
       6.9	        25	  -72.0984	   25.0002
      6.91	        25	  -72.0984	   25.0002
      6.92	        25	  -72.0984	   25.0002
      6.93	        25	  -72.0984	   25.0002
      6.94	        25	  -72.0984	   25.0002
      6.95	        25	  -72.0983	   25.0002
      6.96	        25	  -72.0983	   25.0002
      6.97	        25	  -72.0983	   25.0002
      6.98	        25	  -72.0983	   25.0002
      6.99	        25	  -72.0983	   25.0002
         7	        25	  -72.0983	   25.0002
      7.01	        25	  -72.0982	   25.0002
      7.02	        25	  -72.0982	   25.0002
      7.03	        25	  -72.0982	   25.0002
      7.04	        25	  -72.0982	   25.0002
      7.05	        25	  -72.0982	   25.0002
      7.06	        25	  -72.0982	   25.0002
      7.07	        25	  -72.0982	   25.0002
      7.08	        25	  -72.0981	   25.0002
      7.09	        25	  -72.0981	   25.0002
       7.1	        25	  -72.0981	   25.0002
      7.11	        25	  -72.0981	   25.0002
      7.12	        25	  -72.0981	   25.0002
      7.13	        25	  -72.0981	   25.0002
      7.14	        25	  -72.0981	   25.0002
      7.15	        25	  -72.0981	   25.0002
      7.16	        25	  -72.0981	   25.0002
      7.17	        25	  -72.0981	   25.0002
      7.18	        25	  -72.0981	   25.0002
      7.19	        25	  -72.0981	   25.0002
       7.2	        25	  -72.0981	   25.0002
      7.21	        25	  -72.0981	   25.0002
      7.22	        25	   -72.098	   25.0002
      7.23	        25	   -72.098	   25.0002
      7.24	        25	   -72.098	   25.0002
      7.25	        25	   -72.098	   25.0002
      7.26	        25	   -72.098	   25.0002
      7.27	        25	   -72.098	   25.0002
      7.28	        25	   -72.098	   25.0002
      7.29	        25	   -72.098	   25.0002
       7.3	        25	   -72.098	   25.0002
      7.31	        25	   -72.098	   25.0002
      7.32	        25	   -72.098	   25.0002
      7.33	        25	   -72.098	   25.0002
      7.34	        25	   -72.098	   25.0002
      7.35	        25	   -72.098	   25.0002
      7.36	        25	   -72.098	   25.0002
      7.37	        25	   -72.098	   25.0002
      7.38	        25	   -72.098	   25.0002
      7.39	        25	   -72.098	   25.0002
       7.4	        25	  -72.0979	   25.0002
      7.41	        25	  -72.0979	   25.0002
      7.42	        25	  -72.0979	   25.0002
      7.43	        25	  -72.0979	   25.0002
      7.44	   25.0001	  -72.0979	   25.0002
      7.45	   25.0001	  -72.0979	   25.0002
      7.46	   25.0001	  -72.0979	   25.0002
      7.47	   25.0001	  -72.0979	   25.0002
      7.48	   25.0001	  -72.0979	   25.0002
      7.49	   25.0001	  -72.0979	   25.0002
       7.5	   25.0001	  -72.0979	   25.0002
      7.51	   25.0001	  -72.0979	   25.0002
      7.52	   25.0001	  -72.0979	   25.0002
      7.53	   25.0001	  -72.0979	   25.0002
      7.54	   25.0001	  -72.0979	   25.0002
      7.55	   25.0001	  -72.0979	   25.0002
      7.56	   25.0001	  -72.0979	   25.0002
      7.57	   25.0001	  -72.0979	   25.0002
      7.58	   25.0001	  -72.0978	   25.0002
      7.59	   25.0001	  -72.0978	   25.0002
       7.6	   25.0001	  -72.0978	   25.0002
      7.61	   25.0001	  -72.0978	   25.0002
      7.62	   25.0001	  -72.0978	   25.0002
      7.63	   25.0001	  -72.0978	   25.0002
      7.64	   25.0001	  -72.0978	   25.0002
      7.65	   25.0001	  -72.0978	   25.0002
      7.66	   25.0001	  -72.0978	   25.0002
      7.67	   25.0001	  -72.0978	   25.0002
      7.68	   25.0001	  -72.0978	   25.0002
      7.69	   25.0001	  -72.0978	   25.0002
       7.7	   25.0001	  -72.0978	   25.0002
      7.71	   25.0001	  -72.0978	   25.0002
      7.72	   25.0001	  -72.0978	   25.0002
      7.73	   25.0001	  -72.0978	   25.0002
      7.74	   25.0001	  -72.0978	   25.0002
      7.75	   25.0001	  -72.0978	   25.0002
      7.76	   25.0001	  -72.0977	   25.0002
      7.77	   25.0001	  -72.0977	   25.0002
      7.78	   25.0001	  -72.0977	   25.0002
      7.79	   25.0001	  -72.0977	   25.0002
       7.8	   25.0001	  -72.0977	   25.0002
      7.81	   25.0001	  -72.0977	   25.0002
      7.82	   25.0001	  -72.0977	   25.0002
      7.83	   25.0001	  -72.0977	   25.0002
      7.84	   25.0001	  -72.0977	   25.0002
      7.85	   25.0001	  -72.0977	   25.0002
      7.86	   25.0001	  -72.0977	   25.0002
      7.87	   25.0001	  -72.0977	   25.0002
      7.88	   25.0001	  -72.0977	   25.0002
      7.89	   25.0001	  -72.0977	   25.0002
       7.9	   25.0001	  -72.0977	   25.0002
      7.91	   25.0001	  -72.0977	   25.0002
      7.92	   25.0001	  -72.0977	   25.0002
      7.93	   25.0001	  -72.0977	   25.0002
      7.94	   25.0001	  -72.0976	   25.0002
      7.95	   25.0001	  -72.0976	   25.0002
      7.96	   25.0001	  -72.0976	   25.0002
      7.97	   25.0001	  -72.0976	   25.0002
      7.98	   25.0001	  -72.0976	   25.0002
      7.99	   25.0001	  -72.0976	   25.0002
         8	   25.0001	  -72.0976	   25.0002
      8.01	   25.0001	  -72.0976	   25.0002
      8.02	   25.0001	  -72.0976	   25.0002
      8.03	   25.0001	  -72.0976	   25.0002
      8.04	   25.0001	  -72.0976	   25.0002
      8.05	   25.0001	  -72.0976	   25.0002
      8.06	   25.0001	  -72.0976	   25.0002
      8.07	   25.0001	  -72.0976	   25.0002
      8.08	   25.0001	  -72.0976	   25.0002
      8.09	   25.0001	  -72.0976	   25.0002
       8.1	   25.0001	  -72.0976	   25.0002
      8.11	   25.0001	  -72.0976	   25.0002
      8.12	   25.0001	  -72.0975	   25.0002
      8.13	   25.0001	  -72.0975	   25.0002
      8.14	   25.0001	  -72.0975	   25.0002
      8.15	   25.0001	  -72.0975	   25.0002
      8.16	   25.0001	  -72.0975	   25.0002
      8.17	   25.0001	  -72.0975	   25.0002
      8.18	   25.0001	  -72.0975	   25.0002
      8.19	   25.0001	  -72.0975	   25.0002
       8.2	   25.0001	  -72.0975	   25.0002
      8.21	   25.0001	  -72.0975	   25.0002
      8.22	   25.0002	  -72.0975	   25.0002
      8.23	   25.0002	  -72.0975	   25.0002
      8.24	   25.0002	  -72.0975	   25.0002
      8.25	   25.0002	  -72.0975	   25.0002
      8.26	   25.0002	  -72.0975	   25.0002
      8.27	   25.0002	  -72.0975	   25.0002
      8.28	   25.0002	  -72.0975	   25.0002
      8.29	   25.0002	  -72.0975	   25.0002
       8.3	   25.0002	  -72.0974	   25.0002
      8.31	   25.0002	  -72.0974	   25.0002
      8.32	   25.0002	  -72.0974	   25.0002
      8.33	   25.0002	  -72.0974	   25.0002
      8.34	   25.0002	  -72.0974	   25.0002
      8.35	   25.0002	  -72.0974	   25.0002
      8.36	   25.0002	  -72.0974	   25.0002
      8.37	   25.0002	  -72.0974	   25.0002
      8.38	   25.0002	  -72.0974	   25.0002
      8.39	   25.0002	  -72.0974	   25.0002
       8.4	   25.0002	  -72.0974	   25.0002
      8.41	   25.0002	  -72.0974	   25.0002
      8.42	   25.0002	  -72.0974	   25.0002
      8.43	   25.0002	  -72.0974	   25.0002
      8.44	   25.0002	  -72.0974	   25.0002
      8.45	   25.0002	  -72.0974	   25.0002
      8.46	   25.0002	  -72.0974	   25.0002
      8.47	   25.0002	  -72.0974	   25.0002
      8.48	   25.0002	  -72.0973	   25.0002
      8.49	   25.0002	  -72.0973	   25.0002
       8.5	   25.0002	  -72.0973	   25.0002
      8.51	   25.0002	  -72.0973	   25.0002
      8.52	   25.0002	  -72.0973	   25.0002
      8.53	   25.0002	  -72.0973	   25.0002
      8.54	   25.0002	  -72.0973	   25.0002
      8.55	   25.0002	  -72.0973	   25.0002
      8.56	   25.0002	  -72.0973	   25.0002
      8.57	   25.0002	  -72.0973	   25.0002
      8.58	   25.0002	  -72.0973	   25.0002
      8.59	   25.0002	  -72.0973	   25.0002
       8.6	   25.0002	  -72.0973	   25.0002
      8.61	   25.0002	  -72.0973	   25.0002
      8.62	   25.0002	  -72.0973	   25.0002
      8.63	   25.0002	  -72.0973	   25.0002
      8.64	   25.0002	  -72.0973	   25.0002
      8.65	   25.0002	  -72.0973	   25.0002
      8.66	   25.0002	  -72.0972	   25.0002
      8.67	   25.0002	  -72.0972	   25.0002
      8.68	   25.0002	  -72.0972	   25.0002
      8.69	   25.0002	  -72.0972	   25.0002
       8.7	   25.0002	  -72.0972	   25.0002
      8.71	   25.0002	  -72.0972	   25.0002
      8.72	   25.0002	  -72.0972	   25.0002
      8.73	   25.0002	  -72.0972	   25.0002
      8.74	   25.0002	  -72.0972	   25.0002
      8.75	   25.0002	  -72.0972	   25.0002
      8.76	   25.0002	  -72.0972	   25.0002
      8.77	   25.0002	  -72.0972	   25.0002
      8.78	   25.0002	  -72.0972	   25.0002
      8.79	   25.0002	  -72.0972	   25.0002
       8.8	   25.0002	  -72.0972	   25.0002
      8.81	   25.0002	  -72.0972	   25.0002
      8.82	   25.0002	  -72.0972	   25.0002
      8.83	   25.0002	  -72.0972	   25.0002
      8.84	   25.0002	  -72.0972	   25.0002
      8.85	   25.0002	  -72.0972	   25.0002
      8.86	   25.0002	  -72.0972	   25.0002
      8.87	   25.0002	  -72.0972	   25.0002
      8.88	   25.0002	  -72.0972	   25.0002
      8.89	   25.0002	  -72.0972	   25.0002
       8.9	   25.0002	  -72.0972	   25.0002
      8.91	   25.0002	  -72.0972	   25.0002
      8.92	   25.0002	  -72.0972	   25.0002
      8.93	   25.0002	  -72.0972	   25.0002
      8.94	   25.0002	  -72.0972	   25.0002
      8.95	   25.0002	  -72.0972	   25.0002
      8.96	   25.0002	  -72.0972	   25.0002
      8.97	   25.0002	  -72.0972	   25.0002
      8.98	   25.0002	  -72.0971	   25.0002
      8.99	   25.0002	  -72.0971	   25.0002
         9	   25.0002	  -72.0971	   25.0002
      9.01	   25.0002	  -72.0971	   25.0002
      9.02	   25.0002	  -72.0971	   25.0002
      9.03	   25.0002	  -72.0971	   25.0002
      9.04	   25.0002	  -72.0971	   25.0002
      9.05	   25.0002	  -72.0971	   25.0002
      9.06	   25.0002	  -72.0971	   25.0002
      9.07	   25.0002	  -72.0971	   25.0002
      9.08	   25.0002	  -72.0971	   25.0002
      9.09	   25.0002	  -72.0971	   25.0002
       9.1	   25.0002	  -72.0971	   25.0002
      9.11	   25.0002	  -72.0971	   25.0002
      9.12	   25.0002	  -72.0971	   25.0002
      9.13	   25.0002	  -72.0971	   25.0002
      9.14	   25.0002	  -72.0971	   25.0002
      9.15	   25.0002	  -72.0971	   25.0002
      9.16	   25.0002	  -72.0971	   25.0002
      9.17	   25.0002	  -72.0971	   25.0002
      9.18	   25.0002	  -72.0971	   25.0002
      9.19	   25.0002	  -72.0971	   25.0002
       9.2	   25.0002	  -72.0971	   25.0002
      9.21	   25.0002	  -72.0971	   25.0002
      9.22	   25.0002	  -72.0971	   25.0002
      9.23	   25.0002	  -72.0971	   25.0002
      9.24	   25.0002	  -72.0971	   25.0002
      9.25	   25.0002	  -72.0971	   25.0002
      9.26	   25.0002	  -72.0971	   25.0002
      9.27	   25.0002	  -72.0971	   25.0002
      9.28	   25.0002	  -72.0971	   25.0002
      9.29	   25.0002	  -72.0971	   25.0002
       9.3	   25.0002	  -72.0971	   25.0002
      9.31	   25.0002	  -72.0971	   25.0002
      9.32	   25.0002	  -72.0971	   25.0002
      9.33	   25.0002	  -72.0971	   25.0002
      9.34	   25.0002	   -72.097	   25.0002
      9.35	   25.0002	   -72.097	   25.0002
      9.36	   25.0002	   -72.097	   25.0002
      9.37	   25.0002	   -72.097	   25.0002
      9.38	   25.0002	   -72.097	   25.0002
      9.39	   25.0002	   -72.097	   25.0002
       9.4	   25.0002	   -72.097	   25.0002
      9.41	   25.0002	   -72.097	   25.0002
      9.42	   25.0002	   -72.097	   25.0002
      9.43	   25.0002	   -72.097	   25.0002
      9.44	   25.0002	   -72.097	   25.0002
      9.45	   25.0002	   -72.097	   25.0002
      9.46	   25.0002	   -72.097	   25.0002
      9.47	   25.0002	   -72.097	   25.0002
      9.48	   25.0002	   -72.097	   25.0002
      9.49	   25.0002	   -72.097	   25.0002
       9.5	   25.0002	   -72.097	   25.0002
      9.51	   25.0002	   -72.097	   25.0002
      9.52	   25.0002	   -72.097	   25.0002
      9.53	   25.0002	   -72.097	   25.0002
      9.54	   25.0002	   -72.097	   25.0002
      9.55	   25.0002	   -72.097	   25.0002
      9.56	   25.0002	   -72.097	   25.0002
      9.57	   25.0002	   -72.097	   25.0002
      9.58	   25.0002	   -72.097	   25.0002
      9.59	   25.0002	   -72.097	   25.0002
       9.6	   25.0002	   -72.097	   25.0002
      9.61	   25.0002	   -72.097	   25.0002
      9.62	   25.0002	   -72.097	   25.0002
      9.63	   25.0002	   -72.097	   25.0002
      9.64	   25.0002	   -72.097	   25.0002
      9.65	   25.0002	   -72.097	   25.0002
      9.66	   25.0002	   -72.097	   25.0002
      9.67	   25.0002	   -72.097	   25.0002
      9.68	   25.0002	   -72.097	   25.0002
      9.69	   25.0002	   -72.097	   25.0002
       9.7	   25.0002	   -72.097	   25.0002
      9.71	   25.0002	  -72.0969	   25.0002
      9.72	   25.0002	  -72.0969	   25.0002
      9.73	   25.0002	  -72.0969	   25.0002
      9.74	   25.0002	  -72.0969	   25.0002
      9.75	   25.0002	  -72.0969	   25.0002
      9.76	   25.0002	  -72.0969	   25.0002
      9.77	   25.0002	  -72.0969	   25.0002
      9.78	   25.0002	  -72.0969	   25.0002
      9.79	   25.0002	  -72.0969	   25.0002
       9.8	   25.0002	  -72.0969	   25.0002
      9.81	   25.0002	  -72.0969	   25.0002
      9.82	   25.0002	  -72.0969	   25.0002
      9.83	   25.0002	  -72.0969	   25.0002
      9.84	   25.0002	  -72.0969	   25.0002
      9.85	   25.0002	  -72.0969	   25.0002
      9.86	   25.0002	  -72.0969	   25.0002
      9.87	   25.0002	  -72.0969	   25.0002
      9.88	   25.0002	  -72.0969	   25.0002
      9.89	   25.0002	  -72.0969	   25.0002
       9.9	   25.0002	  -72.0969	   25.0002
      9.91	   25.0002	  -72.0969	   25.0002
      9.92	   25.0002	  -72.0969	   25.0002
      9.93	   25.0002	  -72.0969	   25.0002
      9.94	   25.0002	  -72.0969	   25.0002
      9.95	   25.0002	  -72.0969	   25.0002
      9.96	   25.0002	  -72.0969	   25.0002
      9.97	   25.0002	  -72.0969	   25.0002
      9.98	   25.0002	  -72.0969	   25.0002
      9.99	   25.0002	  -72.0969	   25.0002
        10	   25.0002	  -72.0969	   25.0002
