Time	PV	OP	SP
         0	   25.0002	  -73.7276	   25.0002
      0.01	   25.0002	  -73.7276	   25.0002
      0.02	   25.0002	  -73.7276	   25.0002
      0.03	   25.0002	  -73.7276	   25.0002
      0.04	   25.0002	  -73.7276	   25.0002
      0.05	   25.0002	  -73.7276	   25.0002
      0.06	   25.0002	  -73.7276	   25.0002
      0.07	   25.0002	  -73.7276	   25.0002
      0.08	   25.0002	  -73.7276	   25.0002
      0.09	   25.0002	  -73.7276	   25.0002
       0.1	   25.0002	  -73.7276	   25.0002
      0.11	   25.0002	  -73.7276	   25.0002
      0.12	   25.0002	  -73.7276	   25.0002
      0.13	   25.0002	  -73.7276	   25.0002
      0.14	   25.0002	  -73.7276	   25.0002
      0.15	   25.0002	  -73.7276	   25.0002
      0.16	   25.0002	  -73.7276	   25.0002
      0.17	   25.0002	  -73.7276	   25.0002
      0.18	   25.0002	  -73.7276	   25.0002
      0.19	   25.0002	  -73.7276	   25.0002
       0.2	   25.0002	  -73.7276	   25.0002
      0.21	   25.0002	  -73.7276	   25.0002
      0.22	   25.0002	  -73.7276	   25.0002
      0.23	   25.0002	  -73.7276	   25.0002
      0.24	   25.0002	  -73.7276	   25.0002
      0.25	   25.0002	  -73.7276	   25.0002
      0.26	   25.0002	  -73.7276	   25.0002
      0.27	   25.0002	  -73.7276	   25.0002
      0.28	   25.0002	  -73.7276	   25.0002
      0.29	   25.0002	  -73.7276	   25.0002
       0.3	   25.0002	  -73.7276	   25.0002
      0.31	   25.0002	  -73.7276	   25.0002
      0.32	   25.0002	  -73.7276	   25.0002
      0.33	   25.0002	  -73.7276	   25.0002
      0.34	   25.0002	  -73.7276	   25.0002
      0.35	   25.0002	  -73.7276	   25.0002
      0.36	   25.0002	  -73.7276	   25.0002
      0.37	   25.0002	  -73.7276	   25.0002
      0.38	   25.0002	  -73.7276	   25.0002
      0.39	   25.0002	  -73.7276	   25.0002
       0.4	   25.0002	  -73.7276	   25.0002
      0.41	   25.0002	  -73.7276	   25.0002
      0.42	   25.0002	  -73.7276	   25.0002
      0.43	   25.0002	  -73.7276	   25.0002
      0.44	   25.0002	  -73.7276	   25.0002
      0.45	   25.0002	  -73.7276	   25.0002
      0.46	   25.0002	  -73.7276	   25.0002
      0.47	   25.0002	  -73.7276	   25.0002
      0.48	   25.0002	  -73.7276	   25.0002
      0.49	   25.0002	  -73.7276	   25.0002
       0.5	   25.0002	  -73.7276	   25.0002
      0.51	   25.0002	  -73.7276	   25.0002
      0.52	   25.0002	  -73.7276	   25.0002
      0.53	   25.0002	  -73.7276	   25.0002
      0.54	   25.0002	  -73.7276	   25.0002
      0.55	   25.0002	  -73.7276	   25.0002
      0.56	   25.0002	  -73.7276	   25.0002
      0.57	   25.0002	  -73.7276	   25.0002
      0.58	   25.0002	  -73.7276	   25.0002
      0.59	   25.0002	  -73.7276	   25.0002
       0.6	   25.0002	  -73.7276	   25.0002
      0.61	   25.0002	  -73.7276	   25.0002
      0.62	   25.0002	  -73.7276	   25.0002
      0.63	   25.0002	  -73.7276	   25.0002
      0.64	   25.0002	  -73.7276	   25.0002
      0.65	   25.0002	  -73.7276	   25.0002
      0.66	   25.0002	  -73.7276	   25.0002
      0.67	   25.0002	  -73.7276	   25.0002
      0.68	   25.0002	  -73.7276	   25.0002
      0.69	   25.0002	  -73.7276	   25.0002
       0.7	   25.0002	  -73.7276	   25.0002
      0.71	   25.0002	  -73.7276	   25.0002
      0.72	   25.0002	  -73.7276	   25.0002
      0.73	   25.0002	  -73.7276	   25.0002
      0.74	   25.0002	  -73.7276	   25.0002
      0.75	   25.0002	  -73.7276	   25.0002
      0.76	   25.0002	  -73.7276	   25.0002
      0.77	   25.0002	  -73.7276	   25.0002
      0.78	   25.0002	  -73.7276	   25.0002
      0.79	   25.0002	  -73.7276	   25.0002
       0.8	   25.0002	  -73.7276	   25.0002
      0.81	   25.0002	  -73.7276	   25.0002
      0.82	   25.0002	  -73.7276	   25.0002
      0.83	   25.0002	  -73.7276	   25.0002
      0.84	   25.0002	  -73.7276	   25.0002
      0.85	   25.0002	  -73.7276	   25.0002
      0.86	   25.0002	  -73.7276	   25.0002
      0.87	   25.0002	  -73.7276	   25.0002
      0.88	   25.0002	  -73.7276	   25.0002
      0.89	   25.0002	  -73.7276	   25.0002
       0.9	   25.0002	  -73.7276	   25.0002
      0.91	   25.0002	  -73.7276	   25.0002
      0.92	   25.0002	  -73.7276	   25.0002
      0.93	   25.0002	  -73.7276	   25.0002
      0.94	   25.0002	  -73.7276	   25.0002
      0.95	   25.0002	  -73.7276	   25.0002
      0.96	   25.0002	  -73.7276	   25.0002
      0.97	   25.0002	  -73.7276	   25.0002
      0.98	   25.0002	  -73.7276	   25.0002
      0.99	   25.0002	  -73.7276	   25.0002
         1	   25.0002	  -73.7276	   25.0002
      1.01	   24.4517	  -73.3863	   25.0002
      1.02	    24.427	  -73.2543	   25.0002
      1.03	    24.426	  -73.1312	   25.0002
      1.04	   24.4371	  -73.0156	   25.0002
      1.05	   24.4587	  -72.9106	   25.0002
      1.06	   24.4848	  -72.8136	   25.0002
      1.07	   24.5133	  -72.7224	   25.0002
      1.08	   24.5437	  -72.6416	   25.0002
      1.09	   24.5741	   -72.565	   25.0002
       1.1	   24.6047	  -72.4948	   25.0002
      1.11	   24.6327	  -72.4329	   25.0002
      1.12	     24.66	  -72.3732	   25.0002
      1.13	   24.6837	   -72.322	   25.0002
      1.14	   24.7064	  -72.2738	   25.0002
      1.15	   24.7288	  -72.2255	   25.0002
      1.16	   24.7472	  -72.1866	   25.0002
      1.17	   24.7655	  -72.1476	   25.0002
      1.18	   24.7834	  -72.1096	   25.0002
      1.19	   24.7984	  -72.0778	   25.0002
       1.2	   24.8135	  -72.0459	   25.0002
      1.21	   24.8267	  -72.0168	   25.0002
      1.22	    24.838	  -71.9906	   25.0002
      1.23	   24.8494	  -71.9644	   25.0002
      1.24	   24.8592	  -71.9409	   25.0002
      1.25	   24.8675	  -71.9199	   25.0002
      1.26	   24.8758	   -71.899	   25.0002
      1.27	   24.8841	   -71.878	   25.0002
      1.28	   24.8909	  -71.8609	   25.0002
      1.29	   24.8973	  -71.8446	   25.0002
       1.3	   24.9037	  -71.8283	   25.0002
      1.31	   24.9102	  -71.8121	   25.0002
      1.32	   24.9156	  -71.7991	   25.0002
      1.33	   24.9211	  -71.7862	   25.0002
      1.34	   24.9265	  -71.7736	   25.0002
      1.35	   24.9315	  -71.7618	   25.0002
      1.36	   24.9356	  -71.7521	   25.0002
      1.37	   24.9398	  -71.7424	   25.0002
      1.38	   24.9439	  -71.7326	   25.0002
      1.39	   24.9477	  -71.7239	   25.0002
       1.4	    24.951	   -71.717	   25.0002
      1.41	   24.9544	    -71.71	   25.0002
      1.42	   24.9577	  -71.7031	   25.0002
      1.43	    24.961	  -71.6961	   25.0002
      1.44	   24.9637	  -71.6915	   25.0002
      1.45	   24.9665	  -71.6869	   25.0002
      1.46	   24.9692	  -71.6823	   25.0002
      1.47	   24.9719	  -71.6777	   25.0002
      1.48	   24.9743	  -71.6741	   25.0002
      1.49	   24.9765	  -71.6714	   25.0002
       1.5	   24.9786	  -71.6688	   25.0002
      1.51	   24.9808	  -71.6662	   25.0002
      1.52	    24.983	  -71.6635	   25.0002
      1.53	   24.9847	  -71.6622	   25.0002
      1.54	   24.9864	  -71.6609	   25.0002
      1.55	   24.9881	  -71.6599	   25.0002
      1.56	   24.9898	  -71.6588	   25.0002
      1.57	   24.9915	  -71.6578	   25.0002
      1.58	   24.9928	  -71.6578	   25.0002
      1.59	   24.9941	  -71.6578	   25.0002
       1.6	   24.9954	  -71.6578	   25.0002
      1.61	   24.9966	  -71.6581	   25.0002
      1.62	   24.9979	  -71.6584	   25.0002
      1.63	   24.9988	  -71.6587	   25.0002
      1.64	   24.9997	  -71.6596	   25.0002
      1.65	   25.0007	  -71.6606	   25.0002
      1.66	   25.0015	  -71.6616	   25.0002
      1.67	   25.0023	  -71.6626	   25.0002
      1.68	   25.0031	  -71.6636	   25.0002
      1.69	   25.0037	  -71.6651	   25.0002
       1.7	   25.0043	  -71.6666	   25.0002
      1.71	   25.0048	  -71.6681	   25.0002
      1.72	   25.0054	  -71.6696	   25.0002
      1.73	    25.006	  -71.6711	   25.0002
      1.74	   25.0063	  -71.6727	   25.0002
      1.75	   25.0067	  -71.6745	   25.0002
      1.76	    25.007	  -71.6763	   25.0002
      1.77	   25.0074	  -71.6781	   25.0002
      1.78	   25.0077	  -71.6799	   25.0002
      1.79	   25.0079	  -71.6817	   25.0002
       1.8	   25.0081	  -71.6835	   25.0002
      1.81	   25.0082	  -71.6853	   25.0002
      1.82	   25.0084	  -71.6872	   25.0002
      1.83	   25.0086	  -71.6892	   25.0002
      1.84	   25.0088	  -71.6911	   25.0002
      1.85	   25.0088	  -71.6931	   25.0002
      1.86	   25.0089	   -71.695	   25.0002
      1.87	    25.009	   -71.697	   25.0002
      1.88	   25.0091	  -71.6989	   25.0002
      1.89	   25.0092	  -71.7009	   25.0002
       1.9	   25.0092	  -71.7028	   25.0002
      1.91	   25.0093	  -71.7048	   25.0002
      1.92	   25.0093	  -71.7067	   25.0002
      1.93	   25.0093	  -71.7086	   25.0002
      1.94	   25.0094	  -71.7106	   25.0002
      1.95	   25.0094	  -71.7125	   25.0002
      1.96	   25.0094	  -71.7145	   25.0002
      1.97	   25.0094	  -71.7164	   25.0002
      1.98	   25.0094	  -71.7183	   25.0002
      1.99	   25.0094	  -71.7203	   25.0002
         2	   25.0094	  -71.7222	   25.0002
      2.01	   25.0093	  -71.7242	   25.0002
      2.02	   25.0093	  -71.7261	   25.0002
      2.03	   25.0093	  -71.7281	   25.0002
      2.04	   25.0092	    -71.73	   25.0002
      2.05	   25.0092	  -71.7319	   25.0002
      2.06	   25.0092	  -71.7339	   25.0002
      2.07	   25.0091	  -71.7358	   25.0002
      2.08	   25.0091	  -71.7378	   25.0002
      2.09	   25.0091	  -71.7395	   25.0002
       2.1	    25.009	  -71.7413	   25.0002
      2.11	   25.0089	   -71.743	   25.0002
      2.12	   25.0088	  -71.7448	   25.0002
      2.13	   25.0087	  -71.7466	   25.0002
      2.14	   25.0086	  -71.7483	   25.0002
      2.15	   25.0086	  -71.7501	   25.0002
      2.16	   25.0085	  -71.7519	   25.0002
      2.17	   25.0084	  -71.7536	   25.0002
      2.18	   25.0083	  -71.7551	   25.0002
      2.19	   25.0082	  -71.7567	   25.0002
       2.2	    25.008	  -71.7582	   25.0002
      2.21	   25.0079	  -71.7597	   25.0002
      2.22	   25.0077	  -71.7612	   25.0002
      2.23	   25.0076	  -71.7628	   25.0002
      2.24	   25.0074	  -71.7643	   25.0002
      2.25	   25.0073	  -71.7656	   25.0002
      2.26	   25.0071	  -71.7669	   25.0002
      2.27	    25.007	  -71.7681	   25.0002
      2.28	   25.0068	  -71.7694	   25.0002
      2.29	   25.0066	  -71.7707	   25.0002
       2.3	   25.0064	   -71.772	   25.0002
      2.31	   25.0062	   -71.773	   25.0002
      2.32	    25.006	  -71.7741	   25.0002
      2.33	   25.0058	  -71.7751	   25.0002
      2.34	   25.0056	  -71.7761	   25.0002
      2.35	   25.0054	  -71.7772	   25.0002
      2.36	   25.0052	   -71.778	   25.0002
      2.37	    25.005	  -71.7788	   25.0002
      2.38	   25.0048	  -71.7796	   25.0002
      2.39	   25.0046	  -71.7803	   25.0002
       2.4	   25.0043	  -71.7811	   25.0002
      2.41	   25.0041	  -71.7817	   25.0002
      2.42	   25.0039	  -71.7823	   25.0002
      2.43	   25.0037	  -71.7828	   25.0002
      2.44	   25.0034	  -71.7834	   25.0002
      2.45	   25.0032	  -71.7837	   25.0002
      2.46	    25.003	   -71.784	   25.0002
      2.47	   25.0027	  -71.7843	   25.0002
      2.48	   25.0025	  -71.7846	   25.0002
      2.49	   25.0023	  -71.7849	   25.0002
       2.5	   25.0021	   -71.785	   25.0002
      2.51	   25.0018	   -71.785	   25.0002
      2.52	   25.0016	   -71.785	   25.0002
      2.53	   25.0014	   -71.785	   25.0002
      2.54	   25.0012	  -71.7851	   25.0002
      2.55	   25.0009	  -71.7851	   25.0002
      2.56	   25.0007	  -71.7848	   25.0002
      2.57	   25.0005	  -71.7846	   25.0002
      2.58	   25.0002	  -71.7844	   25.0002
      2.59	        25	  -71.7841	   25.0002
       2.6	   24.9998	  -71.7839	   25.0002
      2.61	   24.9996	  -71.7834	   25.0002
      2.62	   24.9993	  -71.7829	   25.0002
      2.63	   24.9991	  -71.7825	   25.0002
      2.64	   24.9989	   -71.782	   25.0002
      2.65	   24.9987	  -71.7816	   25.0002
      2.66	   24.9984	  -71.7811	   25.0002
      2.67	   24.9982	  -71.7805	   25.0002
      2.68	    24.998	  -71.7798	   25.0002
      2.69	   24.9979	  -71.7792	   25.0002
       2.7	   24.9977	  -71.7786	   25.0002
      2.71	   24.9976	  -71.7779	   25.0002
      2.72	   24.9975	  -71.7773	   25.0002
      2.73	   24.9974	  -71.7766	   25.0002
      2.74	   24.9973	  -71.7759	   25.0002
      2.75	   24.9972	  -71.7752	   25.0002
      2.76	   24.9971	  -71.7745	   25.0002
      2.77	   24.9969	  -71.7738	   25.0002
      2.78	   24.9969	  -71.7731	   25.0002
      2.79	   24.9969	  -71.7725	   25.0002
       2.8	   24.9968	  -71.7718	   25.0002
      2.81	   24.9968	  -71.7711	   25.0002
      2.82	   24.9968	  -71.7704	   25.0002
      2.83	   24.9967	  -71.7697	   25.0002
      2.84	   24.9967	   -71.769	   25.0002
      2.85	   24.9967	  -71.7683	   25.0002
      2.86	   24.9967	  -71.7676	   25.0002
      2.87	   24.9967	  -71.7669	   25.0002
      2.88	   24.9968	  -71.7662	   25.0002
      2.89	   24.9968	  -71.7655	   25.0002
       2.9	   24.9968	  -71.7648	   25.0002
      2.91	   24.9968	  -71.7641	   25.0002
      2.92	   24.9968	  -71.7634	   25.0002
      2.93	   24.9969	  -71.7628	   25.0002
      2.94	   24.9969	  -71.7621	   25.0002
      2.95	    24.997	  -71.7614	   25.0002
      2.96	   24.9971	  -71.7607	   25.0002
      2.97	   24.9971	    -71.76	   25.0002
      2.98	   24.9972	  -71.7593	   25.0002
      2.99	   24.9973	  -71.7586	   25.0002
         3	   24.9973	  -71.7579	   25.0002
      3.01	   24.9974	  -71.7572	   25.0002
      3.02	   24.9975	  -71.7565	   25.0002
      3.03	   24.9976	  -71.7561	   25.0002
      3.04	   24.9976	  -71.7557	   25.0002
      3.05	   24.9977	  -71.7552	   25.0002
      3.06	   24.9978	  -71.7548	   25.0002
      3.07	   24.9978	  -71.7544	   25.0002
      3.08	   24.9979	  -71.7539	   25.0002
      3.09	    24.998	  -71.7535	   25.0002
       3.1	    24.998	  -71.7531	   25.0002
      3.11	   24.9981	  -71.7526	   25.0002
      3.12	   24.9982	  -71.7522	   25.0002
      3.13	   24.9982	  -71.7519	   25.0002
      3.14	   24.9983	  -71.7517	   25.0002
      3.15	   24.9984	  -71.7514	   25.0002
      3.16	   24.9984	  -71.7511	   25.0002
      3.17	   24.9985	  -71.7509	   25.0002
      3.18	   24.9986	  -71.7506	   25.0002
      3.19	   24.9987	  -71.7503	   25.0002
       3.2	   24.9987	  -71.7501	   25.0002
      3.21	   24.9988	  -71.7498	   25.0002
      3.22	   24.9989	  -71.7495	   25.0002
      3.23	   24.9989	  -71.7493	   25.0002
      3.24	    24.999	  -71.7492	   25.0002
      3.25	   24.9991	   -71.749	   25.0002
      3.26	   24.9991	  -71.7489	   25.0002
      3.27	   24.9992	  -71.7488	   25.0002
      3.28	   24.9993	  -71.7487	   25.0002
      3.29	   24.9993	  -71.7486	   25.0002
       3.3	   24.9994	  -71.7485	   25.0002
      3.31	   24.9995	  -71.7483	   25.0002
      3.32	   24.9995	  -71.7482	   25.0002
      3.33	   24.9996	  -71.7481	   25.0002
      3.34	   24.9996	   -71.748	   25.0002
      3.35	   24.9996	  -71.7479	   25.0002
      3.36	   24.9997	  -71.7478	   25.0002
      3.37	   24.9997	  -71.7476	   25.0002
      3.38	   24.9997	  -71.7476	   25.0002
      3.39	   24.9998	  -71.7476	   25.0002
       3.4	   24.9998	  -71.7476	   25.0002
      3.41	   24.9999	  -71.7476	   25.0002
      3.42	   24.9999	  -71.7476	   25.0002
      3.43	   24.9999	  -71.7476	   25.0002
      3.44	        25	  -71.7476	   25.0002
      3.45	        25	  -71.7476	   25.0002
      3.46	        25	  -71.7475	   25.0002
      3.47	   25.0001	  -71.7475	   25.0002
      3.48	   25.0001	  -71.7475	   25.0002
      3.49	   25.0001	  -71.7475	   25.0002
       3.5	   25.0001	  -71.7475	   25.0002
      3.51	   25.0001	  -71.7475	   25.0002
      3.52	   25.0001	  -71.7475	   25.0002
      3.53	   25.0002	  -71.7475	   25.0002
      3.54	   25.0002	  -71.7475	   25.0002
      3.55	   25.0002	  -71.7474	   25.0002
      3.56	   25.0002	  -71.7475	   25.0002
      3.57	   25.0002	  -71.7476	   25.0002
      3.58	   25.0002	  -71.7476	   25.0002
      3.59	   25.0003	  -71.7477	   25.0002
       3.6	   25.0003	  -71.7477	   25.0002
      3.61	   25.0003	  -71.7478	   25.0002
      3.62	   25.0003	  -71.7478	   25.0002
      3.63	   25.0003	  -71.7479	   25.0002
      3.64	   25.0004	   -71.748	   25.0002
      3.65	   25.0004	   -71.748	   25.0002
      3.66	   25.0004	  -71.7481	   25.0002
      3.67	   25.0004	  -71.7481	   25.0002
      3.68	   25.0004	  -71.7482	   25.0002
      3.69	   25.0004	  -71.7482	   25.0002
       3.7	   25.0005	  -71.7483	   25.0002
      3.71	   25.0005	  -71.7484	   25.0002
      3.72	   25.0005	  -71.7484	   25.0002
      3.73	   25.0005	  -71.7485	   25.0002
      3.74	   25.0005	  -71.7485	   25.0002
      3.75	   25.0005	  -71.7486	   25.0002
      3.76	   25.0005	  -71.7486	   25.0002
      3.77	   25.0005	  -71.7487	   25.0002
      3.78	   25.0005	  -71.7488	   25.0002
      3.79	   25.0005	  -71.7488	   25.0002
       3.8	   25.0005	  -71.7489	   25.0002
      3.81	   25.0005	   -71.749	   25.0002
      3.82	   25.0005	  -71.7491	   25.0002
      3.83	   25.0005	  -71.7491	   25.0002
      3.84	   25.0005	  -71.7492	   25.0002
      3.85	   25.0006	  -71.7493	   25.0002
      3.86	   25.0006	  -71.7493	   25.0002
      3.87	   25.0006	  -71.7494	   25.0002
      3.88	   25.0006	  -71.7495	   25.0002
      3.89	   25.0006	  -71.7495	   25.0002
       3.9	   25.0006	  -71.7496	   25.0002
      3.91	   25.0006	  -71.7497	   25.0002
      3.92	   25.0006	  -71.7498	   25.0002
      3.93	   25.0006	  -71.7498	   25.0002
      3.94	   25.0006	  -71.7499	   25.0002
      3.95	   25.0006	    -71.75	   25.0002
      3.96	   25.0006	    -71.75	   25.0002
      3.97	   25.0006	  -71.7501	   25.0002
      3.98	   25.0006	  -71.7502	   25.0002
      3.99	   25.0006	  -71.7503	   25.0002
         4	   25.0006	  -71.7503	   25.0002
      4.01	   25.0006	  -71.7504	   25.0002
      4.02	   25.0007	  -71.7505	   25.0002
      4.03	   25.0007	  -71.7505	   25.0002
      4.04	   25.0006	  -71.7506	   25.0002
      4.05	   25.0006	  -71.7507	   25.0002
      4.06	   25.0006	  -71.7507	   25.0002
      4.07	   25.0006	  -71.7508	   25.0002
      4.08	   25.0006	  -71.7509	   25.0002
      4.09	   25.0006	   -71.751	   25.0002
       4.1	   25.0006	   -71.751	   25.0002
      4.11	   25.0006	  -71.7511	   25.0002
      4.12	   25.0005	  -71.7512	   25.0002
      4.13	   25.0005	  -71.7512	   25.0002
      4.14	   25.0005	  -71.7513	   25.0002
      4.15	   25.0005	  -71.7514	   25.0002
      4.16	   25.0005	  -71.7515	   25.0002
      4.17	   25.0005	  -71.7515	   25.0002
      4.18	   25.0005	  -71.7516	   25.0002
      4.19	   25.0005	  -71.7517	   25.0002
       4.2	   25.0005	  -71.7517	   25.0002
      4.21	   25.0004	  -71.7518	   25.0002
      4.22	   25.0004	  -71.7519	   25.0002
      4.23	   25.0004	  -71.7519	   25.0002
      4.24	   25.0004	   -71.752	   25.0002
      4.25	   25.0004	  -71.7521	   25.0002
      4.26	   25.0004	  -71.7522	   25.0002
      4.27	   25.0004	  -71.7522	   25.0002
      4.28	   25.0004	  -71.7523	   25.0002
      4.29	   25.0003	  -71.7524	   25.0002
       4.3	   25.0003	  -71.7524	   25.0002
      4.31	   25.0003	  -71.7525	   25.0002
      4.32	   25.0003	  -71.7526	   25.0002
      4.33	   25.0003	  -71.7527	   25.0002
      4.34	   25.0003	  -71.7527	   25.0002
      4.35	   25.0003	  -71.7528	   25.0002
      4.36	   25.0003	  -71.7529	   25.0002
      4.37	   25.0002	  -71.7529	   25.0002
      4.38	   25.0002	   -71.753	   25.0002
      4.39	   25.0002	   -71.753	   25.0002
       4.4	   25.0002	  -71.7529	   25.0002
      4.41	   25.0002	  -71.7529	   25.0002
      4.42	   25.0002	  -71.7528	   25.0002
      4.43	   25.0002	  -71.7528	   25.0002
      4.44	   25.0002	  -71.7528	   25.0002
      4.45	   25.0002	  -71.7527	   25.0002
      4.46	   25.0002	  -71.7527	   25.0002
      4.47	   25.0001	  -71.7526	   25.0002
      4.48	   25.0001	  -71.7526	   25.0002
      4.49	   25.0001	  -71.7526	   25.0002
       4.5	   25.0001	  -71.7525	   25.0002
      4.51	   25.0001	  -71.7525	   25.0002
      4.52	   25.0001	  -71.7524	   25.0002
      4.53	   25.0001	  -71.7524	   25.0002
      4.54	   25.0001	  -71.7523	   25.0002
      4.55	   25.0001	  -71.7523	   25.0002
      4.56	   25.0001	  -71.7523	   25.0002
      4.57	   25.0001	  -71.7522	   25.0002
      4.58	        25	  -71.7522	   25.0002
      4.59	        25	  -71.7521	   25.0002
       4.6	        25	  -71.7521	   25.0002
      4.61	        25	  -71.7521	   25.0002
      4.62	        25	   -71.752	   25.0002
      4.63	        25	   -71.752	   25.0002
      4.64	        25	  -71.7519	   25.0002
      4.65	        25	  -71.7519	   25.0002
      4.66	        25	  -71.7518	   25.0002
      4.67	        25	  -71.7518	   25.0002
      4.68	   24.9999	  -71.7517	   25.0002
      4.69	   24.9999	  -71.7517	   25.0002
       4.7	   24.9999	  -71.7516	   25.0002
      4.71	   24.9999	  -71.7515	   25.0002
      4.72	   24.9999	  -71.7515	   25.0002
      4.73	   24.9999	  -71.7514	   25.0002
      4.74	   24.9999	  -71.7514	   25.0002
      4.75	   24.9999	  -71.7513	   25.0002
      4.76	   24.9999	  -71.7513	   25.0002
      4.77	   24.9999	  -71.7512	   25.0002
      4.78	   24.9999	  -71.7512	   25.0002
      4.79	   24.9999	  -71.7511	   25.0002
       4.8	   24.9999	   -71.751	   25.0002
      4.81	   24.9999	   -71.751	   25.0002
      4.82	   24.9999	  -71.7509	   25.0002
      4.83	   24.9999	  -71.7509	   25.0002
      4.84	   24.9999	  -71.7508	   25.0002
      4.85	   24.9999	  -71.7508	   25.0002
      4.86	   24.9999	  -71.7507	   25.0002
      4.87	   24.9999	  -71.7507	   25.0002
      4.88	   24.9999	  -71.7506	   25.0002
      4.89	   24.9999	  -71.7506	   25.0002
       4.9	   24.9999	  -71.7505	   25.0002
      4.91	   24.9999	  -71.7504	   25.0002
      4.92	   24.9999	  -71.7504	   25.0002
      4.93	        25	  -71.7503	   25.0002
      4.94	        25	  -71.7503	   25.0002
      4.95	        25	  -71.7502	   25.0002
      4.96	        25	  -71.7502	   25.0002
      4.97	        25	  -71.7501	   25.0002
      4.98	        25	  -71.7501	   25.0002
      4.99	        25	    -71.75	   25.0002
         5	        25	    -71.75	   25.0002
      5.01	        25	  -71.7499	   25.0002
      5.02	        25	  -71.7498	   25.0002
      5.03	        25	  -71.7498	   25.0002
      5.04	        25	  -71.7497	   25.0002
      5.05	        25	  -71.7497	   25.0002
      5.06	        25	  -71.7496	   25.0002
      5.07	   25.0001	  -71.7496	   25.0002
      5.08	   25.0001	  -71.7495	   25.0002
      5.09	   25.0001	  -71.7495	   25.0002
       5.1	   25.0001	  -71.7494	   25.0002
      5.11	   25.0001	  -71.7493	   25.0002
      5.12	   25.0001	  -71.7493	   25.0002
      5.13	   25.0001	  -71.7492	   25.0002
      5.14	   25.0001	  -71.7492	   25.0002
      5.15	   25.0001	  -71.7492	   25.0002
      5.16	   25.0001	  -71.7492	   25.0002
      5.17	   25.0001	  -71.7492	   25.0002
      5.18	   25.0001	  -71.7492	   25.0002
      5.19	   25.0001	  -71.7492	   25.0002
       5.2	   25.0001	  -71.7493	   25.0002
      5.21	   25.0001	  -71.7493	   25.0002
      5.22	   25.0001	  -71.7493	   25.0002
      5.23	   25.0002	  -71.7493	   25.0002
      5.24	   25.0002	  -71.7493	   25.0002
      5.25	   25.0002	  -71.7493	   25.0002
      5.26	   25.0002	  -71.7493	   25.0002
      5.27	   25.0002	  -71.7493	   25.0002
      5.28	   25.0002	  -71.7494	   25.0002
      5.29	   25.0002	  -71.7494	   25.0002
       5.3	   25.0002	  -71.7494	   25.0002
      5.31	   25.0002	  -71.7494	   25.0002
      5.32	   25.0002	  -71.7494	   25.0002
      5.33	   25.0002	  -71.7494	   25.0002
      5.34	   25.0002	  -71.7494	   25.0002
      5.35	   25.0002	  -71.7494	   25.0002
      5.36	   25.0002	  -71.7495	   25.0002
      5.37	   25.0002	  -71.7495	   25.0002
      5.38	   25.0002	  -71.7495	   25.0002
      5.39	   25.0002	  -71.7495	   25.0002
       5.4	   25.0002	  -71.7495	   25.0002
      5.41	   25.0002	  -71.7495	   25.0002
      5.42	   25.0002	  -71.7495	   25.0002
      5.43	   25.0002	  -71.7495	   25.0002
      5.44	   25.0003	  -71.7496	   25.0002
      5.45	   25.0003	  -71.7496	   25.0002
      5.46	   25.0003	  -71.7496	   25.0002
      5.47	   25.0003	  -71.7496	   25.0002
      5.48	   25.0003	  -71.7496	   25.0002
      5.49	   25.0003	  -71.7497	   25.0002
       5.5	   25.0003	  -71.7497	   25.0002
      5.51	   25.0003	  -71.7497	   25.0002
      5.52	   25.0003	  -71.7497	   25.0002
      5.53	   25.0003	  -71.7498	   25.0002
      5.54	   25.0003	  -71.7498	   25.0002
      5.55	   25.0003	  -71.7498	   25.0002
      5.56	   25.0003	  -71.7498	   25.0002
      5.57	   25.0003	  -71.7498	   25.0002
      5.58	   25.0003	  -71.7499	   25.0002
      5.59	   25.0003	  -71.7499	   25.0002
       5.6	   25.0003	  -71.7499	   25.0002
      5.61	   25.0003	  -71.7499	   25.0002
      5.62	   25.0003	    -71.75	   25.0002
      5.63	   25.0003	    -71.75	   25.0002
      5.64	   25.0003	    -71.75	   25.0002
      5.65	   25.0003	    -71.75	   25.0002
      5.66	   25.0004	    -71.75	   25.0002
      5.67	   25.0004	  -71.7501	   25.0002
      5.68	   25.0004	  -71.7501	   25.0002
      5.69	   25.0004	  -71.7501	   25.0002
       5.7	   25.0004	  -71.7501	   25.0002
      5.71	   25.0004	  -71.7502	   25.0002
      5.72	   25.0004	  -71.7502	   25.0002
      5.73	   25.0004	  -71.7502	   25.0002
      5.74	   25.0004	  -71.7502	   25.0002
      5.75	   25.0004	  -71.7502	   25.0002
      5.76	   25.0004	  -71.7503	   25.0002
      5.77	   25.0004	  -71.7503	   25.0002
      5.78	   25.0004	  -71.7503	   25.0002
      5.79	   25.0004	  -71.7503	   25.0002
       5.8	   25.0003	  -71.7504	   25.0002
      5.81	   25.0003	  -71.7504	   25.0002
      5.82	   25.0003	  -71.7504	   25.0002
      5.83	   25.0003	  -71.7504	   25.0002
      5.84	   25.0003	  -71.7504	   25.0002
      5.85	   25.0003	  -71.7505	   25.0002
      5.86	   25.0003	  -71.7505	   25.0002
      5.87	   25.0003	  -71.7505	   25.0002
      5.88	   25.0003	  -71.7505	   25.0002
      5.89	   25.0003	  -71.7506	   25.0002
       5.9	   25.0003	  -71.7506	   25.0002
      5.91	   25.0003	  -71.7506	   25.0002
      5.92	   25.0003	  -71.7506	   25.0002
      5.93	   25.0003	  -71.7506	   25.0002
      5.94	   25.0003	  -71.7507	   25.0002
      5.95	   25.0003	  -71.7507	   25.0002
      5.96	   25.0003	  -71.7507	   25.0002
      5.97	   25.0003	  -71.7507	   25.0002
      5.98	   25.0003	  -71.7508	   25.0002
      5.99	   25.0003	  -71.7508	   25.0002
         6	   25.0003	  -71.7508	   25.0002
      6.01	   25.0003	  -71.7508	   25.0002
      6.02	   25.0003	  -71.7508	   25.0002
      6.03	   25.0003	  -71.7509	   25.0002
      6.04	   25.0003	  -71.7509	   25.0002
      6.05	   25.0003	  -71.7509	   25.0002
      6.06	   25.0003	  -71.7509	   25.0002
      6.07	   25.0003	  -71.7509	   25.0002
      6.08	   25.0003	  -71.7508	   25.0002
      6.09	   25.0003	  -71.7508	   25.0002
       6.1	   25.0003	  -71.7508	   25.0002
      6.11	   25.0003	  -71.7508	   25.0002
      6.12	   25.0003	  -71.7508	   25.0002
      6.13	   25.0003	  -71.7507	   25.0002
      6.14	   25.0003	  -71.7507	   25.0002
      6.15	   25.0003	  -71.7507	   25.0002
      6.16	   25.0003	  -71.7507	   25.0002
      6.17	   25.0003	  -71.7507	   25.0002
      6.18	   25.0003	  -71.7506	   25.0002
      6.19	   25.0003	  -71.7506	   25.0002
       6.2	   25.0003	  -71.7506	   25.0002
      6.21	   25.0003	  -71.7506	   25.0002
      6.22	   25.0003	  -71.7506	   25.0002
      6.23	   25.0003	  -71.7505	   25.0002
      6.24	   25.0003	  -71.7505	   25.0002
      6.25	   25.0003	  -71.7505	   25.0002
      6.26	   25.0003	  -71.7505	   25.0002
      6.27	   25.0003	  -71.7505	   25.0002
      6.28	   25.0003	  -71.7504	   25.0002
      6.29	   25.0003	  -71.7504	   25.0002
       6.3	   25.0003	  -71.7504	   25.0002
      6.31	   25.0003	  -71.7504	   25.0002
      6.32	   25.0003	  -71.7503	   25.0002
      6.33	   25.0003	  -71.7503	   25.0002
      6.34	   25.0003	  -71.7503	   25.0002
      6.35	   25.0003	  -71.7503	   25.0002
      6.36	   25.0003	  -71.7503	   25.0002
      6.37	   25.0003	  -71.7502	   25.0002
      6.38	   25.0003	  -71.7502	   25.0002
      6.39	   25.0003	  -71.7502	   25.0002
       6.4	   25.0003	  -71.7502	   25.0002
      6.41	   25.0003	  -71.7502	   25.0002
      6.42	   25.0003	  -71.7501	   25.0002
      6.43	   25.0003	  -71.7501	   25.0002
      6.44	   25.0003	  -71.7501	   25.0002
      6.45	   25.0003	  -71.7501	   25.0002
      6.46	   25.0003	  -71.7501	   25.0002
      6.47	   25.0003	    -71.75	   25.0002
      6.48	   25.0003	    -71.75	   25.0002
      6.49	   25.0003	    -71.75	   25.0002
       6.5	   25.0003	    -71.75	   25.0002
      6.51	   25.0003	  -71.7499	   25.0002
      6.52	   25.0003	  -71.7499	   25.0002
      6.53	   25.0003	  -71.7499	   25.0002
      6.54	   25.0003	  -71.7499	   25.0002
      6.55	   25.0003	  -71.7499	   25.0002
      6.56	   25.0003	  -71.7498	   25.0002
      6.57	   25.0003	  -71.7498	   25.0002
      6.58	   25.0003	  -71.7498	   25.0002
      6.59	   25.0003	  -71.7498	   25.0002
       6.6	   25.0003	  -71.7498	   25.0002
      6.61	   25.0003	  -71.7497	   25.0002
      6.62	   25.0003	  -71.7497	   25.0002
      6.63	   25.0003	  -71.7497	   25.0002
      6.64	   25.0003	  -71.7497	   25.0002
      6.65	   25.0003	  -71.7497	   25.0002
      6.66	   25.0003	  -71.7497	   25.0002
      6.67	   25.0003	  -71.7497	   25.0002
      6.68	   25.0003	  -71.7497	   25.0002
      6.69	   25.0003	  -71.7497	   25.0002
       6.7	   25.0003	  -71.7497	   25.0002
      6.71	   25.0003	  -71.7497	   25.0002
      6.72	   25.0003	  -71.7497	   25.0002
      6.73	   25.0003	  -71.7497	   25.0002
      6.74	   25.0003	  -71.7497	   25.0002
      6.75	   25.0003	  -71.7497	   25.0002
      6.76	   25.0003	  -71.7497	   25.0002
      6.77	   25.0003	  -71.7497	   25.0002
      6.78	   25.0003	  -71.7497	   25.0002
      6.79	   25.0003	  -71.7497	   25.0002
       6.8	   25.0003	  -71.7497	   25.0002
      6.81	   25.0003	  -71.7497	   25.0002
      6.82	   25.0003	  -71.7497	   25.0002
      6.83	   25.0003	  -71.7497	   25.0002
      6.84	   25.0003	  -71.7498	   25.0002
      6.85	   25.0003	  -71.7498	   25.0002
      6.86	   25.0003	  -71.7498	   25.0002
      6.87	   25.0003	  -71.7498	   25.0002
      6.88	   25.0003	  -71.7498	   25.0002
      6.89	   25.0003	  -71.7498	   25.0002
       6.9	   25.0003	  -71.7498	   25.0002
      6.91	   25.0003	  -71.7498	   25.0002
      6.92	   25.0003	  -71.7498	   25.0002
      6.93	   25.0003	  -71.7498	   25.0002
      6.94	   25.0003	  -71.7498	   25.0002
      6.95	   25.0003	  -71.7498	   25.0002
      6.96	   25.0003	  -71.7498	   25.0002
      6.97	   25.0003	  -71.7498	   25.0002
      6.98	   25.0003	  -71.7498	   25.0002
      6.99	   25.0003	  -71.7498	   25.0002
         7	   25.0003	  -71.7498	   25.0002
      7.01	   25.0003	  -71.7498	   25.0002
      7.02	   25.0003	  -71.7498	   25.0002
      7.03	   25.0003	  -71.7498	   25.0002
      7.04	   25.0003	  -71.7498	   25.0002
      7.05	   25.0003	  -71.7498	   25.0002
      7.06	   25.0003	  -71.7498	   25.0002
      7.07	   25.0003	  -71.7498	   25.0002
      7.08	   25.0003	  -71.7498	   25.0002
      7.09	   25.0003	  -71.7498	   25.0002
       7.1	   25.0003	  -71.7498	   25.0002
      7.11	   25.0003	  -71.7498	   25.0002
      7.12	   25.0003	  -71.7498	   25.0002
      7.13	   25.0003	  -71.7498	   25.0002
      7.14	   25.0003	  -71.7498	   25.0002
      7.15	   25.0003	  -71.7498	   25.0002
      7.16	   25.0003	  -71.7498	   25.0002
      7.17	   25.0003	  -71.7498	   25.0002
      7.18	   25.0003	  -71.7498	   25.0002
      7.19	   25.0003	  -71.7499	   25.0002
       7.2	   25.0003	  -71.7499	   25.0002
      7.21	   25.0003	  -71.7499	   25.0002
      7.22	   25.0003	  -71.7499	   25.0002
      7.23	   25.0003	  -71.7499	   25.0002
      7.24	   25.0003	  -71.7499	   25.0002
      7.25	   25.0003	  -71.7499	   25.0002
      7.26	   25.0003	  -71.7499	   25.0002
      7.27	   25.0003	  -71.7499	   25.0002
      7.28	   25.0003	  -71.7499	   25.0002
      7.29	   25.0003	  -71.7499	   25.0002
       7.3	   25.0003	  -71.7499	   25.0002
      7.31	   25.0003	  -71.7499	   25.0002
      7.32	   25.0003	  -71.7499	   25.0002
      7.33	   25.0003	  -71.7499	   25.0002
      7.34	   25.0003	  -71.7499	   25.0002
      7.35	   25.0003	  -71.7499	   25.0002
      7.36	   25.0003	  -71.7499	   25.0002
      7.37	   25.0003	  -71.7499	   25.0002
      7.38	   25.0003	  -71.7499	   25.0002
      7.39	   25.0003	  -71.7499	   25.0002
       7.4	   25.0003	  -71.7499	   25.0002
      7.41	   25.0003	  -71.7499	   25.0002
      7.42	   25.0003	    -71.75	   25.0002
      7.43	   25.0002	    -71.75	   25.0002
      7.44	   25.0002	    -71.75	   25.0002
      7.45	   25.0002	    -71.75	   25.0002
      7.46	   25.0002	    -71.75	   25.0002
      7.47	   25.0002	    -71.75	   25.0002
      7.48	   25.0002	    -71.75	   25.0002
      7.49	   25.0002	    -71.75	   25.0002
       7.5	   25.0002	    -71.75	   25.0002
      7.51	   25.0002	    -71.75	   25.0002
      7.52	   25.0002	    -71.75	   25.0002
      7.53	   25.0002	    -71.75	   25.0002
      7.54	   25.0002	    -71.75	   25.0002
      7.55	   25.0002	    -71.75	   25.0002
      7.56	   25.0002	    -71.75	   25.0002
      7.57	   25.0002	    -71.75	   25.0002
      7.58	   25.0002	    -71.75	   25.0002
      7.59	   25.0002	    -71.75	   25.0002
       7.6	   25.0002	    -71.75	   25.0002
      7.61	   25.0002	    -71.75	   25.0002
      7.62	   25.0002	    -71.75	   25.0002
      7.63	   25.0002	    -71.75	   25.0002
      7.64	   25.0002	    -71.75	   25.0002
      7.65	   25.0002	    -71.75	   25.0002
      7.66	   25.0002	  -71.7501	   25.0002
      7.67	   25.0002	  -71.7501	   25.0002
      7.68	   25.0002	  -71.7501	   25.0002
      7.69	   25.0002	  -71.7501	   25.0002
       7.7	   25.0002	  -71.7501	   25.0002
      7.71	   25.0002	  -71.7501	   25.0002
      7.72	   25.0002	  -71.7501	   25.0002
      7.73	   25.0002	  -71.7501	   25.0002
      7.74	   25.0002	  -71.7501	   25.0002
      7.75	   25.0002	  -71.7501	   25.0002
      7.76	   25.0002	  -71.7501	   25.0002
      7.77	   25.0002	  -71.7501	   25.0002
      7.78	   25.0002	  -71.7501	   25.0002
      7.79	   25.0002	  -71.7501	   25.0002
       7.8	   25.0002	  -71.7501	   25.0002
      7.81	   25.0002	  -71.7501	   25.0002
      7.82	   25.0002	  -71.7501	   25.0002
      7.83	   25.0002	  -71.7501	   25.0002
      7.84	   25.0002	  -71.7501	   25.0002
      7.85	   25.0002	  -71.7501	   25.0002
      7.86	   25.0002	  -71.7501	   25.0002
      7.87	   25.0002	  -71.7501	   25.0002
      7.88	   25.0002	  -71.7501	   25.0002
      7.89	   25.0002	  -71.7501	   25.0002
       7.9	   25.0002	  -71.7501	   25.0002
      7.91	   25.0002	  -71.7501	   25.0002
      7.92	   25.0002	  -71.7501	   25.0002
      7.93	   25.0002	  -71.7501	   25.0002
      7.94	   25.0002	  -71.7501	   25.0002
      7.95	   25.0002	  -71.7501	   25.0002
      7.96	   25.0002	  -71.7501	   25.0002
      7.97	   25.0002	  -71.7501	   25.0002
      7.98	   25.0002	  -71.7501	   25.0002
      7.99	   25.0002	  -71.7501	   25.0002
         8	   25.0002	  -71.7501	   25.0002
      8.01	   25.0002	  -71.7501	   25.0002
      8.02	   25.0002	  -71.7501	   25.0002
      8.03	   25.0002	  -71.7501	   25.0002
      8.04	   25.0002	  -71.7501	   25.0002
      8.05	   25.0002	  -71.7501	   25.0002
      8.06	   25.0002	  -71.7501	   25.0002
      8.07	   25.0002	  -71.7501	   25.0002
      8.08	   25.0002	  -71.7501	   25.0002
      8.09	   25.0002	  -71.7501	   25.0002
       8.1	   25.0002	  -71.7501	   25.0002
      8.11	   25.0002	  -71.7501	   25.0002
      8.12	   25.0002	  -71.7501	   25.0002
      8.13	   25.0002	  -71.7501	   25.0002
      8.14	   25.0002	  -71.7501	   25.0002
      8.15	   25.0002	  -71.7501	   25.0002
      8.16	   25.0002	  -71.7501	   25.0002
      8.17	   25.0002	  -71.7501	   25.0002
      8.18	   25.0002	  -71.7501	   25.0002
      8.19	   25.0002	  -71.7501	   25.0002
       8.2	   25.0002	  -71.7501	   25.0002
      8.21	   25.0002	  -71.7501	   25.0002
      8.22	   25.0002	  -71.7501	   25.0002
      8.23	   25.0002	  -71.7501	   25.0002
      8.24	   25.0002	  -71.7501	   25.0002
      8.25	   25.0002	  -71.7501	   25.0002
      8.26	   25.0002	  -71.7501	   25.0002
      8.27	   25.0002	  -71.7501	   25.0002
      8.28	   25.0002	  -71.7501	   25.0002
      8.29	   25.0002	  -71.7501	   25.0002
       8.3	   25.0002	  -71.7501	   25.0002
      8.31	   25.0002	  -71.7501	   25.0002
      8.32	   25.0002	  -71.7501	   25.0002
      8.33	   25.0002	  -71.7501	   25.0002
      8.34	   25.0002	  -71.7501	   25.0002
      8.35	   25.0002	  -71.7501	   25.0002
      8.36	   25.0002	  -71.7501	   25.0002
      8.37	   25.0002	  -71.7501	   25.0002
      8.38	   25.0002	  -71.7501	   25.0002
      8.39	   25.0002	  -71.7501	   25.0002
       8.4	   25.0002	    -71.75	   25.0002
      8.41	   25.0002	    -71.75	   25.0002
      8.42	   25.0002	    -71.75	   25.0002
      8.43	   25.0002	    -71.75	   25.0002
      8.44	   25.0002	    -71.75	   25.0002
      8.45	   25.0002	    -71.75	   25.0002
      8.46	   25.0002	    -71.75	   25.0002
      8.47	   25.0002	    -71.75	   25.0002
      8.48	   25.0002	    -71.75	   25.0002
      8.49	   25.0002	    -71.75	   25.0002
       8.5	   25.0002	    -71.75	   25.0002
      8.51	   25.0002	    -71.75	   25.0002
      8.52	   25.0002	    -71.75	   25.0002
      8.53	   25.0002	    -71.75	   25.0002
      8.54	   25.0002	    -71.75	   25.0002
      8.55	   25.0002	    -71.75	   25.0002
      8.56	   25.0002	    -71.75	   25.0002
      8.57	   25.0002	    -71.75	   25.0002
      8.58	   25.0002	    -71.75	   25.0002
      8.59	   25.0002	    -71.75	   25.0002
       8.6	   25.0002	    -71.75	   25.0002
      8.61	   25.0002	    -71.75	   25.0002
      8.62	   25.0002	    -71.75	   25.0002
      8.63	   25.0002	    -71.75	   25.0002
      8.64	   25.0002	    -71.75	   25.0002
      8.65	   25.0002	    -71.75	   25.0002
      8.66	   25.0002	    -71.75	   25.0002
      8.67	   25.0002	    -71.75	   25.0002
      8.68	   25.0002	    -71.75	   25.0002
      8.69	   25.0002	    -71.75	   25.0002
       8.7	   25.0002	    -71.75	   25.0002
      8.71	   25.0002	    -71.75	   25.0002
      8.72	   25.0002	    -71.75	   25.0002
      8.73	   25.0002	    -71.75	   25.0002
      8.74	   25.0002	    -71.75	   25.0002
      8.75	   25.0002	    -71.75	   25.0002
      8.76	   25.0002	    -71.75	   25.0002
      8.77	   25.0002	    -71.75	   25.0002
      8.78	   25.0002	    -71.75	   25.0002
      8.79	   25.0002	    -71.75	   25.0002
       8.8	   25.0002	    -71.75	   25.0002
      8.81	   25.0002	    -71.75	   25.0002
      8.82	   25.0002	    -71.75	   25.0002
      8.83	   25.0002	    -71.75	   25.0002
      8.84	   25.0002	    -71.75	   25.0002
      8.85	   25.0002	    -71.75	   25.0002
      8.86	   25.0002	    -71.75	   25.0002
      8.87	   25.0002	    -71.75	   25.0002
      8.88	   25.0002	    -71.75	   25.0002
      8.89	   25.0002	    -71.75	   25.0002
       8.9	   25.0002	    -71.75	   25.0002
      8.91	   25.0002	    -71.75	   25.0002
      8.92	   25.0002	    -71.75	   25.0002
      8.93	   25.0002	    -71.75	   25.0002
      8.94	   25.0002	    -71.75	   25.0002
      8.95	   25.0002	    -71.75	   25.0002
      8.96	   25.0002	    -71.75	   25.0002
      8.97	   25.0002	    -71.75	   25.0002
      8.98	   25.0002	    -71.75	   25.0002
      8.99	   25.0002	    -71.75	   25.0002
         9	   25.0002	    -71.75	   25.0002
      9.01	   25.0002	    -71.75	   25.0002
      9.02	   25.0002	    -71.75	   25.0002
      9.03	   25.0002	    -71.75	   25.0002
      9.04	   25.0002	    -71.75	   25.0002
      9.05	   25.0002	  -71.7501	   25.0002
      9.06	   25.0002	  -71.7501	   25.0002
      9.07	   25.0002	  -71.7501	   25.0002
      9.08	   25.0002	  -71.7501	   25.0002
      9.09	   25.0002	  -71.7501	   25.0002
       9.1	   25.0002	  -71.7501	   25.0002
      9.11	   25.0002	  -71.7501	   25.0002
      9.12	   25.0002	  -71.7501	   25.0002
      9.13	   25.0002	  -71.7501	   25.0002
      9.14	   25.0002	  -71.7501	   25.0002
      9.15	   25.0002	  -71.7501	   25.0002
      9.16	   25.0002	  -71.7501	   25.0002
      9.17	   25.0002	  -71.7501	   25.0002
      9.18	   25.0002	  -71.7501	   25.0002
      9.19	   25.0002	  -71.7501	   25.0002
       9.2	   25.0002	  -71.7501	   25.0002
      9.21	   25.0002	  -71.7501	   25.0002
      9.22	   25.0002	  -71.7501	   25.0002
      9.23	   25.0002	  -71.7501	   25.0002
      9.24	   25.0002	  -71.7501	   25.0002
      9.25	   25.0002	  -71.7501	   25.0002
      9.26	   25.0002	  -71.7502	   25.0002
      9.27	   25.0002	  -71.7502	   25.0002
      9.28	   25.0002	  -71.7502	   25.0002
      9.29	   25.0002	  -71.7502	   25.0002
       9.3	   25.0002	  -71.7502	   25.0002
      9.31	   25.0002	  -71.7502	   25.0002
      9.32	   25.0002	  -71.7502	   25.0002
      9.33	   25.0002	  -71.7502	   25.0002
      9.34	   25.0002	  -71.7502	   25.0002
      9.35	   25.0002	  -71.7502	   25.0002
      9.36	   25.0002	  -71.7502	   25.0002
      9.37	   25.0002	  -71.7502	   25.0002
      9.38	   25.0002	  -71.7502	   25.0002
      9.39	   25.0002	  -71.7502	   25.0002
       9.4	   25.0002	  -71.7502	   25.0002
      9.41	   25.0002	  -71.7502	   25.0002
      9.42	   25.0002	  -71.7502	   25.0002
      9.43	   25.0002	  -71.7502	   25.0002
      9.44	   25.0002	  -71.7502	   25.0002
      9.45	   25.0002	  -71.7502	   25.0002
      9.46	   25.0002	  -71.7502	   25.0002
      9.47	   25.0002	  -71.7503	   25.0002
      9.48	   25.0002	  -71.7503	   25.0002
      9.49	   25.0002	  -71.7503	   25.0002
       9.5	   25.0002	  -71.7503	   25.0002
      9.51	   25.0002	  -71.7503	   25.0002
      9.52	   25.0002	  -71.7503	   25.0002
      9.53	   25.0002	  -71.7503	   25.0002
      9.54	   25.0002	  -71.7503	   25.0002
      9.55	   25.0002	  -71.7503	   25.0002
      9.56	   25.0002	  -71.7503	   25.0002
      9.57	   25.0002	  -71.7503	   25.0002
      9.58	   25.0002	  -71.7503	   25.0002
      9.59	   25.0002	  -71.7503	   25.0002
       9.6	   25.0002	  -71.7503	   25.0002
      9.61	   25.0002	  -71.7503	   25.0002
      9.62	   25.0002	  -71.7503	   25.0002
      9.63	   25.0002	  -71.7503	   25.0002
      9.64	   25.0002	  -71.7503	   25.0002
      9.65	   25.0002	  -71.7503	   25.0002
      9.66	   25.0002	  -71.7503	   25.0002
      9.67	   25.0002	  -71.7503	   25.0002
      9.68	   25.0002	  -71.7504	   25.0002
      9.69	   25.0002	  -71.7504	   25.0002
       9.7	   25.0002	  -71.7504	   25.0002
      9.71	   25.0002	  -71.7504	   25.0002
      9.72	   25.0002	  -71.7504	   25.0002
      9.73	   25.0002	  -71.7504	   25.0002
      9.74	   25.0002	  -71.7504	   25.0002
      9.75	   25.0002	  -71.7504	   25.0002
      9.76	   25.0002	  -71.7504	   25.0002
      9.77	   25.0002	  -71.7504	   25.0002
      9.78	   25.0002	  -71.7504	   25.0002
      9.79	   25.0002	  -71.7504	   25.0002
       9.8	   25.0002	  -71.7504	   25.0002
      9.81	   25.0002	  -71.7504	   25.0002
      9.82	   25.0002	  -71.7504	   25.0002
      9.83	   25.0001	  -71.7504	   25.0002
      9.84	   25.0001	  -71.7504	   25.0002
      9.85	   25.0001	  -71.7504	   25.0002
      9.86	   25.0001	  -71.7504	   25.0002
      9.87	   25.0001	  -71.7504	   25.0002
      9.88	   25.0001	  -71.7505	   25.0002
      9.89	   25.0001	  -71.7505	   25.0002
       9.9	   25.0001	  -71.7505	   25.0002
      9.91	   25.0001	  -71.7505	   25.0002
      9.92	   25.0001	  -71.7505	   25.0002
      9.93	   25.0001	  -71.7505	   25.0002
      9.94	   25.0001	  -71.7505	   25.0002
      9.95	   25.0001	  -71.7505	   25.0002
      9.96	   25.0001	  -71.7505	   25.0002
      9.97	   25.0001	  -71.7505	   25.0002
      9.98	   25.0001	  -71.7505	   25.0002
      9.99	   25.0001	  -71.7505	   25.0002
        10	   25.0001	  -71.7505	   25.0002
     10.01	   25.0001	  -71.7505	   25.0002
     10.02	   25.0001	  -71.7505	   25.0002
     10.03	   25.0001	  -71.7505	   25.0002
     10.04	   25.0001	  -71.7505	   25.0002
     10.05	   25.0001	  -71.7505	   25.0002
     10.06	   25.0001	  -71.7505	   25.0002
     10.07	   25.0001	  -71.7505	   25.0002
     10.08	   25.0001	  -71.7505	   25.0002
     10.09	   25.0001	  -71.7506	   25.0002
      10.1	   25.0001	  -71.7506	   25.0002
     10.11	   25.0001	  -71.7506	   25.0002
     10.12	   25.0001	  -71.7506	   25.0002
     10.13	   25.0001	  -71.7506	   25.0002
     10.14	   25.0001	  -71.7506	   25.0002
     10.15	   25.0001	  -71.7506	   25.0002
     10.16	   25.0001	  -71.7506	   25.0002
     10.17	   25.0001	  -71.7506	   25.0002
     10.18	   25.0001	  -71.7506	   25.0002
