Time	"STREAMS(""S-21"").Zn(""CO2"")"	RR_CO2
         0	  0.967051	  0.975236
      0.01	  0.967051	  0.975236
      0.02	  0.967051	  0.975236
      0.03	  0.967051	  0.975236
      0.04	  0.967051	  0.975236
      0.05	  0.967051	  0.975236
      0.06	  0.967051	  0.975236
      0.07	  0.967051	  0.975236
      0.08	  0.967051	  0.975236
      0.09	  0.967051	  0.975236
       0.1	  0.967051	  0.975236
      0.11	  0.967051	  0.975236
      0.12	  0.967051	  0.975236
      0.13	  0.967051	  0.975236
      0.14	  0.967051	  0.975236
      0.15	  0.967051	  0.975236
      0.16	  0.967051	  0.975236
      0.17	  0.967051	  0.975236
      0.18	  0.967051	  0.975236
      0.19	  0.967051	  0.975236
       0.2	  0.967051	  0.975236
      0.21	  0.967051	  0.975236
      0.22	  0.967051	  0.975236
      0.23	  0.967051	  0.975236
      0.24	  0.967051	  0.975236
      0.25	  0.967051	  0.975236
      0.26	  0.967051	  0.975236
      0.27	  0.967051	  0.975236
      0.28	  0.967051	  0.975236
      0.29	  0.967051	  0.975236
       0.3	  0.967051	  0.975236
      0.31	  0.967051	  0.975236
      0.32	  0.967051	  0.975236
      0.33	  0.967051	  0.975236
      0.34	  0.967051	  0.975236
      0.35	  0.967051	  0.975236
      0.36	  0.967051	  0.975236
      0.37	  0.967051	  0.975236
      0.38	  0.967051	  0.975236
      0.39	  0.967051	  0.975236
       0.4	  0.967051	  0.975236
      0.41	  0.967051	  0.975236
      0.42	  0.967051	  0.975236
      0.43	  0.967051	  0.975236
      0.44	  0.967051	  0.975236
      0.45	  0.967051	  0.975236
      0.46	  0.967051	  0.975236
      0.47	  0.967051	  0.975236
      0.48	  0.967051	  0.975236
      0.49	  0.967051	  0.975236
       0.5	  0.967051	  0.975236
      0.51	  0.967051	  0.975236
      0.52	  0.967051	  0.975236
      0.53	  0.967051	  0.975236
      0.54	  0.967051	  0.975236
      0.55	  0.967051	  0.975236
      0.56	  0.967051	  0.975236
      0.57	  0.967051	  0.975236
      0.58	  0.967051	  0.975236
      0.59	  0.967051	  0.975236
       0.6	  0.967051	  0.975236
      0.61	  0.967051	  0.975236
      0.62	  0.967051	  0.975236
      0.63	  0.967051	  0.975236
      0.64	  0.967051	  0.975236
      0.65	  0.967051	  0.975236
      0.66	  0.967051	  0.975236
      0.67	  0.967051	  0.975236
      0.68	  0.967051	  0.975236
      0.69	  0.967051	  0.975236
       0.7	  0.967051	  0.975236
      0.71	  0.967051	  0.975236
      0.72	  0.967051	  0.975236
      0.73	  0.967051	  0.975236
      0.74	  0.967051	  0.975236
      0.75	  0.967051	  0.975236
      0.76	  0.967051	  0.975236
      0.77	  0.967051	  0.975236
      0.78	  0.967051	  0.975236
      0.79	  0.967051	  0.975236
       0.8	  0.967051	  0.975236
      0.81	  0.967051	  0.975236
      0.82	  0.967051	  0.975236
      0.83	  0.967051	  0.975236
      0.84	  0.967051	  0.975236
      0.85	  0.967051	  0.975236
      0.86	  0.967051	  0.975236
      0.87	  0.967051	  0.975236
      0.88	  0.967051	  0.975236
      0.89	  0.967051	  0.975236
       0.9	  0.967051	  0.975236
      0.91	  0.967051	  0.975236
      0.92	  0.967051	  0.975236
      0.93	  0.967051	  0.975236
      0.94	  0.967051	  0.975236
      0.95	  0.967051	  0.975236
      0.96	  0.967051	  0.975236
      0.97	  0.967051	  0.975236
      0.98	  0.967051	  0.975236
      0.99	  0.967051	  0.975236
         1	  0.967051	  0.975236
      1.01	  0.967036	  0.993443
      1.02	  0.967035	  0.989845
      1.03	  0.967035	  0.985888
      1.04	  0.967045	  0.982358
      1.05	  0.967056	  0.979574
      1.06	  0.967078	  0.977311
      1.07	  0.967099	  0.975404
      1.08	  0.967131	  0.974085
      1.09	  0.967163	   0.97296
       1.1	  0.967195	  0.972136
      1.11	  0.967235	  0.971436
      1.12	  0.967276	  0.970766
      1.13	  0.967317	  0.970276
      1.14	  0.967363	   0.96984
      1.15	   0.96741	  0.969417
      1.16	  0.967456	  0.969189
      1.17	  0.967502	   0.96896
      1.18	  0.967548	  0.968746
      1.19	  0.967595	  0.968627
       1.2	  0.967642	  0.968508
      1.21	  0.967689	  0.968357
      1.22	  0.967736	  0.968172
      1.23	  0.967783	  0.967987
      1.24	   0.96783	  0.967816
      1.25	  0.967873	  0.967661
      1.26	  0.967915	  0.967506
      1.27	  0.967957	   0.96735
      1.28	     0.968	   0.96726
      1.29	  0.968042	  0.967183
       1.3	   0.96808	  0.967106
      1.31	  0.968118	  0.967029
      1.32	  0.968155	   0.96701
      1.33	  0.968193	  0.966992
      1.34	  0.968226	  0.966976
      1.35	  0.968258	  0.966959
      1.36	  0.968291	  0.966932
      1.37	  0.968318	  0.966905
      1.38	  0.968346	  0.966878
      1.39	  0.968373	  0.966865
       1.4	    0.9684	  0.966875
      1.41	  0.968422	  0.966885
      1.42	  0.968443	  0.966896
      1.43	  0.968465	  0.966906
      1.44	  0.968487	  0.966948
      1.45	  0.968502	  0.966991
      1.46	  0.968517	  0.967034
      1.47	  0.968532	  0.967076
      1.48	  0.968548	   0.96713
      1.49	  0.968563	  0.967195
       1.5	  0.968573	  0.967259
      1.51	  0.968582	  0.967324
      1.52	  0.968592	  0.967388
      1.53	  0.968601	   0.96747
      1.54	  0.968611	  0.967553
      1.55	  0.968615	   0.96764
      1.56	   0.96862	  0.967728
      1.57	  0.968625	  0.967815
      1.58	   0.96863	  0.967903
      1.59	  0.968634	  0.968002
       1.6	  0.968635	  0.968101
      1.61	  0.968636	    0.9682
      1.62	  0.968637	  0.968299
      1.63	  0.968637	  0.968397
      1.64	  0.968638	  0.968503
      1.65	  0.968639	  0.968608
      1.66	  0.968637	  0.968713
      1.67	  0.968634	  0.968818
      1.68	  0.968632	  0.968923
      1.69	   0.96863	  0.969028
       1.7	  0.968628	  0.969137
      1.71	  0.968626	  0.969246
      1.72	  0.968621	  0.969355
      1.73	  0.968617	  0.969465
      1.74	  0.968613	  0.969574
      1.75	  0.968609	  0.969688
      1.76	  0.968605	  0.969802
      1.77	  0.968601	  0.969916
      1.78	  0.968597	   0.97003
      1.79	  0.968592	  0.970144
       1.8	  0.968587	   0.97026
      1.81	  0.968582	  0.970376
      1.82	  0.968577	  0.970492
      1.83	  0.968572	  0.970608
      1.84	  0.968567	  0.970718
      1.85	  0.968562	  0.970828
      1.86	  0.968557	  0.970937
      1.87	  0.968552	  0.971047
      1.88	  0.968547	  0.971156
      1.89	  0.968542	  0.971257
       1.9	  0.968537	  0.971358
      1.91	  0.968532	  0.971458
      1.92	  0.968527	  0.971559
      1.93	  0.968522	   0.97166
      1.94	  0.968517	  0.971752
      1.95	  0.968512	  0.971844
      1.96	  0.968507	  0.971936
      1.97	  0.968502	  0.972028
      1.98	  0.968497	  0.972119
      1.99	  0.968492	  0.972201
         2	  0.968487	  0.972282
      2.01	  0.968482	  0.972363
      2.02	  0.968477	  0.972444
      2.03	  0.968473	  0.972525
      2.04	  0.968468	  0.972595
      2.05	  0.968463	  0.972665
      2.06	  0.968458	  0.972735
      2.07	  0.968453	  0.972805
      2.08	  0.968448	  0.972875
      2.09	  0.968443	  0.972933
       2.1	  0.968438	  0.972992
      2.11	  0.968433	   0.97305
      2.12	  0.968428	  0.973109
      2.13	  0.968423	  0.973154
      2.14	  0.968418	    0.9732
      2.15	  0.968413	  0.973246
      2.16	  0.968408	   0.97329
      2.17	  0.968403	  0.973335
      2.18	  0.968398	  0.973366
      2.19	  0.968393	  0.973397
       2.2	  0.968388	  0.973428
      2.21	  0.968383	  0.973458
      2.22	  0.968378	  0.973488
      2.23	  0.968373	  0.973505
      2.24	  0.968368	  0.973523
      2.25	  0.968363	   0.97354
      2.26	   0.96836	  0.973553
      2.27	  0.968358	  0.973565
      2.28	  0.968355	  0.973578
      2.29	  0.968352	  0.973579
       2.3	  0.968349	   0.97358
      2.31	  0.968346	   0.97358
      2.32	  0.968343	  0.973581
      2.33	   0.96834	  0.973582
      2.34	  0.968337	  0.973571
      2.35	  0.968334	   0.97356
      2.36	  0.968331	  0.973549
      2.37	  0.968329	  0.973538
      2.38	  0.968326	  0.973526
      2.39	  0.968324	  0.973505
       2.4	  0.968323	  0.973484
      2.41	  0.968322	  0.973463
      2.42	  0.968321	  0.973442
      2.43	   0.96832	   0.97342
      2.44	  0.968318	   0.97339
      2.45	  0.968317	   0.97336
      2.46	  0.968316	   0.97333
      2.47	  0.968315	    0.9733
      2.48	  0.968314	   0.97327
      2.49	  0.968313	  0.973232
       2.5	  0.968311	  0.973194
      2.51	   0.96831	  0.973156
      2.52	  0.968309	  0.973119
      2.53	   0.96831	  0.973081
      2.54	   0.96831	  0.973043
      2.55	  0.968311	     0.973
      2.56	  0.968311	  0.972957
      2.57	  0.968312	  0.972914
      2.58	  0.968312	  0.972871
      2.59	  0.968313	  0.972828
       2.6	  0.968314	  0.972785
      2.61	  0.968314	  0.972742
      2.62	  0.968315	  0.972699
      2.63	  0.968315	  0.972656
      2.64	  0.968316	  0.972612
      2.65	  0.968316	  0.972569
      2.66	  0.968317	  0.972526
      2.67	  0.968319	  0.972485
      2.68	   0.96832	  0.972444
      2.69	  0.968322	  0.972402
       2.7	  0.968324	  0.972361
      2.71	  0.968326	   0.97232
      2.72	  0.968327	  0.972279
      2.73	  0.968329	  0.972238
      2.74	  0.968331	  0.972203
      2.75	  0.968332	  0.972169
      2.76	  0.968334	  0.972135
      2.77	  0.968336	    0.9721
      2.78	  0.968338	  0.972066
      2.79	  0.968339	  0.972032
       2.8	  0.968341	  0.972002
      2.81	  0.968343	  0.971972
      2.82	  0.968345	  0.971942
      2.83	  0.968346	  0.971913
      2.84	  0.968348	  0.971889
      2.85	  0.968349	  0.971865
      2.86	  0.968351	  0.971841
      2.87	  0.968353	  0.971818
      2.88	  0.968354	  0.971794
      2.89	  0.968356	  0.971777
       2.9	  0.968358	   0.97176
      2.91	  0.968359	  0.971743
      2.92	  0.968361	  0.971726
      2.93	  0.968363	   0.97171
      2.94	  0.968364	  0.971693
      2.95	  0.968366	  0.971682
      2.96	  0.968367	  0.971671
      2.97	  0.968369	   0.97166
      2.98	  0.968371	  0.971648
      2.99	  0.968372	  0.971637
         3	  0.968374	  0.971631
      3.01	  0.968376	  0.971625
      3.02	  0.968377	  0.971618
      3.03	  0.968379	  0.971612
      3.04	  0.968381	  0.971606
      3.05	  0.968382	  0.971604
      3.06	  0.968384	  0.971602
      3.07	  0.968385	  0.971599
      3.08	  0.968387	  0.971597
      3.09	  0.968389	  0.971595
       3.1	   0.96839	  0.971593
      3.11	  0.968392	  0.971595
      3.12	  0.968393	  0.971596
      3.13	  0.968393	  0.971597
      3.14	  0.968394	  0.971599
      3.15	  0.968395	    0.9716
      3.16	  0.968395	  0.971604
      3.17	  0.968396	  0.971608
      3.18	  0.968397	  0.971612
      3.19	  0.968397	  0.971616
       3.2	  0.968398	   0.97162
      3.21	  0.968399	  0.971624
      3.22	  0.968399	  0.971628
      3.23	    0.9684	  0.971634
      3.24	  0.968401	  0.971641
      3.25	  0.968401	  0.971647
      3.26	  0.968402	  0.971654
      3.27	  0.968403	   0.97166
      3.28	  0.968404	  0.971667
      3.29	  0.968404	  0.971673
       3.3	  0.968405	  0.971679
      3.31	  0.968406	  0.971686
      3.32	  0.968406	  0.971692
      3.33	  0.968406	  0.971699
      3.34	  0.968406	  0.971706
      3.35	  0.968406	  0.971713
      3.36	  0.968406	   0.97172
      3.37	  0.968406	  0.971727
      3.38	  0.968406	  0.971734
      3.39	  0.968406	  0.971741
       3.4	  0.968406	  0.971748
      3.41	  0.968406	  0.971755
      3.42	  0.968406	  0.971762
      3.43	  0.968406	   0.97177
      3.44	  0.968406	  0.971777
      3.45	  0.968406	  0.971784
      3.46	  0.968406	  0.971791
      3.47	  0.968406	  0.971798
      3.48	  0.968407	  0.971805
      3.49	  0.968407	  0.971812
       3.5	  0.968407	  0.971819
      3.51	  0.968407	  0.971826
      3.52	  0.968407	  0.971833
      3.53	  0.968407	   0.97184
      3.54	  0.968407	  0.971847
      3.55	  0.968407	  0.971854
      3.56	  0.968407	  0.971861
      3.57	  0.968407	  0.971868
      3.58	  0.968407	  0.971876
      3.59	  0.968407	  0.971883
       3.6	  0.968407	   0.97189
      3.61	  0.968407	  0.971897
      3.62	  0.968407	  0.971904
      3.63	  0.968407	   0.97191
      3.64	  0.968407	  0.971915
      3.65	  0.968407	  0.971921
      3.66	  0.968407	  0.971927
      3.67	  0.968407	  0.971933
      3.68	  0.968407	  0.971938
      3.69	  0.968407	  0.971944
       3.7	  0.968407	   0.97195
      3.71	  0.968407	  0.971956
      3.72	  0.968407	  0.971962
      3.73	  0.968407	  0.971967
      3.74	  0.968407	  0.971973
      3.75	  0.968407	  0.971979
      3.76	  0.968407	  0.971985
      3.77	  0.968407	   0.97199
      3.78	  0.968407	  0.971996
      3.79	  0.968406	  0.972002
       3.8	  0.968406	  0.972008
      3.81	  0.968406	  0.972013
      3.82	  0.968406	  0.972018
      3.83	  0.968406	  0.972022
      3.84	  0.968406	  0.972026
      3.85	  0.968406	  0.972031
      3.86	  0.968406	  0.972035
      3.87	  0.968406	   0.97204
      3.88	  0.968406	  0.972044
      3.89	  0.968406	  0.972048
       3.9	  0.968406	  0.972053
      3.91	  0.968406	  0.972057
      3.92	  0.968406	  0.972061
      3.93	  0.968406	  0.972064
      3.94	  0.968406	  0.972066
      3.95	  0.968406	  0.972069
      3.96	  0.968406	  0.972072
      3.97	  0.968406	  0.972074
      3.98	  0.968405	  0.972077
      3.99	  0.968405	  0.972079
         4	  0.968405	  0.972082
      4.01	  0.968405	  0.972085
      4.02	  0.968405	  0.972087
      4.03	  0.968405	   0.97209
      4.04	  0.968405	  0.972092
      4.05	  0.968405	  0.972093
      4.06	  0.968405	  0.972094
      4.07	  0.968405	  0.972095
      4.08	  0.968405	  0.972095
      4.09	  0.968405	  0.972096
       4.1	  0.968405	  0.972097
      4.11	  0.968405	  0.972098
      4.12	  0.968405	  0.972098
      4.13	  0.968405	  0.972099
      4.14	  0.968405	    0.9721
      4.15	  0.968405	    0.9721
      4.16	  0.968405	  0.972101
      4.17	  0.968405	    0.9721
      4.18	  0.968404	  0.972099
      4.19	  0.968404	  0.972099
       4.2	  0.968404	  0.972098
      4.21	  0.968404	  0.972097
      4.22	  0.968404	  0.972096
      4.23	  0.968404	  0.972095
      4.24	  0.968404	  0.972094
      4.25	  0.968404	  0.972093
      4.26	  0.968404	  0.972092
      4.27	  0.968404	  0.972092
      4.28	  0.968404	  0.972089
      4.29	  0.968404	  0.972087
       4.3	  0.968404	  0.972085
      4.31	  0.968404	  0.972082
      4.32	  0.968404	   0.97208
      4.33	  0.968404	  0.972078
      4.34	  0.968404	  0.972075
      4.35	  0.968404	  0.972073
      4.36	  0.968404	  0.972071
      4.37	  0.968404	  0.972068
      4.38	  0.968403	  0.972066
      4.39	  0.968403	  0.972064
       4.4	  0.968403	  0.972061
      4.41	  0.968403	  0.972059
      4.42	  0.968403	  0.972056
      4.43	  0.968403	  0.972054
      4.44	  0.968403	  0.972051
      4.45	  0.968403	  0.972049
      4.46	  0.968403	  0.972046
      4.47	  0.968403	  0.972043
      4.48	  0.968403	  0.972041
      4.49	  0.968403	  0.972038
       4.5	  0.968403	  0.972036
      4.51	  0.968403	  0.972033
      4.52	  0.968403	  0.972031
      4.53	  0.968403	  0.972028
      4.54	  0.968403	  0.972025
      4.55	  0.968403	  0.972023
      4.56	  0.968403	   0.97202
      4.57	  0.968403	  0.972018
      4.58	  0.968402	  0.972015
      4.59	  0.968402	  0.972012
       4.6	  0.968402	   0.97201
      4.61	  0.968402	  0.972007
      4.62	  0.968402	  0.972005
      4.63	  0.968402	  0.972002
      4.64	  0.968402	     0.972
      4.65	  0.968402	  0.971997
      4.66	  0.968402	  0.971994
      4.67	  0.968402	  0.971992
      4.68	  0.968402	  0.971989
      4.69	  0.968402	  0.971987
       4.7	  0.968402	  0.971984
      4.71	  0.968402	  0.971981
      4.72	  0.968402	  0.971979
      4.73	  0.968402	  0.971976
      4.74	  0.968402	  0.971974
      4.75	  0.968402	  0.971971
      4.76	  0.968402	  0.971969
      4.77	  0.968402	  0.971966
      4.78	  0.968401	  0.971963
      4.79	  0.968401	  0.971961
       4.8	  0.968401	  0.971958
      4.81	  0.968401	  0.971956
      4.82	  0.968401	  0.971953
      4.83	  0.968401	   0.97195
      4.84	  0.968401	  0.971948
      4.85	  0.968401	  0.971947
      4.86	  0.968401	  0.971947
      4.87	  0.968401	  0.971946
      4.88	  0.968401	  0.971945
      4.89	  0.968401	  0.971945
       4.9	  0.968401	  0.971944
      4.91	  0.968401	  0.971944
      4.92	  0.968401	  0.971943
      4.93	  0.968401	  0.971942
      4.94	  0.968401	  0.971942
      4.95	  0.968401	  0.971941
      4.96	  0.968401	   0.97194
      4.97	  0.968401	   0.97194
      4.98	  0.968401	  0.971939
      4.99	  0.968401	  0.971939
         5	  0.968401	  0.971939
      5.01	  0.968401	   0.97194
      5.02	  0.968401	  0.971941
      5.03	  0.968401	  0.971941
      5.04	  0.968401	  0.971942
      5.05	  0.968401	  0.971943
      5.06	  0.968401	  0.971943
      5.07	  0.968401	  0.971944
      5.08	  0.968401	  0.971945
      5.09	  0.968401	  0.971945
       5.1	  0.968401	  0.971946
      5.11	  0.968401	  0.971947
      5.12	  0.968402	  0.971947
      5.13	  0.968402	  0.971948
      5.14	  0.968402	  0.971949
      5.15	  0.968402	  0.971949
      5.16	  0.968402	   0.97195
      5.17	  0.968402	  0.971952
      5.18	  0.968402	  0.971953
      5.19	  0.968402	  0.971955
       5.2	  0.968402	  0.971956
      5.21	  0.968402	  0.971958
      5.22	  0.968402	  0.971959
      5.23	  0.968402	  0.971961
      5.24	  0.968402	  0.971963
      5.25	  0.968402	  0.971964
      5.26	  0.968402	  0.971966
      5.27	  0.968402	  0.971967
      5.28	  0.968402	  0.971969
      5.29	  0.968402	   0.97197
       5.3	  0.968402	  0.971972
      5.31	  0.968402	  0.971973
      5.32	  0.968402	  0.971975
      5.33	  0.968402	  0.971976
      5.34	  0.968402	  0.971978
      5.35	  0.968402	   0.97198
      5.36	  0.968402	  0.971981
      5.37	  0.968402	  0.971983
      5.38	  0.968402	  0.971984
      5.39	  0.968402	  0.971986
       5.4	  0.968402	  0.971987
      5.41	  0.968402	  0.971989
      5.42	  0.968402	   0.97199
      5.43	  0.968402	  0.971991
      5.44	  0.968402	  0.971992
      5.45	  0.968402	  0.971994
      5.46	  0.968402	  0.971995
      5.47	  0.968402	  0.971996
      5.48	  0.968402	  0.971997
      5.49	  0.968402	  0.971999
       5.5	  0.968402	     0.972
      5.51	  0.968402	  0.972001
      5.52	  0.968402	  0.972002
      5.53	  0.968402	  0.972003
      5.54	  0.968402	  0.972005
      5.55	  0.968402	  0.972006
      5.56	  0.968402	  0.972007
      5.57	  0.968402	  0.972008
      5.58	  0.968402	   0.97201
      5.59	  0.968402	  0.972011
       5.6	  0.968402	  0.972012
      5.61	  0.968402	  0.972013
      5.62	  0.968402	  0.972014
      5.63	  0.968402	  0.972016
      5.64	  0.968402	  0.972017
      5.65	  0.968402	  0.972017
      5.66	  0.968402	  0.972017
      5.67	  0.968402	  0.972017
      5.68	  0.968402	  0.972018
      5.69	  0.968402	  0.972018
       5.7	  0.968402	  0.972018
      5.71	  0.968402	  0.972018
      5.72	  0.968402	  0.972018
      5.73	  0.968402	  0.972019
      5.74	  0.968402	  0.972019
      5.75	  0.968402	  0.972019
      5.76	  0.968402	  0.972019
      5.77	  0.968402	  0.972019
      5.78	  0.968402	   0.97202
      5.79	  0.968402	   0.97202
       5.8	  0.968402	   0.97202
      5.81	  0.968402	   0.97202
      5.82	  0.968402	  0.972021
      5.83	  0.968402	  0.972021
      5.84	  0.968402	   0.97202
      5.85	  0.968402	  0.972019
      5.86	  0.968402	  0.972018
      5.87	  0.968402	  0.972018
      5.88	  0.968402	  0.972017
      5.89	  0.968402	  0.972016
       5.9	  0.968402	  0.972015
      5.91	  0.968402	  0.972015
      5.92	  0.968402	  0.972014
      5.93	  0.968402	  0.972013
      5.94	  0.968402	  0.972012
      5.95	  0.968402	  0.972012
      5.96	  0.968402	  0.972011
      5.97	  0.968402	   0.97201
      5.98	  0.968403	  0.972009
      5.99	  0.968403	  0.972008
         6	  0.968403	  0.972008
      6.01	  0.968403	  0.972007
      6.02	  0.968403	  0.972006
      6.03	  0.968403	  0.972005
      6.04	  0.968403	  0.972005
      6.05	  0.968403	  0.972004
      6.06	  0.968403	  0.972003
      6.07	  0.968403	  0.972002
      6.08	  0.968403	  0.972002
      6.09	  0.968403	  0.972001
       6.1	  0.968403	     0.972
      6.11	  0.968403	  0.971999
      6.12	  0.968403	  0.971998
      6.13	  0.968403	  0.971997
      6.14	  0.968403	  0.971997
      6.15	  0.968403	  0.971996
      6.16	  0.968403	  0.971995
      6.17	  0.968403	  0.971994
      6.18	  0.968403	  0.971993
      6.19	  0.968403	  0.971992
       6.2	  0.968403	  0.971991
      6.21	  0.968403	  0.971991
      6.22	  0.968403	   0.97199
      6.23	  0.968403	  0.971989
      6.24	  0.968403	  0.971988
      6.25	  0.968403	  0.971987
      6.26	  0.968403	  0.971986
      6.27	  0.968403	  0.971986
      6.28	  0.968403	  0.971985
      6.29	  0.968403	  0.971984
       6.3	  0.968403	  0.971983
      6.31	  0.968403	  0.971982
      6.32	  0.968403	  0.971981
      6.33	  0.968403	   0.97198
      6.34	  0.968403	   0.97198
      6.35	  0.968403	  0.971979
      6.36	  0.968403	  0.971978
      6.37	  0.968403	  0.971977
      6.38	  0.968403	  0.971976
      6.39	  0.968403	  0.971975
       6.4	  0.968403	  0.971975
      6.41	  0.968403	  0.971974
      6.42	  0.968403	  0.971973
      6.43	  0.968403	  0.971972
      6.44	  0.968403	  0.971971
      6.45	  0.968403	   0.97197
      6.46	  0.968403	  0.971969
      6.47	  0.968403	  0.971969
      6.48	  0.968403	  0.971968
      6.49	  0.968403	  0.971967
       6.5	  0.968403	  0.971967
      6.51	  0.968403	  0.971967
      6.52	  0.968403	  0.971967
      6.53	  0.968403	  0.971967
      6.54	  0.968403	  0.971967
      6.55	  0.968403	  0.971967
      6.56	  0.968403	  0.971967
      6.57	  0.968403	  0.971967
      6.58	  0.968403	  0.971967
      6.59	  0.968403	  0.971968
       6.6	  0.968403	  0.971968
      6.61	  0.968403	  0.971968
      6.62	  0.968403	  0.971968
      6.63	  0.968403	  0.971968
      6.64	  0.968403	  0.971968
      6.65	  0.968403	  0.971968
      6.66	  0.968403	  0.971968
      6.67	  0.968403	  0.971968
      6.68	  0.968403	  0.971968
      6.69	  0.968403	  0.971968
       6.7	  0.968403	  0.971968
      6.71	  0.968403	  0.971968
      6.72	  0.968403	  0.971968
      6.73	  0.968403	  0.971968
      6.74	  0.968403	  0.971969
      6.75	  0.968403	  0.971969
      6.76	  0.968403	  0.971969
      6.77	  0.968403	  0.971969
      6.78	  0.968403	   0.97197
      6.79	  0.968403	   0.97197
       6.8	  0.968403	   0.97197
      6.81	  0.968403	  0.971971
      6.82	  0.968403	  0.971971
      6.83	  0.968403	  0.971971
      6.84	  0.968403	  0.971972
      6.85	  0.968403	  0.971972
      6.86	  0.968403	  0.971972
      6.87	  0.968403	  0.971973
      6.88	  0.968403	  0.971973
      6.89	  0.968403	  0.971973
       6.9	  0.968403	  0.971973
      6.91	  0.968403	  0.971974
      6.92	  0.968403	  0.971974
      6.93	  0.968403	  0.971974
      6.94	  0.968403	  0.971975
      6.95	  0.968403	  0.971975
      6.96	  0.968403	  0.971975
      6.97	  0.968403	  0.971976
      6.98	  0.968403	  0.971976
      6.99	  0.968403	  0.971976
         7	  0.968403	  0.971977
      7.01	  0.968403	  0.971977
      7.02	  0.968403	  0.971977
      7.03	  0.968403	  0.971978
      7.04	  0.968403	  0.971978
      7.05	  0.968403	  0.971978
      7.06	  0.968403	  0.971978
      7.07	  0.968403	  0.971979
      7.08	  0.968403	  0.971979
      7.09	  0.968403	  0.971979
       7.1	  0.968403	   0.97198
      7.11	  0.968403	   0.97198
      7.12	  0.968403	   0.97198
      7.13	  0.968403	  0.971981
      7.14	  0.968403	  0.971981
      7.15	  0.968403	  0.971981
      7.16	  0.968403	  0.971982
      7.17	  0.968403	  0.971982
      7.18	  0.968403	  0.971982
      7.19	  0.968403	  0.971982
       7.2	  0.968403	  0.971983
      7.21	  0.968403	  0.971983
      7.22	  0.968403	  0.971983
      7.23	  0.968403	  0.971984
      7.24	  0.968403	  0.971984
      7.25	  0.968403	  0.971984
      7.26	  0.968403	  0.971985
      7.27	  0.968403	  0.971985
      7.28	  0.968403	  0.971985
      7.29	  0.968403	  0.971986
       7.3	  0.968403	  0.971986
      7.31	  0.968403	  0.971986
      7.32	  0.968403	  0.971987
      7.33	  0.968403	  0.971987
      7.34	  0.968403	  0.971987
      7.35	  0.968403	  0.971987
      7.36	  0.968403	  0.971988
      7.37	  0.968403	  0.971988
      7.38	  0.968403	  0.971988
      7.39	  0.968403	  0.971989
       7.4	  0.968403	  0.971989
      7.41	  0.968403	  0.971989
      7.42	  0.968403	   0.97199
      7.43	  0.968403	   0.97199
      7.44	  0.968403	   0.97199
      7.45	  0.968403	  0.971991
      7.46	  0.968403	  0.971991
      7.47	  0.968403	  0.971991
      7.48	  0.968403	  0.971991
      7.49	  0.968403	  0.971992
       7.5	  0.968403	  0.971992
      7.51	  0.968403	  0.971992
      7.52	  0.968403	  0.971993
      7.53	  0.968403	  0.971993
      7.54	  0.968403	  0.971993
      7.55	  0.968403	  0.971994
      7.56	  0.968403	  0.971994
      7.57	  0.968403	  0.971994
      7.58	  0.968403	  0.971994
      7.59	  0.968403	  0.971993
       7.6	  0.968403	  0.971993
      7.61	  0.968403	  0.971993
      7.62	  0.968403	  0.971993
      7.63	  0.968403	  0.971993
      7.64	  0.968403	  0.971993
      7.65	  0.968403	  0.971992
      7.66	  0.968403	  0.971992
      7.67	  0.968403	  0.971992
      7.68	  0.968403	  0.971992
      7.69	  0.968403	  0.971992
       7.7	  0.968403	  0.971992
      7.71	  0.968403	  0.971991
      7.72	  0.968403	  0.971991
      7.73	  0.968403	  0.971991
      7.74	  0.968403	  0.971991
      7.75	  0.968403	  0.971991
      7.76	  0.968403	  0.971991
      7.77	  0.968403	   0.97199
      7.78	  0.968403	   0.97199
      7.79	  0.968403	   0.97199
       7.8	  0.968403	   0.97199
      7.81	  0.968403	   0.97199
      7.82	  0.968403	   0.97199
      7.83	  0.968403	   0.97199
      7.84	  0.968403	  0.971989
      7.85	  0.968403	  0.971989
      7.86	  0.968403	  0.971989
      7.87	  0.968403	  0.971989
      7.88	  0.968403	  0.971989
      7.89	  0.968403	  0.971989
       7.9	  0.968403	  0.971988
      7.91	  0.968403	  0.971988
      7.92	  0.968403	  0.971988
      7.93	  0.968403	  0.971988
      7.94	  0.968403	  0.971988
      7.95	  0.968403	  0.971988
      7.96	  0.968403	  0.971987
      7.97	  0.968403	  0.971987
      7.98	  0.968403	  0.971987
      7.99	  0.968403	  0.971987
         8	  0.968403	  0.971987
      8.01	  0.968403	  0.971987
      8.02	  0.968403	  0.971986
      8.03	  0.968403	  0.971986
      8.04	  0.968403	  0.971986
      8.05	  0.968403	  0.971986
      8.06	  0.968403	  0.971986
      8.07	  0.968403	  0.971986
      8.08	  0.968403	  0.971985
      8.09	  0.968403	  0.971985
       8.1	  0.968403	  0.971985
      8.11	  0.968403	  0.971985
      8.12	  0.968403	  0.971985
      8.13	  0.968403	  0.971985
      8.14	  0.968403	  0.971984
      8.15	  0.968403	  0.971984
      8.16	  0.968403	  0.971984
      8.17	  0.968403	  0.971984
      8.18	  0.968403	  0.971984
      8.19	  0.968403	  0.971984
       8.2	  0.968403	  0.971983
      8.21	  0.968403	  0.971983
      8.22	  0.968403	  0.971983
      8.23	  0.968403	  0.971983
      8.24	  0.968403	  0.971983
      8.25	  0.968403	  0.971983
      8.26	  0.968403	  0.971982
      8.27	  0.968403	  0.971982
      8.28	  0.968403	  0.971982
      8.29	  0.968403	  0.971982
       8.3	  0.968403	  0.971982
      8.31	  0.968403	  0.971982
      8.32	  0.968403	  0.971981
      8.33	  0.968403	  0.971981
      8.34	  0.968403	  0.971981
      8.35	  0.968403	  0.971981
      8.36	  0.968403	  0.971981
      8.37	  0.968403	  0.971981
      8.38	  0.968403	   0.97198
      8.39	  0.968403	   0.97198
       8.4	  0.968403	   0.97198
      8.41	  0.968403	   0.97198
      8.42	  0.968403	   0.97198
      8.43	  0.968403	   0.97198
      8.44	  0.968403	  0.971979
      8.45	  0.968403	  0.971979
      8.46	  0.968403	  0.971979
      8.47	  0.968403	   0.97198
      8.48	  0.968403	   0.97198
      8.49	  0.968403	   0.97198
       8.5	  0.968403	   0.97198
      8.51	  0.968403	   0.97198
      8.52	  0.968403	   0.97198
      8.53	  0.968403	   0.97198
      8.54	  0.968403	   0.97198
      8.55	  0.968403	   0.97198
      8.56	  0.968403	   0.97198
      8.57	  0.968403	   0.97198
      8.58	  0.968403	  0.971981
      8.59	  0.968403	  0.971981
       8.6	  0.968403	  0.971981
      8.61	  0.968403	  0.971981
      8.62	  0.968403	  0.971981
      8.63	  0.968403	  0.971981
      8.64	  0.968403	  0.971981
      8.65	  0.968403	  0.971981
      8.66	  0.968403	  0.971981
      8.67	  0.968403	  0.971981
      8.68	  0.968403	  0.971982
      8.69	  0.968403	  0.971982
       8.7	  0.968403	  0.971982
      8.71	  0.968403	  0.971982
      8.72	  0.968403	  0.971982
      8.73	  0.968403	  0.971982
      8.74	  0.968403	  0.971982
      8.75	  0.968403	  0.971982
      8.76	  0.968403	  0.971982
      8.77	  0.968403	  0.971982
      8.78	  0.968403	  0.971982
      8.79	  0.968403	  0.971983
       8.8	  0.968403	  0.971983
      8.81	  0.968403	  0.971983
      8.82	  0.968403	  0.971983
      8.83	  0.968403	  0.971983
      8.84	  0.968403	  0.971983
      8.85	  0.968403	  0.971983
      8.86	  0.968403	  0.971983
      8.87	  0.968403	  0.971983
      8.88	  0.968403	  0.971983
      8.89	  0.968403	  0.971984
       8.9	  0.968403	  0.971984
      8.91	  0.968403	  0.971984
      8.92	  0.968403	  0.971984
      8.93	  0.968403	  0.971984
      8.94	  0.968403	  0.971984
      8.95	  0.968403	  0.971984
      8.96	  0.968403	  0.971984
      8.97	  0.968403	  0.971984
      8.98	  0.968403	  0.971984
      8.99	  0.968403	  0.971984
         9	  0.968403	  0.971985
      9.01	  0.968403	  0.971985
      9.02	  0.968403	  0.971985
      9.03	  0.968403	  0.971985
      9.04	  0.968403	  0.971985
      9.05	  0.968403	  0.971985
      9.06	  0.968403	  0.971985
      9.07	  0.968403	  0.971985
      9.08	  0.968403	  0.971985
      9.09	  0.968403	  0.971985
       9.1	  0.968403	  0.971986
      9.11	  0.968403	  0.971986
      9.12	  0.968403	  0.971986
      9.13	  0.968403	  0.971986
      9.14	  0.968403	  0.971986
      9.15	  0.968403	  0.971986
      9.16	  0.968403	  0.971986
      9.17	  0.968403	  0.971986
      9.18	  0.968403	  0.971986
      9.19	  0.968403	  0.971986
       9.2	  0.968403	  0.971987
      9.21	  0.968403	  0.971987
      9.22	  0.968403	  0.971986
      9.23	  0.968403	  0.971986
      9.24	  0.968403	  0.971986
      9.25	  0.968403	  0.971986
      9.26	  0.968403	  0.971986
      9.27	  0.968403	  0.971986
      9.28	  0.968403	  0.971986
      9.29	  0.968403	  0.971986
       9.3	  0.968403	  0.971985
      9.31	  0.968403	  0.971985
      9.32	  0.968403	  0.971985
      9.33	  0.968403	  0.971985
      9.34	  0.968403	  0.971985
      9.35	  0.968403	  0.971985
      9.36	  0.968403	  0.971985
      9.37	  0.968403	  0.971985
      9.38	  0.968403	  0.971984
      9.39	  0.968403	  0.971984
       9.4	  0.968403	  0.971984
      9.41	  0.968403	  0.971984
      9.42	  0.968403	  0.971984
      9.43	  0.968403	  0.971984
      9.44	  0.968403	  0.971984
      9.45	  0.968403	  0.971984
      9.46	  0.968403	  0.971984
      9.47	  0.968403	  0.971983
      9.48	  0.968403	  0.971983
      9.49	  0.968403	  0.971983
       9.5	  0.968403	  0.971983
      9.51	  0.968403	  0.971983
      9.52	  0.968403	  0.971983
      9.53	  0.968403	  0.971983
      9.54	  0.968403	  0.971983
      9.55	  0.968403	  0.971982
      9.56	  0.968403	  0.971982
      9.57	  0.968403	  0.971982
      9.58	  0.968403	  0.971982
      9.59	  0.968403	  0.971982
       9.6	  0.968403	  0.971982
      9.61	  0.968403	  0.971982
      9.62	  0.968403	  0.971982
      9.63	  0.968403	  0.971981
      9.64	  0.968403	  0.971981
      9.65	  0.968403	  0.971981
      9.66	  0.968403	  0.971981
      9.67	  0.968403	  0.971981
      9.68	  0.968403	  0.971981
      9.69	  0.968403	  0.971981
       9.7	  0.968403	  0.971981
      9.71	  0.968403	   0.97198
      9.72	  0.968403	   0.97198
      9.73	  0.968403	   0.97198
      9.74	  0.968403	   0.97198
      9.75	  0.968403	   0.97198
      9.76	  0.968403	   0.97198
      9.77	  0.968403	   0.97198
      9.78	  0.968403	   0.97198
      9.79	  0.968403	  0.971979
       9.8	  0.968403	  0.971979
      9.81	  0.968403	  0.971979
      9.82	  0.968403	  0.971979
      9.83	  0.968403	  0.971979
      9.84	  0.968403	  0.971979
      9.85	  0.968403	  0.971979
      9.86	  0.968403	  0.971979
      9.87	  0.968403	  0.971978
      9.88	  0.968403	  0.971978
      9.89	  0.968403	  0.971978
       9.9	  0.968403	  0.971978
      9.91	  0.968403	  0.971978
      9.92	  0.968403	  0.971978
      9.93	  0.968403	  0.971978
      9.94	  0.968403	  0.971978
      9.95	  0.968403	  0.971977
      9.96	  0.968403	  0.971977
      9.97	  0.968403	  0.971977
      9.98	  0.968403	  0.971977
      9.99	  0.968403	  0.971977
        10	  0.968403	  0.971977
     10.01	  0.968403	  0.971977
     10.02	  0.968403	  0.971977
     10.03	  0.968403	  0.971976
     10.04	  0.968403	  0.971976
     10.05	  0.968403	  0.971976
     10.06	  0.968403	  0.971976
     10.07	  0.968403	  0.971976
     10.08	  0.968403	  0.971976
     10.09	  0.968403	  0.971976
      10.1	  0.968403	  0.971976
     10.11	  0.968403	  0.971975
     10.12	  0.968403	  0.971975
     10.13	  0.968403	  0.971975
     10.14	  0.968403	  0.971975
     10.15	  0.968403	  0.971975
     10.16	  0.968403	  0.971975
     10.17	  0.968403	  0.971975
     10.18	  0.968403	  0.971975
