Time	PV	OP	SP
         0	  -55.5351	       7.5	  -55.5351
      0.01	  -55.5351	       7.5	  -55.5351
      0.02	  -55.5351	       7.5	  -55.5351
      0.03	  -55.5351	       7.5	  -55.5351
      0.04	  -55.5351	       7.5	  -55.5351
      0.05	  -55.5351	       7.5	  -55.5351
      0.06	  -55.5351	       7.5	  -55.5351
      0.07	  -55.5351	       7.5	  -55.5351
      0.08	  -55.5351	       7.5	  -55.5351
      0.09	  -55.5351	       7.5	  -55.5351
       0.1	  -55.5351	       7.5	  -55.5351
      0.11	  -55.5351	       7.5	  -55.5351
      0.12	  -55.5351	       7.5	  -55.5351
      0.13	  -55.5351	       7.5	  -55.5351
      0.14	  -55.5351	       7.5	  -55.5351
      0.15	  -55.5351	       7.5	  -55.5351
      0.16	  -55.5351	       7.5	  -55.5351
      0.17	  -55.5351	       7.5	  -55.5351
      0.18	  -55.5351	       7.5	  -55.5351
      0.19	  -55.5351	       7.5	  -55.5351
       0.2	  -55.5351	       7.5	  -55.5351
      0.21	  -55.5351	       7.5	  -55.5351
      0.22	  -55.5351	       7.5	  -55.5351
      0.23	  -55.5351	       7.5	  -55.5351
      0.24	  -55.5351	       7.5	  -55.5351
      0.25	  -55.5351	       7.5	  -55.5351
      0.26	  -55.5351	       7.5	  -55.5351
      0.27	  -55.5351	       7.5	  -55.5351
      0.28	  -55.5351	       7.5	  -55.5351
      0.29	  -55.5351	       7.5	  -55.5351
       0.3	  -55.5351	       7.5	  -55.5351
      0.31	  -55.5351	       7.5	  -55.5351
      0.32	  -55.5351	       7.5	  -55.5351
      0.33	  -55.5351	       7.5	  -55.5351
      0.34	  -55.5351	       7.5	  -55.5351
      0.35	  -55.5351	       7.5	  -55.5351
      0.36	  -55.5351	       7.5	  -55.5351
      0.37	  -55.5351	       7.5	  -55.5351
      0.38	  -55.5351	       7.5	  -55.5351
      0.39	  -55.5351	       7.5	  -55.5351
       0.4	  -55.5351	       7.5	  -55.5351
      0.41	  -55.5351	       7.5	  -55.5351
      0.42	  -55.5351	       7.5	  -55.5351
      0.43	  -55.5351	       7.5	  -55.5351
      0.44	  -55.5351	       7.5	  -55.5351
      0.45	  -55.5351	       7.5	  -55.5351
      0.46	  -55.5351	       7.5	  -55.5351
      0.47	  -55.5351	       7.5	  -55.5351
      0.48	  -55.5351	       7.5	  -55.5351
      0.49	  -55.5351	       7.5	  -55.5351
       0.5	  -55.5351	       7.5	  -55.5351
      0.51	  -55.5351	       7.5	  -55.5351
      0.52	  -55.5351	       7.5	  -55.5351
      0.53	  -55.5351	       7.5	  -55.5351
      0.54	  -55.5351	       7.5	  -55.5351
      0.55	  -55.5351	       7.5	  -55.5351
      0.56	  -55.5351	       7.5	  -55.5351
      0.57	  -55.5351	       7.5	  -55.5351
      0.58	  -55.5351	       7.5	  -55.5351
      0.59	  -55.5351	       7.5	  -55.5351
       0.6	  -55.5351	       7.5	  -55.5351
      0.61	  -55.5351	       7.5	  -55.5351
      0.62	  -55.5351	       7.5	  -55.5351
      0.63	  -55.5351	       7.5	  -55.5351
      0.64	  -55.5351	       7.5	  -55.5351
      0.65	  -55.5351	       7.5	  -55.5351
      0.66	  -55.5351	       7.5	  -55.5351
      0.67	  -55.5351	       7.5	  -55.5351
      0.68	  -55.5351	       7.5	  -55.5351
      0.69	  -55.5351	       7.5	  -55.5351
       0.7	  -55.5351	       7.5	  -55.5351
      0.71	  -55.5351	       7.5	  -55.5351
      0.72	  -55.5351	       7.5	  -55.5351
      0.73	  -55.5351	       7.5	  -55.5351
      0.74	  -55.5351	       7.5	  -55.5351
      0.75	  -55.5351	       7.5	  -55.5351
      0.76	  -55.5351	       7.5	  -55.5351
      0.77	  -55.5351	       7.5	  -55.5351
      0.78	  -55.5351	       7.5	  -55.5351
      0.79	  -55.5351	       7.5	  -55.5351
       0.8	  -55.5351	       7.5	  -55.5351
      0.81	  -55.5351	       7.5	  -55.5351
      0.82	  -55.5351	       7.5	  -55.5351
      0.83	  -55.5351	       7.5	  -55.5351
      0.84	  -55.5351	       7.5	  -55.5351
      0.85	  -55.5351	       7.5	  -55.5351
      0.86	  -55.5351	       7.5	  -55.5351
      0.87	  -55.5351	       7.5	  -55.5351
      0.88	  -55.5351	       7.5	  -55.5351
      0.89	  -55.5351	       7.5	  -55.5351
       0.9	  -55.5351	       7.5	  -55.5351
      0.91	  -55.5351	       7.5	  -55.5351
      0.92	  -55.5351	       7.5	  -55.5351
      0.93	  -55.5351	       7.5	  -55.5351
      0.94	  -55.5351	       7.5	  -55.5351
      0.95	  -55.5351	       7.5	  -55.5351
      0.96	  -55.5351	       7.5	  -55.5351
      0.97	  -55.5351	       7.5	  -55.5351
      0.98	  -55.5351	       7.5	  -55.5351
      0.99	  -55.5351	       7.5	  -55.5351
         1	  -55.5351	       7.5	  -55.5351
      1.01	  -55.6886	    7.5062	  -55.5351
      1.02	  -55.7076	   7.50489	  -55.5351
      1.03	  -55.7155	   7.50379	  -55.5351
      1.04	  -55.7216	   7.50304	  -55.5351
      1.05	  -55.7277	   7.50266	  -55.5351
      1.06	  -55.7339	    7.5024	  -55.5351
      1.07	  -55.7368	   7.50214	  -55.5351
      1.08	  -55.7275	   7.50165	  -55.5351
      1.09	  -55.7175	   7.50117	  -55.5351
       1.1	  -55.7067	   7.50084	  -55.5351
      1.11	   -55.692	   7.50051	  -55.5351
      1.12	  -55.6764	   7.50019	  -55.5351
      1.13	  -55.6568	   7.49989	  -55.5351
      1.14	  -55.6359	   7.49958	  -55.5351
      1.15	   -55.615	   7.49928	  -55.5351
      1.16	  -55.5928	   7.49906	  -55.5351
      1.17	  -55.5706	   7.49885	  -55.5351
      1.18	  -55.5484	   7.49863	  -55.5351
      1.19	  -55.5272	    7.4985	  -55.5351
       1.2	  -55.5061	   7.49837	  -55.5351
      1.21	   -55.485	   7.49824	  -55.5351
      1.22	  -55.4634	   7.49811	  -55.5351
      1.23	  -55.4419	   7.49799	  -55.5351
      1.24	  -55.4213	   7.49786	  -55.5351
      1.25	  -55.4016	   7.49773	  -55.5351
      1.26	   -55.382	    7.4976	  -55.5351
      1.27	  -55.3624	   7.49747	  -55.5351
      1.28	  -55.3473	   7.49745	  -55.5351
      1.29	  -55.3332	   7.49742	  -55.5351
       1.3	   -55.319	    7.4974	  -55.5351
      1.31	  -55.3049	   7.49738	  -55.5351
      1.32	  -55.2961	   7.49743	  -55.5351
      1.33	  -55.2882	   7.49747	  -55.5351
      1.34	  -55.2803	   7.49752	  -55.5351
      1.35	  -55.2736	   7.49757	  -55.5351
      1.36	  -55.2699	   7.49762	  -55.5351
      1.37	  -55.2662	   7.49767	  -55.5351
      1.38	  -55.2626	   7.49771	  -55.5351
      1.39	  -55.2604	   7.49776	  -55.5351
       1.4	  -55.2609	   7.49781	  -55.5351
      1.41	  -55.2615	   7.49786	  -55.5351
      1.42	   -55.262	    7.4979	  -55.5351
      1.43	  -55.2625	   7.49795	  -55.5351
      1.44	  -55.2663	     7.498	  -55.5351
      1.45	  -55.2702	   7.49805	  -55.5351
      1.46	   -55.274	   7.49809	  -55.5351
      1.47	  -55.2779	   7.49814	  -55.5351
      1.48	  -55.2828	   7.49819	  -55.5351
      1.49	  -55.2886	   7.49823	  -55.5351
       1.5	  -55.2944	   7.49828	  -55.5351
      1.51	  -55.3003	   7.49833	  -55.5351
      1.52	  -55.3061	   7.49837	  -55.5351
      1.53	  -55.3128	   7.49842	  -55.5351
      1.54	  -55.3194	   7.49844	  -55.5351
      1.55	  -55.3261	   7.49846	  -55.5351
      1.56	  -55.3328	   7.49849	  -55.5351
      1.57	  -55.3395	   7.49851	  -55.5351
      1.58	  -55.3462	   7.49853	  -55.5351
      1.59	  -55.3529	   7.49855	  -55.5351
       1.6	  -55.3596	   7.49857	  -55.5351
      1.61	  -55.3664	    7.4986	  -55.5351
      1.62	  -55.3731	   7.49862	  -55.5351
      1.63	  -55.3792	   7.49862	  -55.5351
      1.64	  -55.3853	   7.49862	  -55.5351
      1.65	  -55.3915	   7.49862	  -55.5351
      1.66	  -55.3975	   7.49862	  -55.5351
      1.67	  -55.4036	   7.49863	  -55.5351
      1.68	  -55.4088	   7.49863	  -55.5351
      1.69	  -55.4141	   7.49863	  -55.5351
       1.7	  -55.4193	   7.49863	  -55.5351
      1.71	  -55.4245	   7.49863	  -55.5351
      1.72	  -55.4296	   7.49863	  -55.5351
      1.73	   -55.434	   7.49862	  -55.5351
      1.74	  -55.4384	   7.49861	  -55.5351
      1.75	  -55.4426	    7.4986	  -55.5351
      1.76	  -55.4469	   7.49859	  -55.5351
      1.77	  -55.4511	   7.49857	  -55.5351
      1.78	  -55.4531	   7.49856	  -55.5351
      1.79	  -55.4542	   7.49852	  -55.5351
       1.8	  -55.4554	   7.49847	  -55.5351
      1.81	  -55.4565	   7.49843	  -55.5351
      1.82	  -55.4576	   7.49838	  -55.5351
      1.83	  -55.4576	   7.49834	  -55.5351
      1.84	  -55.4576	   7.49829	  -55.5351
      1.85	  -55.4574	   7.49825	  -55.5351
      1.86	  -55.4572	    7.4982	  -55.5351
      1.87	  -55.4569	   7.49815	  -55.5351
      1.88	  -55.4567	   7.49811	  -55.5351
      1.89	  -55.4565	   7.49809	  -55.5351
       1.9	  -55.4561	   7.49807	  -55.5351
      1.91	  -55.4558	   7.49805	  -55.5351
      1.92	  -55.4555	   7.49803	  -55.5351
      1.93	  -55.4551	   7.49801	  -55.5351
      1.94	  -55.4548	   7.49799	  -55.5351
      1.95	  -55.4545	   7.49797	  -55.5351
      1.96	  -55.4541	   7.49795	  -55.5351
      1.97	  -55.4538	   7.49793	  -55.5351
      1.98	  -55.4538	   7.49791	  -55.5351
      1.99	  -55.4538	   7.49791	  -55.5351
         2	  -55.4538	    7.4979	  -55.5351
      2.01	  -55.4539	    7.4979	  -55.5351
      2.02	  -55.4539	    7.4979	  -55.5351
      2.03	  -55.4543	   7.49789	  -55.5351
      2.04	  -55.4547	   7.49789	  -55.5351
      2.05	  -55.4552	   7.49788	  -55.5351
      2.06	  -55.4556	   7.49788	  -55.5351
      2.07	   -55.456	   7.49788	  -55.5351
      2.08	  -55.4569	   7.49787	  -55.5351
      2.09	  -55.4577	   7.49787	  -55.5351
       2.1	  -55.4586	   7.49786	  -55.5351
      2.11	  -55.4594	   7.49786	  -55.5351
      2.12	  -55.4602	   7.49786	  -55.5351
      2.13	  -55.4614	   7.49786	  -55.5351
      2.14	  -55.4626	   7.49785	  -55.5351
      2.15	  -55.4638	   7.49785	  -55.5351
      2.16	   -55.465	   7.49785	  -55.5351
      2.17	  -55.4662	   7.49785	  -55.5351
      2.18	  -55.4676	   7.49785	  -55.5351
      2.19	  -55.4691	   7.49785	  -55.5351
       2.2	  -55.4706	   7.49785	  -55.5351
      2.21	   -55.472	   7.49785	  -55.5351
      2.22	  -55.4735	   7.49785	  -55.5351
      2.23	  -55.4749	   7.49785	  -55.5351
      2.24	  -55.4765	   7.49785	  -55.5351
      2.25	  -55.4781	   7.49785	  -55.5351
      2.26	  -55.4797	   7.49785	  -55.5351
      2.27	  -55.4813	   7.49785	  -55.5351
      2.28	  -55.4828	   7.49785	  -55.5351
      2.29	  -55.4844	   7.49785	  -55.5351
       2.3	   -55.486	   7.49785	  -55.5351
      2.31	  -55.4876	   7.49785	  -55.5351
      2.32	  -55.4891	   7.49785	  -55.5351
      2.33	  -55.4907	   7.49785	  -55.5351
      2.34	  -55.4923	   7.49785	  -55.5351
      2.35	  -55.4939	   7.49785	  -55.5351
      2.36	  -55.4954	   7.49785	  -55.5351
      2.37	   -55.497	   7.49785	  -55.5351
      2.38	  -55.4986	   7.49785	  -55.5351
      2.39	  -55.5002	   7.49785	  -55.5351
       2.4	  -55.5018	   7.49785	  -55.5351
      2.41	  -55.5033	   7.49785	  -55.5351
      2.42	  -55.5049	   7.49785	  -55.5351
      2.43	  -55.5062	   7.49785	  -55.5351
      2.44	  -55.5074	   7.49785	  -55.5351
      2.45	  -55.5087	   7.49785	  -55.5351
      2.46	  -55.5099	   7.49785	  -55.5351
      2.47	  -55.5112	   7.49785	  -55.5351
      2.48	  -55.5125	   7.49785	  -55.5351
      2.49	  -55.5134	   7.49785	  -55.5351
       2.5	  -55.5144	   7.49785	  -55.5351
      2.51	  -55.5153	   7.49785	  -55.5351
      2.52	  -55.5163	   7.49785	  -55.5351
      2.53	  -55.5172	   7.49785	  -55.5351
      2.54	  -55.5182	   7.49785	  -55.5351
      2.55	  -55.5188	   7.49785	  -55.5351
      2.56	  -55.5195	   7.49785	  -55.5351
      2.57	  -55.5201	   7.49785	  -55.5351
      2.58	  -55.5208	   7.49785	  -55.5351
      2.59	  -55.5209	   7.49785	  -55.5351
       2.6	   -55.521	   7.49785	  -55.5351
      2.61	   -55.521	   7.49785	  -55.5351
      2.62	  -55.5211	   7.49785	  -55.5351
      2.63	  -55.5203	   7.49783	  -55.5351
      2.64	  -55.5195	   7.49782	  -55.5351
      2.65	  -55.5184	    7.4978	  -55.5351
      2.66	  -55.5173	   7.49778	  -55.5351
      2.67	  -55.5163	   7.49776	  -55.5351
      2.68	  -55.5152	   7.49775	  -55.5351
      2.69	  -55.5141	   7.49773	  -55.5351
       2.7	   -55.513	   7.49771	  -55.5351
      2.71	  -55.5119	   7.49769	  -55.5351
      2.72	  -55.5107	   7.49768	  -55.5351
      2.73	  -55.5096	   7.49766	  -55.5351
      2.74	  -55.5084	   7.49764	  -55.5351
      2.75	  -55.5073	   7.49762	  -55.5351
      2.76	  -55.5061	    7.4976	  -55.5351
      2.77	   -55.505	   7.49759	  -55.5351
      2.78	  -55.5038	   7.49757	  -55.5351
      2.79	  -55.5027	   7.49755	  -55.5351
       2.8	  -55.5015	   7.49753	  -55.5351
      2.81	  -55.5004	   7.49752	  -55.5351
      2.82	  -55.4992	   7.49751	  -55.5351
      2.83	   -55.498	    7.4975	  -55.5351
      2.84	  -55.4969	   7.49749	  -55.5351
      2.85	  -55.4957	   7.49748	  -55.5351
      2.86	  -55.4946	   7.49747	  -55.5351
      2.87	  -55.4934	   7.49747	  -55.5351
      2.88	  -55.4926	   7.49746	  -55.5351
      2.89	  -55.4918	   7.49745	  -55.5351
       2.9	   -55.491	   7.49744	  -55.5351
      2.91	  -55.4902	   7.49743	  -55.5351
      2.92	  -55.4894	   7.49742	  -55.5351
      2.93	  -55.4886	   7.49741	  -55.5351
      2.94	  -55.4881	   7.49741	  -55.5351
      2.95	  -55.4876	    7.4974	  -55.5351
      2.96	   -55.487	   7.49739	  -55.5351
      2.97	  -55.4865	   7.49738	  -55.5351
      2.98	   -55.486	   7.49737	  -55.5351
      2.99	  -55.4854	   7.49736	  -55.5351
         3	  -55.4849	   7.49735	  -55.5351
      3.01	  -55.4846	   7.49735	  -55.5351
      3.02	  -55.4842	   7.49734	  -55.5351
      3.03	  -55.4839	   7.49733	  -55.5351
      3.04	  -55.4836	   7.49732	  -55.5351
      3.05	  -55.4833	   7.49731	  -55.5351
      3.06	  -55.4831	   7.49731	  -55.5351
      3.07	  -55.4829	    7.4973	  -55.5351
      3.08	  -55.4828	   7.49729	  -55.5351
      3.09	  -55.4826	   7.49728	  -55.5351
       3.1	  -55.4824	   7.49727	  -55.5351
      3.11	  -55.4823	   7.49727	  -55.5351
      3.12	  -55.4822	   7.49726	  -55.5351
      3.13	  -55.4822	   7.49725	  -55.5351
      3.14	  -55.4821	   7.49724	  -55.5351
      3.15	  -55.4821	   7.49723	  -55.5351
      3.16	  -55.4821	   7.49723	  -55.5351
      3.17	   -55.482	   7.49722	  -55.5351
      3.18	  -55.4821	   7.49721	  -55.5351
      3.19	  -55.4822	    7.4972	  -55.5351
       3.2	  -55.4823	    7.4972	  -55.5351
      3.21	  -55.4824	   7.49719	  -55.5351
      3.22	  -55.4824	   7.49718	  -55.5351
      3.23	  -55.4825	   7.49717	  -55.5351
      3.24	  -55.4826	   7.49716	  -55.5351
      3.25	  -55.4827	   7.49716	  -55.5351
      3.26	  -55.4828	   7.49715	  -55.5351
      3.27	  -55.4829	   7.49714	  -55.5351
      3.28	  -55.4829	   7.49713	  -55.5351
      3.29	   -55.483	   7.49713	  -55.5351
       3.3	  -55.4831	   7.49712	  -55.5351
      3.31	  -55.4833	   7.49711	  -55.5351
      3.32	  -55.4834	    7.4971	  -55.5351
      3.33	  -55.4835	   7.49709	  -55.5351
      3.34	  -55.4836	   7.49709	  -55.5351
      3.35	  -55.4837	   7.49708	  -55.5351
      3.36	  -55.4838	   7.49707	  -55.5351
      3.37	  -55.4839	   7.49706	  -55.5351
      3.38	   -55.484	   7.49705	  -55.5351
      3.39	  -55.4841	   7.49705	  -55.5351
       3.4	  -55.4842	   7.49704	  -55.5351
      3.41	  -55.4843	   7.49703	  -55.5351
      3.42	  -55.4844	   7.49702	  -55.5351
      3.43	  -55.4845	   7.49702	  -55.5351
      3.44	  -55.4846	   7.49701	  -55.5351
      3.45	  -55.4848	     7.497	  -55.5351
      3.46	  -55.4849	   7.49699	  -55.5351
      3.47	   -55.485	   7.49698	  -55.5351
      3.48	  -55.4851	   7.49698	  -55.5351
      3.49	  -55.4852	   7.49697	  -55.5351
       3.5	  -55.4853	   7.49696	  -55.5351
      3.51	  -55.4854	   7.49695	  -55.5351
      3.52	  -55.4855	   7.49695	  -55.5351
      3.53	  -55.4854	   7.49694	  -55.5351
      3.54	  -55.4853	   7.49693	  -55.5351
      3.55	  -55.4852	   7.49692	  -55.5351
      3.56	  -55.4851	   7.49691	  -55.5351
      3.57	   -55.485	   7.49691	  -55.5351
      3.58	  -55.4849	    7.4969	  -55.5351
      3.59	  -55.4849	   7.49689	  -55.5351
       3.6	  -55.4848	   7.49688	  -55.5351
      3.61	  -55.4847	   7.49688	  -55.5351
      3.62	  -55.4846	   7.49687	  -55.5351
      3.63	  -55.4845	   7.49686	  -55.5351
      3.64	  -55.4844	   7.49685	  -55.5351
      3.65	  -55.4843	   7.49684	  -55.5351
      3.66	  -55.4842	   7.49684	  -55.5351
      3.67	  -55.4841	   7.49683	  -55.5351
      3.68	   -55.484	   7.49682	  -55.5351
      3.69	  -55.4839	   7.49681	  -55.5351
       3.7	  -55.4838	    7.4968	  -55.5351
      3.71	  -55.4838	    7.4968	  -55.5351
      3.72	  -55.4838	   7.49679	  -55.5351
      3.73	  -55.4837	   7.49678	  -55.5351
      3.74	  -55.4837	   7.49677	  -55.5351
      3.75	  -55.4837	   7.49677	  -55.5351
      3.76	  -55.4837	   7.49676	  -55.5351
      3.77	  -55.4836	   7.49675	  -55.5351
      3.78	  -55.4836	   7.49674	  -55.5351
      3.79	  -55.4836	   7.49673	  -55.5351
       3.8	  -55.4835	   7.49673	  -55.5351
      3.81	  -55.4835	   7.49672	  -55.5351
      3.82	  -55.4835	   7.49671	  -55.5351
      3.83	  -55.4835	    7.4967	  -55.5351
      3.84	  -55.4836	   7.49669	  -55.5351
      3.85	  -55.4836	   7.49669	  -55.5351
      3.86	  -55.4837	   7.49668	  -55.5351
      3.87	  -55.4837	   7.49667	  -55.5351
      3.88	  -55.4838	   7.49666	  -55.5351
      3.89	  -55.4838	   7.49666	  -55.5351
       3.9	  -55.4839	   7.49665	  -55.5351
      3.91	   -55.484	   7.49664	  -55.5351
      3.92	   -55.484	   7.49663	  -55.5351
      3.93	  -55.4841	   7.49662	  -55.5351
      3.94	  -55.4841	   7.49662	  -55.5351
      3.95	  -55.4842	   7.49661	  -55.5351
      3.96	  -55.4842	    7.4966	  -55.5351
      3.97	  -55.4843	   7.49659	  -55.5351
      3.98	  -55.4844	   7.49658	  -55.5351
      3.99	  -55.4845	   7.49658	  -55.5351
         4	  -55.4845	   7.49657	  -55.5351
      4.01	  -55.4846	   7.49656	  -55.5351
      4.02	  -55.4847	   7.49655	  -55.5351
      4.03	  -55.4848	   7.49655	  -55.5351
      4.04	  -55.4849	   7.49654	  -55.5351
      4.05	   -55.485	   7.49653	  -55.5351
      4.06	  -55.4851	   7.49652	  -55.5351
      4.07	  -55.4851	   7.49651	  -55.5351
      4.08	  -55.4852	   7.49651	  -55.5351
      4.09	  -55.4853	    7.4965	  -55.5351
       4.1	  -55.4854	   7.49649	  -55.5351
      4.11	  -55.4855	   7.49648	  -55.5351
      4.12	  -55.4856	   7.49647	  -55.5351
      4.13	  -55.4856	   7.49647	  -55.5351
      4.14	  -55.4857	   7.49646	  -55.5351
      4.15	  -55.4858	   7.49645	  -55.5351
      4.16	  -55.4859	   7.49644	  -55.5351
      4.17	   -55.486	   7.49644	  -55.5351
      4.18	  -55.4861	   7.49643	  -55.5351
      4.19	  -55.4862	   7.49642	  -55.5351
       4.2	  -55.4862	   7.49641	  -55.5351
      4.21	  -55.4863	    7.4964	  -55.5351
      4.22	  -55.4864	    7.4964	  -55.5351
      4.23	  -55.4865	   7.49639	  -55.5351
      4.24	  -55.4866	   7.49638	  -55.5351
      4.25	  -55.4867	   7.49637	  -55.5351
      4.26	  -55.4868	   7.49636	  -55.5351
      4.27	  -55.4868	   7.49636	  -55.5351
      4.28	  -55.4869	   7.49635	  -55.5351
      4.29	   -55.487	   7.49634	  -55.5351
       4.3	  -55.4871	   7.49633	  -55.5351
      4.31	  -55.4872	   7.49633	  -55.5351
      4.32	  -55.4873	   7.49632	  -55.5351
      4.33	  -55.4873	   7.49631	  -55.5351
      4.34	  -55.4874	    7.4963	  -55.5351
      4.35	  -55.4875	   7.49629	  -55.5351
      4.36	  -55.4876	   7.49629	  -55.5351
      4.37	  -55.4877	   7.49628	  -55.5351
      4.38	  -55.4878	   7.49627	  -55.5351
      4.39	  -55.4879	   7.49626	  -55.5351
       4.4	  -55.4879	   7.49625	  -55.5351
      4.41	   -55.488	   7.49625	  -55.5351
      4.42	  -55.4881	   7.49624	  -55.5351
      4.43	  -55.4882	   7.49623	  -55.5351
      4.44	  -55.4883	   7.49622	  -55.5351
      4.45	  -55.4884	   7.49622	  -55.5351
      4.46	  -55.4885	   7.49621	  -55.5351
      4.47	  -55.4885	    7.4962	  -55.5351
      4.48	  -55.4886	   7.49619	  -55.5351
      4.49	  -55.4887	   7.49618	  -55.5351
       4.5	  -55.4888	   7.49618	  -55.5351
      4.51	  -55.4888	   7.49617	  -55.5351
      4.52	  -55.4888	   7.49616	  -55.5351
      4.53	  -55.4887	   7.49615	  -55.5351
      4.54	  -55.4887	   7.49614	  -55.5351
      4.55	  -55.4887	   7.49614	  -55.5351
      4.56	  -55.4887	   7.49613	  -55.5351
      4.57	  -55.4886	   7.49612	  -55.5351
      4.58	  -55.4886	   7.49611	  -55.5351
      4.59	  -55.4886	    7.4961	  -55.5351
       4.6	  -55.4886	    7.4961	  -55.5351
      4.61	  -55.4886	   7.49609	  -55.5351
      4.62	  -55.4885	   7.49608	  -55.5351
      4.63	  -55.4885	   7.49607	  -55.5351
      4.64	  -55.4885	   7.49607	  -55.5351
      4.65	  -55.4885	   7.49606	  -55.5351
      4.66	  -55.4885	   7.49605	  -55.5351
      4.67	  -55.4884	   7.49604	  -55.5351
      4.68	  -55.4884	   7.49603	  -55.5351
      4.69	  -55.4883	   7.49603	  -55.5351
       4.7	  -55.4882	   7.49602	  -55.5351
      4.71	  -55.4882	   7.49601	  -55.5351
      4.72	  -55.4881	     7.496	  -55.5351
      4.73	   -55.488	   7.49599	  -55.5351
      4.74	   -55.488	   7.49599	  -55.5351
      4.75	  -55.4879	   7.49598	  -55.5351
      4.76	  -55.4878	   7.49597	  -55.5351
      4.77	  -55.4877	   7.49596	  -55.5351
      4.78	  -55.4877	   7.49596	  -55.5351
      4.79	  -55.4876	   7.49595	  -55.5351
       4.8	  -55.4875	   7.49594	  -55.5351
      4.81	  -55.4875	   7.49593	  -55.5351
      4.82	  -55.4874	   7.49592	  -55.5351
      4.83	  -55.4873	   7.49592	  -55.5351
      4.84	  -55.4873	   7.49591	  -55.5351
      4.85	  -55.4872	    7.4959	  -55.5351
      4.86	  -55.4871	   7.49589	  -55.5351
      4.87	   -55.487	   7.49588	  -55.5351
      4.88	   -55.487	   7.49588	  -55.5351
      4.89	  -55.4869	   7.49587	  -55.5351
       4.9	  -55.4868	   7.49586	  -55.5351
      4.91	  -55.4868	   7.49585	  -55.5351
      4.92	  -55.4867	   7.49585	  -55.5351
      4.93	  -55.4866	   7.49584	  -55.5351
      4.94	  -55.4866	   7.49583	  -55.5351
      4.95	  -55.4865	   7.49582	  -55.5351
      4.96	  -55.4864	   7.49581	  -55.5351
      4.97	  -55.4864	   7.49581	  -55.5351
      4.98	  -55.4863	    7.4958	  -55.5351
      4.99	  -55.4862	   7.49579	  -55.5351
         5	  -55.4862	   7.49578	  -55.5351
      5.01	  -55.4861	   7.49577	  -55.5351
      5.02	  -55.4861	   7.49577	  -55.5351
      5.03	   -55.486	   7.49576	  -55.5351
      5.04	   -55.486	   7.49575	  -55.5351
      5.05	  -55.4859	   7.49574	  -55.5351
      5.06	  -55.4859	   7.49574	  -55.5351
      5.07	  -55.4858	   7.49573	  -55.5351
      5.08	  -55.4857	   7.49572	  -55.5351
      5.09	  -55.4857	   7.49571	  -55.5351
       5.1	  -55.4856	    7.4957	  -55.5351
      5.11	  -55.4856	    7.4957	  -55.5351
      5.12	  -55.4855	   7.49569	  -55.5351
      5.13	  -55.4855	   7.49568	  -55.5351
      5.14	  -55.4854	   7.49567	  -55.5351
      5.15	  -55.4854	   7.49566	  -55.5351
      5.16	  -55.4853	   7.49566	  -55.5351
      5.17	  -55.4852	   7.49565	  -55.5351
      5.18	  -55.4852	   7.49564	  -55.5351
      5.19	  -55.4851	   7.49563	  -55.5351
       5.2	  -55.4851	   7.49563	  -55.5351
      5.21	   -55.485	   7.49562	  -55.5351
      5.22	   -55.485	   7.49561	  -55.5351
      5.23	   -55.485	    7.4956	  -55.5351
      5.24	   -55.485	   7.49559	  -55.5351
      5.25	   -55.485	   7.49559	  -55.5351
      5.26	   -55.485	   7.49558	  -55.5351
      5.27	   -55.485	   7.49557	  -55.5351
      5.28	  -55.4849	   7.49556	  -55.5351
      5.29	  -55.4849	   7.49555	  -55.5351
       5.3	  -55.4849	   7.49555	  -55.5351
      5.31	  -55.4849	   7.49554	  -55.5351
      5.32	  -55.4849	   7.49553	  -55.5351
      5.33	  -55.4849	   7.49552	  -55.5351
      5.34	  -55.4849	   7.49552	  -55.5351
      5.35	  -55.4849	   7.49551	  -55.5351
      5.36	  -55.4849	    7.4955	  -55.5351
      5.37	  -55.4849	   7.49549	  -55.5351
      5.38	  -55.4849	   7.49548	  -55.5351
      5.39	  -55.4849	   7.49548	  -55.5351
       5.4	  -55.4849	   7.49547	  -55.5351
      5.41	  -55.4849	   7.49546	  -55.5351
      5.42	  -55.4849	   7.49545	  -55.5351
      5.43	  -55.4849	   7.49544	  -55.5351
      5.44	  -55.4849	   7.49544	  -55.5351
      5.45	  -55.4849	   7.49543	  -55.5351
      5.46	  -55.4849	   7.49542	  -55.5351
      5.47	   -55.485	   7.49541	  -55.5351
      5.48	   -55.485	    7.4954	  -55.5351
      5.49	   -55.485	    7.4954	  -55.5351
       5.5	  -55.4851	   7.49539	  -55.5351
      5.51	  -55.4851	   7.49538	  -55.5351
      5.52	  -55.4851	   7.49537	  -55.5351
      5.53	  -55.4852	   7.49537	  -55.5351
      5.54	  -55.4852	   7.49536	  -55.5351
      5.55	  -55.4853	   7.49535	  -55.5351
      5.56	  -55.4853	   7.49534	  -55.5351
      5.57	  -55.4853	   7.49533	  -55.5351
      5.58	  -55.4854	   7.49533	  -55.5351
      5.59	  -55.4854	   7.49532	  -55.5351
       5.6	  -55.4854	   7.49531	  -55.5351
      5.61	  -55.4855	    7.4953	  -55.5351
      5.62	  -55.4855	   7.49529	  -55.5351
      5.63	  -55.4856	   7.49529	  -55.5351
      5.64	  -55.4856	   7.49528	  -55.5351
      5.65	  -55.4856	   7.49527	  -55.5351
      5.66	  -55.4857	   7.49526	  -55.5351
      5.67	  -55.4857	   7.49526	  -55.5351
      5.68	  -55.4857	   7.49525	  -55.5351
      5.69	  -55.4858	   7.49524	  -55.5351
       5.7	  -55.4858	   7.49523	  -55.5351
      5.71	  -55.4859	   7.49522	  -55.5351
      5.72	  -55.4859	   7.49522	  -55.5351
      5.73	  -55.4859	   7.49521	  -55.5351
      5.74	   -55.486	    7.4952	  -55.5351
      5.75	   -55.486	   7.49519	  -55.5351
      5.76	   -55.486	   7.49518	  -55.5351
      5.77	  -55.4861	   7.49518	  -55.5351
      5.78	  -55.4861	   7.49517	  -55.5351
      5.79	  -55.4861	   7.49516	  -55.5351
       5.8	  -55.4862	   7.49515	  -55.5351
      5.81	  -55.4862	   7.49515	  -55.5351
      5.82	  -55.4862	   7.49514	  -55.5351
      5.83	  -55.4862	   7.49513	  -55.5351
      5.84	  -55.4863	   7.49512	  -55.5351
      5.85	  -55.4863	   7.49511	  -55.5351
      5.86	  -55.4863	   7.49511	  -55.5351
      5.87	  -55.4863	    7.4951	  -55.5351
      5.88	  -55.4864	   7.49509	  -55.5351
      5.89	  -55.4864	   7.49508	  -55.5351
       5.9	  -55.4864	   7.49507	  -55.5351
      5.91	  -55.4865	   7.49507	  -55.5351
      5.92	  -55.4865	   7.49506	  -55.5351
      5.93	  -55.4865	   7.49505	  -55.5351
      5.94	  -55.4865	   7.49504	  -55.5351
      5.95	  -55.4866	   7.49504	  -55.5351
      5.96	  -55.4866	   7.49503	  -55.5351
      5.97	  -55.4866	   7.49502	  -55.5351
      5.98	  -55.4867	   7.49501	  -55.5351
      5.99	  -55.4867	     7.495	  -55.5351
         6	  -55.4867	     7.495	  -55.5351
      6.01	  -55.4867	   7.49499	  -55.5351
      6.02	  -55.4868	   7.49498	  -55.5351
      6.03	  -55.4868	   7.49497	  -55.5351
      6.04	  -55.4868	   7.49496	  -55.5351
      6.05	  -55.4868	   7.49496	  -55.5351
      6.06	  -55.4869	   7.49495	  -55.5351
      6.07	  -55.4869	   7.49494	  -55.5351
      6.08	  -55.4869	   7.49493	  -55.5351
      6.09	   -55.487	   7.49493	  -55.5351
       6.1	   -55.487	   7.49492	  -55.5351
      6.11	   -55.487	   7.49491	  -55.5351
      6.12	   -55.487	    7.4949	  -55.5351
      6.13	  -55.4869	   7.49489	  -55.5351
      6.14	  -55.4869	   7.49489	  -55.5351
      6.15	  -55.4869	   7.49488	  -55.5351
      6.16	  -55.4869	   7.49487	  -55.5351
      6.17	  -55.4869	   7.49486	  -55.5351
      6.18	  -55.4869	   7.49485	  -55.5351
      6.19	  -55.4869	   7.49485	  -55.5351
       6.2	  -55.4869	   7.49484	  -55.5351
      6.21	  -55.4868	   7.49483	  -55.5351
      6.22	  -55.4868	   7.49482	  -55.5351
      6.23	  -55.4868	   7.49482	  -55.5351
      6.24	  -55.4868	   7.49481	  -55.5351
      6.25	  -55.4868	    7.4948	  -55.5351
      6.26	  -55.4868	   7.49479	  -55.5351
      6.27	  -55.4868	   7.49478	  -55.5351
      6.28	  -55.4868	   7.49478	  -55.5351
      6.29	  -55.4867	   7.49477	  -55.5351
       6.3	  -55.4867	   7.49476	  -55.5351
      6.31	  -55.4867	   7.49475	  -55.5351
      6.32	  -55.4867	   7.49474	  -55.5351
      6.33	  -55.4867	   7.49474	  -55.5351
      6.34	  -55.4867	   7.49473	  -55.5351
      6.35	  -55.4867	   7.49472	  -55.5351
      6.36	  -55.4867	   7.49471	  -55.5351
      6.37	  -55.4866	   7.49471	  -55.5351
      6.38	  -55.4866	    7.4947	  -55.5351
      6.39	  -55.4866	   7.49469	  -55.5351
       6.4	  -55.4866	   7.49468	  -55.5351
      6.41	  -55.4866	   7.49467	  -55.5351
      6.42	  -55.4866	   7.49467	  -55.5351
      6.43	  -55.4866	   7.49466	  -55.5351
      6.44	  -55.4865	   7.49465	  -55.5351
      6.45	  -55.4865	   7.49464	  -55.5351
      6.46	  -55.4865	   7.49463	  -55.5351
      6.47	  -55.4865	   7.49463	  -55.5351
      6.48	  -55.4865	   7.49462	  -55.5351
      6.49	  -55.4865	   7.49461	  -55.5351
       6.5	  -55.4864	    7.4946	  -55.5351
      6.51	  -55.4864	   7.49459	  -55.5351
      6.52	  -55.4864	   7.49459	  -55.5351
      6.53	  -55.4864	   7.49458	  -55.5351
      6.54	  -55.4864	   7.49457	  -55.5351
      6.55	  -55.4863	   7.49456	  -55.5351
      6.56	  -55.4863	   7.49456	  -55.5351
      6.57	  -55.4863	   7.49455	  -55.5351
      6.58	  -55.4863	   7.49454	  -55.5351
      6.59	  -55.4863	   7.49453	  -55.5351
       6.6	  -55.4863	   7.49452	  -55.5351
      6.61	  -55.4862	   7.49452	  -55.5351
      6.62	  -55.4862	   7.49451	  -55.5351
      6.63	  -55.4862	    7.4945	  -55.5351
      6.64	  -55.4862	   7.49449	  -55.5351
      6.65	  -55.4862	   7.49448	  -55.5351
      6.66	  -55.4862	   7.49448	  -55.5351
      6.67	  -55.4861	   7.49447	  -55.5351
      6.68	  -55.4861	   7.49446	  -55.5351
      6.69	  -55.4861	   7.49445	  -55.5351
       6.7	  -55.4861	   7.49445	  -55.5351
      6.71	  -55.4861	   7.49444	  -55.5351
      6.72	  -55.4861	   7.49443	  -55.5351
      6.73	   -55.486	   7.49442	  -55.5351
      6.74	   -55.486	   7.49441	  -55.5351
      6.75	   -55.486	   7.49441	  -55.5351
      6.76	   -55.486	    7.4944	  -55.5351
      6.77	   -55.486	   7.49439	  -55.5351
      6.78	  -55.4859	   7.49438	  -55.5351
      6.79	  -55.4859	   7.49437	  -55.5351
       6.8	  -55.4859	   7.49437	  -55.5351
      6.81	  -55.4859	   7.49436	  -55.5351
      6.82	  -55.4859	   7.49435	  -55.5351
      6.83	  -55.4859	   7.49434	  -55.5351
      6.84	  -55.4858	   7.49434	  -55.5351
      6.85	  -55.4858	   7.49433	  -55.5351
      6.86	  -55.4858	   7.49432	  -55.5351
      6.87	  -55.4858	   7.49431	  -55.5351
      6.88	  -55.4858	    7.4943	  -55.5351
      6.89	  -55.4858	    7.4943	  -55.5351
       6.9	  -55.4857	   7.49429	  -55.5351
      6.91	  -55.4857	   7.49428	  -55.5351
      6.92	  -55.4857	   7.49427	  -55.5351
      6.93	  -55.4857	   7.49426	  -55.5351
      6.94	  -55.4857	   7.49426	  -55.5351
      6.95	  -55.4857	   7.49425	  -55.5351
      6.96	  -55.4856	   7.49424	  -55.5351
      6.97	  -55.4856	   7.49423	  -55.5351
      6.98	  -55.4856	   7.49423	  -55.5351
      6.99	  -55.4856	   7.49422	  -55.5351
         7	  -55.4856	   7.49421	  -55.5351
      7.01	  -55.4856	    7.4942	  -55.5351
      7.02	  -55.4856	   7.49419	  -55.5351
      7.03	  -55.4856	   7.49419	  -55.5351
      7.04	  -55.4856	   7.49418	  -55.5351
      7.05	  -55.4856	   7.49417	  -55.5351
      7.06	  -55.4856	   7.49416	  -55.5351
      7.07	  -55.4856	   7.49415	  -55.5351
      7.08	  -55.4856	   7.49415	  -55.5351
      7.09	  -55.4857	   7.49414	  -55.5351
       7.1	  -55.4857	   7.49413	  -55.5351
      7.11	  -55.4857	   7.49412	  -55.5351
      7.12	  -55.4857	   7.49412	  -55.5351
      7.13	  -55.4857	   7.49411	  -55.5351
      7.14	  -55.4857	    7.4941	  -55.5351
      7.15	  -55.4857	   7.49409	  -55.5351
      7.16	  -55.4857	   7.49408	  -55.5351
      7.17	  -55.4858	   7.49408	  -55.5351
      7.18	  -55.4858	   7.49407	  -55.5351
      7.19	  -55.4858	   7.49406	  -55.5351
       7.2	  -55.4858	   7.49405	  -55.5351
      7.21	  -55.4858	   7.49404	  -55.5351
      7.22	  -55.4858	   7.49404	  -55.5351
      7.23	  -55.4858	   7.49403	  -55.5351
      7.24	  -55.4859	   7.49402	  -55.5351
      7.25	  -55.4859	   7.49401	  -55.5351
      7.26	  -55.4859	   7.49401	  -55.5351
      7.27	  -55.4859	     7.494	  -55.5351
      7.28	  -55.4859	   7.49399	  -55.5351
      7.29	  -55.4859	   7.49398	  -55.5351
       7.3	  -55.4859	   7.49397	  -55.5351
      7.31	  -55.4859	   7.49397	  -55.5351
      7.32	   -55.486	   7.49396	  -55.5351
      7.33	   -55.486	   7.49395	  -55.5351
      7.34	   -55.486	   7.49394	  -55.5351
      7.35	   -55.486	   7.49393	  -55.5351
      7.36	   -55.486	   7.49393	  -55.5351
      7.37	   -55.486	   7.49392	  -55.5351
      7.38	   -55.486	   7.49391	  -55.5351
      7.39	   -55.486	    7.4939	  -55.5351
       7.4	  -55.4861	   7.49389	  -55.5351
      7.41	  -55.4861	   7.49389	  -55.5351
      7.42	  -55.4861	   7.49388	  -55.5351
      7.43	  -55.4861	   7.49387	  -55.5351
      7.44	  -55.4861	   7.49386	  -55.5351
      7.45	  -55.4861	   7.49386	  -55.5351
      7.46	  -55.4861	   7.49385	  -55.5351
      7.47	  -55.4862	   7.49384	  -55.5351
      7.48	  -55.4862	   7.49383	  -55.5351
      7.49	  -55.4862	   7.49382	  -55.5351
       7.5	  -55.4862	   7.49382	  -55.5351
      7.51	  -55.4862	   7.49381	  -55.5351
      7.52	  -55.4862	    7.4938	  -55.5351
      7.53	  -55.4862	   7.49379	  -55.5351
      7.54	  -55.4862	   7.49378	  -55.5351
      7.55	  -55.4863	   7.49378	  -55.5351
      7.56	  -55.4863	   7.49377	  -55.5351
      7.57	  -55.4863	   7.49376	  -55.5351
      7.58	  -55.4863	   7.49375	  -55.5351
      7.59	  -55.4863	   7.49375	  -55.5351
       7.6	  -55.4863	   7.49374	  -55.5351
      7.61	  -55.4863	   7.49373	  -55.5351
      7.62	  -55.4863	   7.49372	  -55.5351
      7.63	  -55.4863	   7.49371	  -55.5351
      7.64	  -55.4863	   7.49371	  -55.5351
      7.65	  -55.4863	    7.4937	  -55.5351
      7.66	  -55.4863	   7.49369	  -55.5351
      7.67	  -55.4863	   7.49368	  -55.5351
      7.68	  -55.4863	   7.49367	  -55.5351
      7.69	  -55.4863	   7.49367	  -55.5351
       7.7	  -55.4863	   7.49366	  -55.5351
      7.71	  -55.4863	   7.49365	  -55.5351
      7.72	  -55.4863	   7.49364	  -55.5351
      7.73	  -55.4862	   7.49364	  -55.5351
      7.74	  -55.4862	   7.49363	  -55.5351
      7.75	  -55.4862	   7.49362	  -55.5351
      7.76	  -55.4862	   7.49361	  -55.5351
      7.77	  -55.4862	    7.4936	  -55.5351
      7.78	  -55.4862	    7.4936	  -55.5351
      7.79	  -55.4862	   7.49359	  -55.5351
       7.8	  -55.4862	   7.49358	  -55.5351
      7.81	  -55.4862	   7.49357	  -55.5351
      7.82	  -55.4862	   7.49356	  -55.5351
      7.83	  -55.4862	   7.49356	  -55.5351
      7.84	  -55.4862	   7.49355	  -55.5351
      7.85	  -55.4862	   7.49354	  -55.5351
      7.86	  -55.4862	   7.49353	  -55.5351
      7.87	  -55.4862	   7.49352	  -55.5351
      7.88	  -55.4862	   7.49352	  -55.5351
      7.89	  -55.4862	   7.49351	  -55.5351
       7.9	  -55.4862	    7.4935	  -55.5351
      7.91	  -55.4862	   7.49349	  -55.5351
      7.92	  -55.4862	   7.49348	  -55.5351
      7.93	  -55.4862	   7.49348	  -55.5351
      7.94	  -55.4862	   7.49347	  -55.5351
      7.95	  -55.4862	   7.49346	  -55.5351
      7.96	  -55.4862	   7.49345	  -55.5351
      7.97	  -55.4862	   7.49344	  -55.5351
      7.98	  -55.4862	   7.49344	  -55.5351
      7.99	  -55.4862	   7.49343	  -55.5351
         8	  -55.4862	   7.49342	  -55.5351
      8.01	  -55.4862	   7.49341	  -55.5351
      8.02	  -55.4862	   7.49341	  -55.5351
      8.03	  -55.4862	    7.4934	  -55.5351
      8.04	  -55.4862	   7.49339	  -55.5351
      8.05	  -55.4862	   7.49338	  -55.5351
      8.06	  -55.4862	   7.49337	  -55.5351
      8.07	  -55.4862	   7.49337	  -55.5351
      8.08	  -55.4862	   7.49336	  -55.5351
      8.09	  -55.4862	   7.49335	  -55.5351
       8.1	  -55.4862	   7.49334	  -55.5351
      8.11	  -55.4862	   7.49333	  -55.5351
      8.12	  -55.4862	   7.49333	  -55.5351
      8.13	  -55.4862	   7.49332	  -55.5351
      8.14	  -55.4862	   7.49331	  -55.5351
      8.15	  -55.4862	    7.4933	  -55.5351
      8.16	  -55.4861	   7.49329	  -55.5351
      8.17	  -55.4861	   7.49329	  -55.5351
      8.18	  -55.4861	   7.49328	  -55.5351
      8.19	  -55.4861	   7.49327	  -55.5351
       8.2	  -55.4861	   7.49326	  -55.5351
      8.21	  -55.4861	   7.49325	  -55.5351
      8.22	  -55.4861	   7.49325	  -55.5351
      8.23	  -55.4861	   7.49324	  -55.5351
      8.24	  -55.4861	   7.49323	  -55.5351
      8.25	  -55.4861	   7.49322	  -55.5351
      8.26	  -55.4861	   7.49321	  -55.5351
      8.27	  -55.4861	   7.49321	  -55.5351
      8.28	  -55.4861	    7.4932	  -55.5351
      8.29	  -55.4861	   7.49319	  -55.5351
       8.3	  -55.4861	   7.49318	  -55.5351
      8.31	  -55.4861	   7.49318	  -55.5351
      8.32	  -55.4861	   7.49317	  -55.5351
      8.33	  -55.4861	   7.49316	  -55.5351
      8.34	  -55.4861	   7.49315	  -55.5351
      8.35	  -55.4861	   7.49314	  -55.5351
      8.36	  -55.4861	   7.49314	  -55.5351
      8.37	  -55.4861	   7.49313	  -55.5351
      8.38	  -55.4861	   7.49312	  -55.5351
      8.39	  -55.4861	   7.49311	  -55.5351
       8.4	  -55.4861	    7.4931	  -55.5351
      8.41	  -55.4861	    7.4931	  -55.5351
      8.42	  -55.4861	   7.49309	  -55.5351
      8.43	  -55.4861	   7.49308	  -55.5351
      8.44	  -55.4861	   7.49307	  -55.5351
      8.45	  -55.4861	   7.49306	  -55.5351
      8.46	  -55.4861	   7.49306	  -55.5351
      8.47	   -55.486	   7.49305	  -55.5351
      8.48	   -55.486	   7.49304	  -55.5351
      8.49	   -55.486	   7.49303	  -55.5351
       8.5	   -55.486	   7.49302	  -55.5351
      8.51	   -55.486	   7.49302	  -55.5351
      8.52	   -55.486	   7.49301	  -55.5351
      8.53	   -55.486	     7.493	  -55.5351
      8.54	   -55.486	   7.49299	  -55.5351
      8.55	   -55.486	   7.49298	  -55.5351
      8.56	   -55.486	   7.49298	  -55.5351
      8.57	   -55.486	   7.49297	  -55.5351
      8.58	   -55.486	   7.49296	  -55.5351
      8.59	   -55.486	   7.49295	  -55.5351
       8.6	   -55.486	   7.49295	  -55.5351
      8.61	   -55.486	   7.49294	  -55.5351
      8.62	   -55.486	   7.49293	  -55.5351
      8.63	   -55.486	   7.49292	  -55.5351
      8.64	   -55.486	   7.49291	  -55.5351
      8.65	   -55.486	   7.49291	  -55.5351
      8.66	   -55.486	    7.4929	  -55.5351
      8.67	   -55.486	   7.49289	  -55.5351
      8.68	   -55.486	   7.49288	  -55.5351
      8.69	   -55.486	   7.49287	  -55.5351
       8.7	   -55.486	   7.49287	  -55.5351
      8.71	   -55.486	   7.49286	  -55.5351
      8.72	   -55.486	   7.49285	  -55.5351
      8.73	   -55.486	   7.49284	  -55.5351
      8.74	   -55.486	   7.49283	  -55.5351
      8.75	   -55.486	   7.49283	  -55.5351
      8.76	   -55.486	   7.49282	  -55.5351
      8.77	   -55.486	   7.49281	  -55.5351
      8.78	  -55.4859	    7.4928	  -55.5351
      8.79	  -55.4859	   7.49279	  -55.5351
       8.8	  -55.4859	   7.49279	  -55.5351
      8.81	  -55.4859	   7.49278	  -55.5351
      8.82	  -55.4859	   7.49277	  -55.5351
      8.83	  -55.4859	   7.49276	  -55.5351
      8.84	  -55.4859	   7.49275	  -55.5351
      8.85	  -55.4859	   7.49275	  -55.5351
      8.86	  -55.4859	   7.49274	  -55.5351
      8.87	  -55.4859	   7.49273	  -55.5351
      8.88	  -55.4859	   7.49272	  -55.5351
      8.89	  -55.4859	   7.49272	  -55.5351
       8.9	  -55.4859	   7.49271	  -55.5351
      8.91	  -55.4859	    7.4927	  -55.5351
      8.92	  -55.4859	   7.49269	  -55.5351
      8.93	  -55.4859	   7.49268	  -55.5351
      8.94	  -55.4859	   7.49268	  -55.5351
      8.95	  -55.4859	   7.49267	  -55.5351
      8.96	  -55.4859	   7.49266	  -55.5351
      8.97	  -55.4859	   7.49265	  -55.5351
      8.98	  -55.4859	   7.49264	  -55.5351
      8.99	  -55.4859	   7.49264	  -55.5351
         9	  -55.4859	   7.49263	  -55.5351
      9.01	  -55.4859	   7.49262	  -55.5351
      9.02	  -55.4859	   7.49261	  -55.5351
      9.03	  -55.4859	    7.4926	  -55.5351
      9.04	  -55.4859	    7.4926	  -55.5351
      9.05	  -55.4859	   7.49259	  -55.5351
      9.06	  -55.4859	   7.49258	  -55.5351
      9.07	  -55.4859	   7.49257	  -55.5351
      9.08	  -55.4859	   7.49256	  -55.5351
      9.09	  -55.4859	   7.49256	  -55.5351
       9.1	  -55.4859	   7.49255	  -55.5351
      9.11	  -55.4859	   7.49254	  -55.5351
      9.12	   -55.486	   7.49253	  -55.5351
      9.13	   -55.486	   7.49252	  -55.5351
      9.14	   -55.486	   7.49252	  -55.5351
      9.15	   -55.486	   7.49251	  -55.5351
      9.16	   -55.486	    7.4925	  -55.5351
      9.17	   -55.486	   7.49249	  -55.5351
      9.18	   -55.486	   7.49249	  -55.5351
      9.19	   -55.486	   7.49248	  -55.5351
       9.2	   -55.486	   7.49247	  -55.5351
      9.21	   -55.486	   7.49246	  -55.5351
      9.22	   -55.486	   7.49245	  -55.5351
      9.23	   -55.486	   7.49245	  -55.5351
      9.24	   -55.486	   7.49244	  -55.5351
      9.25	   -55.486	   7.49243	  -55.5351
      9.26	   -55.486	   7.49242	  -55.5351
      9.27	   -55.486	   7.49241	  -55.5351
      9.28	   -55.486	   7.49241	  -55.5351
      9.29	   -55.486	    7.4924	  -55.5351
       9.3	   -55.486	   7.49239	  -55.5351
      9.31	   -55.486	   7.49238	  -55.5351
      9.32	   -55.486	   7.49237	  -55.5351
      9.33	   -55.486	   7.49237	  -55.5351
      9.34	   -55.486	   7.49236	  -55.5351
      9.35	   -55.486	   7.49235	  -55.5351
      9.36	   -55.486	   7.49234	  -55.5351
      9.37	   -55.486	   7.49233	  -55.5351
      9.38	   -55.486	   7.49233	  -55.5351
      9.39	   -55.486	   7.49232	  -55.5351
       9.4	   -55.486	   7.49231	  -55.5351
      9.41	   -55.486	    7.4923	  -55.5351
      9.42	   -55.486	   7.49229	  -55.5351
      9.43	   -55.486	   7.49229	  -55.5351
      9.44	   -55.486	   7.49228	  -55.5351
      9.45	   -55.486	   7.49227	  -55.5351
      9.46	   -55.486	   7.49226	  -55.5351
      9.47	   -55.486	   7.49226	  -55.5351
      9.48	   -55.486	   7.49225	  -55.5351
      9.49	   -55.486	   7.49224	  -55.5351
       9.5	   -55.486	   7.49223	  -55.5351
      9.51	   -55.486	   7.49222	  -55.5351
      9.52	   -55.486	   7.49222	  -55.5351
      9.53	   -55.486	   7.49221	  -55.5351
      9.54	   -55.486	    7.4922	  -55.5351
      9.55	   -55.486	   7.49219	  -55.5351
      9.56	   -55.486	   7.49218	  -55.5351
      9.57	   -55.486	   7.49218	  -55.5351
      9.58	   -55.486	   7.49217	  -55.5351
      9.59	   -55.486	   7.49216	  -55.5351
       9.6	   -55.486	   7.49215	  -55.5351
      9.61	   -55.486	   7.49214	  -55.5351
      9.62	   -55.486	   7.49214	  -55.5351
      9.63	   -55.486	   7.49213	  -55.5351
      9.64	   -55.486	   7.49212	  -55.5351
      9.65	   -55.486	   7.49211	  -55.5351
      9.66	   -55.486	    7.4921	  -55.5351
      9.67	   -55.486	    7.4921	  -55.5351
      9.68	   -55.486	   7.49209	  -55.5351
      9.69	   -55.486	   7.49208	  -55.5351
       9.7	   -55.486	   7.49207	  -55.5351
      9.71	   -55.486	   7.49206	  -55.5351
      9.72	   -55.486	   7.49206	  -55.5351
      9.73	   -55.486	   7.49205	  -55.5351
      9.74	   -55.486	   7.49204	  -55.5351
      9.75	   -55.486	   7.49203	  -55.5351
      9.76	   -55.486	   7.49203	  -55.5351
      9.77	   -55.486	   7.49202	  -55.5351
      9.78	   -55.486	   7.49201	  -55.5351
      9.79	   -55.486	     7.492	  -55.5351
       9.8	   -55.486	   7.49199	  -55.5351
      9.81	   -55.486	   7.49199	  -55.5351
      9.82	   -55.486	   7.49198	  -55.5351
      9.83	   -55.486	   7.49197	  -55.5351
      9.84	   -55.486	   7.49196	  -55.5351
      9.85	   -55.486	   7.49195	  -55.5351
      9.86	   -55.486	   7.49195	  -55.5351
      9.87	   -55.486	   7.49194	  -55.5351
      9.88	   -55.486	   7.49193	  -55.5351
      9.89	   -55.486	   7.49192	  -55.5351
       9.9	   -55.486	   7.49191	  -55.5351
      9.91	   -55.486	   7.49191	  -55.5351
      9.92	   -55.486	    7.4919	  -55.5351
      9.93	   -55.486	   7.49189	  -55.5351
      9.94	   -55.486	   7.49188	  -55.5351
      9.95	   -55.486	   7.49187	  -55.5351
      9.96	   -55.486	   7.49187	  -55.5351
      9.97	   -55.486	   7.49186	  -55.5351
      9.98	   -55.486	   7.49185	  -55.5351
      9.99	   -55.486	   7.49184	  -55.5351
        10	   -55.486	   7.49183	  -55.5351
     10.01	   -55.486	   7.49183	  -55.5351
     10.02	  -55.4859	   7.49182	  -55.5351
     10.03	  -55.4859	   7.49181	  -55.5351
     10.04	  -55.4859	    7.4918	  -55.5351
     10.05	  -55.4859	   7.49179	  -55.5351
     10.06	  -55.4859	   7.49179	  -55.5351
     10.07	  -55.4859	   7.49178	  -55.5351
     10.08	  -55.4859	   7.49177	  -55.5351
     10.09	  -55.4859	   7.49176	  -55.5351
      10.1	  -55.4859	   7.49176	  -55.5351
     10.11	  -55.4859	   7.49175	  -55.5351
     10.12	  -55.4859	   7.49174	  -55.5351
     10.13	  -55.4859	   7.49173	  -55.5351
     10.14	  -55.4859	   7.49172	  -55.5351
     10.15	  -55.4859	   7.49172	  -55.5351
     10.16	  -55.4859	   7.49171	  -55.5351
     10.17	  -55.4859	    7.4917	  -55.5351
     10.18	  -55.4859	   7.49169	  -55.5351
