Time	"STREAMS(""S-21"").Zn(""CO2"")"	RR_CO2
         0	  0.967051	  0.975236
      0.01	  0.967051	  0.975236
      0.02	  0.967051	  0.975236
      0.03	  0.967051	  0.975236
      0.04	  0.967051	  0.975236
      0.05	  0.967051	  0.975236
      0.06	  0.967051	  0.975236
      0.07	  0.967051	  0.975236
      0.08	  0.967051	  0.975236
      0.09	  0.967051	  0.975236
       0.1	  0.967051	  0.975236
      0.11	  0.967051	  0.975236
      0.12	  0.967052	  0.975236
      0.13	  0.967052	  0.975236
      0.14	  0.967052	  0.975236
      0.15	  0.967052	  0.975236
      0.16	  0.967052	  0.975236
      0.17	  0.967052	  0.975236
      0.18	  0.967052	  0.975236
      0.19	  0.967052	  0.975236
       0.2	  0.967052	  0.975236
      0.21	  0.967052	  0.975236
      0.22	  0.967052	  0.975236
      0.23	  0.967052	  0.975236
      0.24	  0.967052	  0.975236
      0.25	  0.967053	  0.975236
      0.26	  0.967053	  0.975236
      0.27	  0.967053	  0.975236
      0.28	  0.967053	  0.975236
      0.29	  0.967053	  0.975236
       0.3	  0.967053	  0.975236
      0.31	  0.967053	  0.975236
      0.32	  0.967053	  0.975236
      0.33	  0.967053	  0.975236
      0.34	  0.967053	  0.975236
      0.35	  0.967053	  0.975236
      0.36	  0.967053	  0.975236
      0.37	  0.967053	  0.975236
      0.38	  0.967054	  0.975236
      0.39	  0.967054	  0.975236
       0.4	  0.967054	  0.975236
      0.41	  0.967054	  0.975236
      0.42	  0.967054	  0.975236
      0.43	  0.967054	  0.975236
      0.44	  0.967054	  0.975236
      0.45	  0.967054	  0.975236
      0.46	  0.967054	  0.975236
      0.47	  0.967054	  0.975236
      0.48	  0.967054	  0.975236
      0.49	  0.967054	  0.975236
       0.5	  0.967054	  0.975236
      0.51	  0.967055	  0.975236
      0.52	  0.967055	  0.975236
      0.53	  0.967055	  0.975236
      0.54	  0.967055	  0.975236
      0.55	  0.967055	  0.975236
      0.56	  0.967055	  0.975236
      0.57	  0.967055	  0.975236
      0.58	  0.967055	  0.975236
      0.59	  0.967055	  0.975236
       0.6	  0.967055	  0.975236
      0.61	  0.967055	  0.975236
      0.62	  0.967055	  0.975236
      0.63	  0.967056	  0.975236
      0.64	  0.967056	  0.975236
      0.65	  0.967056	  0.975236
      0.66	  0.967056	  0.975236
      0.67	  0.967056	  0.975236
      0.68	  0.967056	  0.975236
      0.69	  0.967056	  0.975236
       0.7	  0.967056	  0.975236
      0.71	  0.967056	  0.975236
      0.72	  0.967056	  0.975236
      0.73	  0.967056	  0.975236
      0.74	  0.967056	  0.975236
      0.75	  0.967056	  0.975236
      0.76	  0.967057	  0.975236
      0.77	  0.967057	  0.975236
      0.78	  0.967057	  0.975236
      0.79	  0.967057	  0.975236
       0.8	  0.967057	  0.975236
      0.81	  0.967057	  0.975236
      0.82	  0.967057	  0.975236
      0.83	  0.967057	  0.975236
      0.84	  0.967057	  0.975236
      0.85	  0.967057	  0.975236
      0.86	  0.967057	  0.975236
      0.87	  0.967057	  0.975236
      0.88	  0.967057	  0.975236
      0.89	  0.967058	  0.975236
       0.9	  0.967058	  0.975236
      0.91	  0.967058	  0.975236
      0.92	  0.967058	  0.975236
      0.93	  0.967058	  0.975236
      0.94	  0.967058	  0.975236
      0.95	  0.967058	  0.975236
      0.96	  0.967058	  0.975236
      0.97	  0.967058	  0.975236
      0.98	  0.967058	  0.975236
      0.99	  0.967058	  0.975236
         1	  0.967058	  0.975236
      1.01	  0.967058	  0.959212
      1.02	   0.96706	  0.962661
      1.03	  0.967062	  0.966037
      1.04	  0.967051	  0.968982
      1.05	   0.96704	  0.971464
      1.06	  0.967015	   0.97349
      1.07	  0.966989	  0.975216
      1.08	  0.966952	  0.976723
      1.09	  0.966916	   0.97792
       1.1	  0.966872	  0.978949
      1.11	  0.966827	  0.979741
      1.12	  0.966777	  0.980501
      1.13	  0.966727	  0.981064
      1.14	  0.966671	  0.981628
      1.15	  0.966614	  0.982141
      1.16	  0.966558	  0.982622
      1.17	  0.966497	  0.983102
      1.18	  0.966436	  0.983583
      1.19	  0.966374	  0.984054
       1.2	  0.966309	  0.984526
      1.21	  0.966243	  0.984984
      1.22	  0.966178	  0.985427
      1.23	  0.966113	   0.98587
      1.24	  0.966044	  0.986312
      1.25	  0.965976	  0.986846
      1.26	  0.965907	  0.987379
      1.27	  0.965839	  0.987912
      1.28	  0.965771	  0.988446
      1.29	  0.965701	  0.988979
       1.3	  0.965631	  0.989512
      1.31	  0.965561	  0.990048
      1.32	  0.965491	  0.990583
      1.33	  0.965421	   0.99105
      1.34	  0.965351	  0.991501
      1.35	  0.965281	  0.991952
      1.36	  0.965211	  0.992404
      1.37	  0.965141	  0.992855
      1.38	  0.965072	  0.993107
      1.39	  0.965002	  0.993314
       1.4	  0.964932	  0.993521
      1.41	  0.964862	  0.993729
      1.42	  0.964792	  0.993833
      1.43	  0.964731	   0.99376
      1.44	  0.964669	  0.993686
      1.45	  0.964608	  0.993691
      1.46	  0.964547	  0.993799
      1.47	  0.964493	  0.993907
      1.48	   0.96444	  0.994106
      1.49	  0.964392	  0.994306
       1.5	  0.964344	  0.994453
      1.51	  0.964295	  0.994418
      1.52	  0.964253	  0.994384
      1.53	   0.96421	  0.994318
      1.54	  0.964173	  0.994239
      1.55	  0.964136	  0.994159
      1.56	    0.9641	  0.993989
      1.57	  0.964071	   0.99379
      1.58	  0.964043	  0.993591
      1.59	  0.964015	  0.993391
       1.6	  0.963986	  0.993022
      1.61	  0.963966	  0.992625
      1.62	  0.963945	  0.992227
      1.63	  0.963924	  0.991807
      1.64	  0.963913	  0.991343
      1.65	  0.963902	   0.99088
      1.66	  0.963891	  0.990371
      1.67	   0.96389	  0.989817
      1.68	  0.963888	  0.989264
      1.69	  0.963887	  0.988699
       1.7	  0.963896	  0.988087
      1.71	  0.963906	  0.987475
      1.72	  0.963915	  0.986929
      1.73	  0.963925	  0.986637
      1.74	  0.963945	  0.985972
      1.75	  0.963964	  0.985138
      1.76	  0.963984	  0.984355
      1.77	  0.964013	  0.983624
      1.78	  0.964041	  0.982758
      1.79	  0.964077	   0.98181
       1.8	  0.964113	  0.980863
      1.81	   0.96415	  0.980136
      1.82	  0.964194	  0.979458
      1.83	  0.964238	  0.978736
      1.84	  0.964282	  0.977966
      1.85	  0.964332	  0.977196
      1.86	  0.964381	  0.976448
      1.87	  0.964436	    0.9757
      1.88	   0.96449	   0.97499
      1.89	  0.964544	  0.975116
       1.9	  0.964598	  0.974734
      1.91	  0.964652	  0.974072
      1.92	  0.964706	  0.973354
      1.93	   0.96476	  0.972702
      1.94	  0.964814	  0.972105
      1.95	  0.964868	   0.97168
      1.96	  0.964922	  0.971256
      1.97	  0.964976	  0.970923
      1.98	   0.96503	  0.970759
      1.99	  0.965084	  0.970596
         2	  0.965136	  0.970432
      2.01	  0.965187	  0.970385
      2.02	  0.965239	  0.970538
      2.03	   0.96529	  0.970691
      2.04	  0.965337	  0.970844
      2.05	  0.965384	  0.970997
      2.06	  0.965431	  0.971153
      2.07	  0.965468	  0.971167
      2.08	  0.965506	  0.971154
      2.09	  0.965543	  0.971141
       2.1	  0.965581	  0.971182
      2.11	  0.965611	  0.971305
      2.12	  0.965642	  0.971428
      2.13	  0.965673	  0.971517
      2.14	  0.965697	  0.971591
      2.15	  0.965721	  0.971666
      2.16	  0.965745	   0.97174
      2.17	  0.965762	  0.971832
      2.18	  0.965778	  0.971923
      2.19	  0.965795	  0.972015
       2.2	  0.965812	  0.972117
      2.21	  0.965823	  0.972218
      2.22	  0.965833	   0.97232
      2.23	  0.965844	  0.972422
      2.24	  0.965854	  0.972534
      2.25	  0.965859	  0.972647
      2.26	  0.965863	  0.972759
      2.27	  0.965868	  0.972871
      2.28	  0.965872	  0.972984
      2.29	  0.965877	  0.973099
       2.3	  0.965877	  0.973215
      2.31	  0.965877	  0.973331
      2.32	  0.965877	  0.973446
      2.33	  0.965877	  0.973562
      2.34	  0.965877	  0.973677
      2.35	  0.965876	  0.973793
      2.36	  0.965873	  0.973909
      2.37	   0.96587	  0.974024
      2.38	  0.965867	  0.974135
      2.39	  0.965864	  0.974245
       2.4	  0.965861	  0.974355
      2.41	  0.965858	  0.974462
      2.42	  0.965855	  0.974568
      2.43	  0.965851	  0.974675
      2.44	  0.965848	  0.974782
      2.45	  0.965844	  0.974883
      2.46	   0.96584	  0.974984
      2.47	  0.965836	  0.975085
      2.48	  0.965833	  0.975187
      2.49	  0.965829	  0.975288
       2.5	  0.965825	  0.975389
      2.51	  0.965821	  0.975487
      2.52	  0.965817	  0.975585
      2.53	  0.965814	  0.975683
      2.54	   0.96581	  0.975781
      2.55	  0.965806	  0.975879
      2.56	  0.965802	  0.975977
      2.57	  0.965798	  0.976072
      2.58	  0.965795	  0.976167
      2.59	  0.965791	  0.976252
       2.6	  0.965787	  0.976337
      2.61	  0.965783	  0.976422
      2.62	  0.965779	  0.976507
      2.63	  0.965778	  0.976592
      2.64	  0.965776	  0.976664
      2.65	  0.965774	  0.976736
      2.66	  0.965772	  0.976808
      2.67	   0.96577	  0.976881
      2.68	  0.965768	  0.976953
      2.69	  0.965766	  0.977013
       2.7	  0.965764	  0.977072
      2.71	  0.965763	  0.977132
      2.72	  0.965761	  0.977192
      2.73	  0.965759	  0.977252
      2.74	  0.965758	  0.977301
      2.75	  0.965757	   0.97735
      2.76	  0.965755	  0.977399
      2.77	  0.965754	  0.977448
      2.78	  0.965753	  0.977497
      2.79	  0.965752	  0.977539
       2.8	  0.965751	  0.977581
      2.81	   0.96575	  0.977623
      2.82	  0.965748	  0.977665
      2.83	  0.965747	  0.977707
      2.84	  0.965746	  0.977741
      2.85	  0.965745	  0.977775
      2.86	  0.965744	  0.977809
      2.87	  0.965743	  0.977843
      2.88	  0.965742	  0.977877
      2.89	   0.96574	  0.977911
       2.9	  0.965739	  0.977946
      2.91	  0.965738	  0.977976
      2.92	  0.965737	  0.978006
      2.93	  0.965736	  0.978036
      2.94	  0.965735	  0.978066
      2.95	  0.965734	  0.978096
      2.96	  0.965732	  0.978126
      2.97	  0.965731	  0.978154
      2.98	   0.96573	  0.978181
      2.99	  0.965729	  0.978209
         3	  0.965728	  0.978236
      3.01	  0.965727	  0.978264
      3.02	  0.965726	  0.978289
      3.03	  0.965724	  0.978315
      3.04	  0.965723	   0.97834
      3.05	  0.965722	  0.978366
      3.06	  0.965721	  0.978391
      3.07	   0.96572	  0.978417
      3.08	  0.965719	  0.978442
      3.09	  0.965718	  0.978465
       3.1	  0.965716	  0.978488
      3.11	  0.965715	  0.978511
      3.12	  0.965714	  0.978534
      3.13	  0.965713	  0.978557
      3.14	  0.965712	   0.97858
      3.15	  0.965711	  0.978602
      3.16	   0.96571	  0.978625
      3.17	  0.965708	  0.978648
      3.18	  0.965707	  0.978671
      3.19	  0.965706	   0.97869
       3.2	  0.965705	  0.978709
      3.21	  0.965704	  0.978728
      3.22	  0.965703	  0.978747
      3.23	  0.965701	  0.978766
      3.24	    0.9657	  0.978785
      3.25	  0.965699	  0.978805
      3.26	  0.965698	  0.978824
      3.27	  0.965697	  0.978839
      3.28	  0.965696	  0.978855
      3.29	  0.965694	   0.97887
       3.3	  0.965692	  0.978886
      3.31	   0.96569	  0.978898
      3.32	  0.965689	  0.978911
      3.33	  0.965687	  0.978923
      3.34	  0.965685	  0.978935
      3.35	  0.965683	  0.978948
      3.36	  0.965681	  0.978957
      3.37	   0.96568	  0.978966
      3.38	  0.965678	  0.978974
      3.39	  0.965676	  0.978983
       3.4	  0.965674	  0.978988
      3.41	  0.965672	  0.978992
      3.42	  0.965671	  0.978997
      3.43	  0.965669	  0.979002
      3.44	  0.965667	  0.979006
      3.45	  0.965665	  0.979006
      3.46	  0.965663	  0.979006
      3.47	  0.965662	  0.979006
      3.48	   0.96566	  0.979006
      3.49	  0.965658	  0.979005
       3.5	  0.965656	     0.979
      3.51	  0.965654	  0.978995
      3.52	  0.965653	   0.97899
      3.53	  0.965651	  0.978985
      3.54	  0.965649	   0.97898
      3.55	  0.965647	   0.97897
      3.56	  0.965647	   0.97896
      3.57	  0.965646	   0.97895
      3.58	  0.965646	   0.97894
      3.59	  0.965646	   0.97893
       3.6	  0.965645	  0.978916
      3.61	  0.965645	  0.978901
      3.62	  0.965644	  0.978887
      3.63	  0.965644	  0.978872
      3.64	  0.965643	  0.978858
      3.65	  0.965643	  0.978839
      3.66	  0.965642	  0.978821
      3.67	  0.965642	  0.978802
      3.68	  0.965642	  0.978783
      3.69	  0.965641	  0.978765
       3.7	  0.965642	  0.978746
      3.71	  0.965643	  0.978724
      3.72	  0.965644	  0.978702
      3.73	  0.965645	   0.97868
      3.74	  0.965646	  0.978658
      3.75	  0.965646	  0.978636
      3.76	  0.965647	  0.978614
      3.77	  0.965648	  0.978591
      3.78	  0.965649	  0.978568
      3.79	   0.96565	  0.978546
       3.8	  0.965651	  0.978523
      3.81	  0.965652	    0.9785
      3.82	  0.965653	  0.978478
      3.83	  0.965654	  0.978455
      3.84	  0.965654	  0.978432
      3.85	  0.965655	   0.97841
      3.86	  0.965657	  0.978387
      3.87	  0.965658	  0.978364
      3.88	  0.965659	  0.978342
      3.89	   0.96566	  0.978319
       3.9	  0.965662	  0.978296
      3.91	  0.965663	  0.978274
      3.92	  0.965664	  0.978251
      3.93	  0.965665	  0.978233
      3.94	  0.965667	  0.978215
      3.95	  0.965668	  0.978196
      3.96	  0.965669	  0.978178
      3.97	  0.965671	   0.97816
      3.98	  0.965672	  0.978146
      3.99	  0.965673	  0.978132
         4	  0.965674	  0.978118
      4.01	  0.965676	  0.978104
      4.02	  0.965677	   0.97809
      4.03	  0.965678	   0.97808
      4.04	  0.965679	   0.97807
      4.05	  0.965681	   0.97806
      4.06	  0.965682	   0.97805
      4.07	  0.965683	  0.978044
      4.08	  0.965685	  0.978037
      4.09	  0.965686	   0.97803
       4.1	  0.965687	  0.978027
      4.11	  0.965688	  0.978023
      4.12	   0.96569	   0.97802
      4.13	  0.965691	  0.978017
      4.14	  0.965692	  0.978014
      4.15	  0.965693	  0.978011
      4.16	  0.965695	  0.978011
      4.17	  0.965696	  0.978012
      4.18	  0.965697	  0.978012
      4.19	  0.965699	  0.978012
       4.2	    0.9657	  0.978012
      4.21	  0.965701	  0.978015
      4.22	  0.965702	  0.978018
      4.23	  0.965704	  0.978022
      4.24	  0.965705	  0.978025
      4.25	  0.965706	  0.978028
      4.26	  0.965707	  0.978031
      4.27	  0.965709	  0.978037
      4.28	   0.96571	  0.978042
      4.29	  0.965711	  0.978048
       4.3	  0.965713	  0.978054
      4.31	  0.965714	  0.978062
      4.32	  0.965715	   0.97807
      4.33	  0.965716	  0.978079
      4.34	  0.965718	  0.978087
      4.35	  0.965717	  0.978095
      4.36	  0.965717	  0.978103
      4.37	  0.965717	  0.978111
      4.38	  0.965717	  0.978122
      4.39	  0.965716	  0.978132
       4.4	  0.965716	  0.978143
      4.41	  0.965716	  0.978154
      4.42	  0.965716	  0.978165
      4.43	  0.965715	  0.978175
      4.44	  0.965715	  0.978189
      4.45	  0.965715	  0.978202
      4.46	  0.965714	  0.978216
      4.47	  0.965714	  0.978229
      4.48	  0.965714	  0.978243
      4.49	  0.965714	  0.978256
       4.5	  0.965713	   0.97827
      4.51	  0.965713	  0.978283
      4.52	  0.965713	  0.978297
      4.53	  0.965713	   0.97831
      4.54	  0.965712	  0.978323
      4.55	  0.965711	  0.978337
      4.56	   0.96571	  0.978351
      4.57	  0.965709	  0.978364
      4.58	  0.965708	  0.978378
      4.59	  0.965707	  0.978391
       4.6	  0.965706	  0.978405
      4.61	  0.965705	  0.978419
      4.62	  0.965704	  0.978432
      4.63	  0.965703	  0.978446
      4.64	  0.965702	   0.97846
      4.65	  0.965701	  0.978473
      4.66	    0.9657	  0.978487
      4.67	  0.965699	  0.978501
      4.68	  0.965698	  0.978514
      4.69	  0.965696	  0.978528
       4.7	  0.965695	  0.978541
      4.71	  0.965694	  0.978552
      4.72	  0.965693	  0.978563
      4.73	  0.965692	  0.978575
      4.74	  0.965691	  0.978586
      4.75	   0.96569	  0.978597
      4.76	  0.965689	  0.978608
      4.77	  0.965688	  0.978619
      4.78	  0.965687	  0.978627
      4.79	  0.965686	  0.978635
       4.8	  0.965685	  0.978643
      4.81	  0.965684	  0.978651
      4.82	  0.965683	  0.978659
      4.83	  0.965682	  0.978667
      4.84	  0.965681	  0.978671
      4.85	   0.96568	  0.978676
      4.86	  0.965678	   0.97868
      4.87	  0.965678	  0.978684
      4.88	  0.965677	  0.978689
      4.89	  0.965676	  0.978693
       4.9	  0.965676	  0.978697
      4.91	  0.965675	  0.978698
      4.92	  0.965674	  0.978699
      4.93	  0.965674	    0.9787
      4.94	  0.965673	  0.978701
      4.95	  0.965672	  0.978702
      4.96	  0.965672	    0.9787
      4.97	  0.965671	  0.978697
      4.98	   0.96567	  0.978695
      4.99	   0.96567	  0.978693
         5	  0.965669	  0.978691
      5.01	  0.965668	  0.978686
      5.02	  0.965667	  0.978681
      5.03	  0.965667	  0.978675
      5.04	  0.965666	   0.97867
      5.05	  0.965665	  0.978665
      5.06	  0.965665	  0.978659
      5.07	  0.965664	  0.978651
      5.08	  0.965663	  0.978643
      5.09	  0.965664	  0.978635
       5.1	  0.965664	  0.978627
      5.11	  0.965664	  0.978618
      5.12	  0.965665	  0.978608
      5.13	  0.965665	  0.978597
      5.14	  0.965665	  0.978587
      5.15	  0.965666	  0.978576
      5.16	  0.965666	  0.978566
      5.17	  0.965666	  0.978555
      5.18	  0.965667	  0.978543
      5.19	  0.965667	   0.97853
       5.2	  0.965667	  0.978517
      5.21	  0.965668	  0.978505
      5.22	  0.965668	  0.978492
      5.23	  0.965668	  0.978479
      5.24	  0.965669	  0.978467
      5.25	  0.965669	  0.978454
      5.26	  0.965669	  0.978441
      5.27	   0.96567	  0.978428
      5.28	   0.96567	  0.978416
      5.29	   0.96567	  0.978403
       5.3	  0.965671	   0.97839
      5.31	  0.965672	  0.978377
      5.32	  0.965672	  0.978364
      5.33	  0.965673	  0.978351
      5.34	  0.965674	  0.978339
      5.35	  0.965674	  0.978326
      5.36	  0.965675	  0.978313
      5.37	  0.965676	    0.9783
      5.38	  0.965677	  0.978287
      5.39	  0.965677	  0.978274
       5.4	  0.965678	  0.978262
      5.41	  0.965679	  0.978249
      5.42	  0.965679	  0.978236
      5.43	   0.96568	  0.978227
      5.44	  0.965681	  0.978217
      5.45	  0.965681	  0.978208
      5.46	  0.965682	  0.978198
      5.47	  0.965683	  0.978189
      5.48	  0.965683	   0.97818
      5.49	  0.965684	   0.97817
       5.5	  0.965685	  0.978164
      5.51	  0.965685	  0.978158
      5.52	  0.965686	  0.978151
      5.53	  0.965687	  0.978145
      5.54	  0.965688	  0.978139
      5.55	  0.965688	  0.978133
      5.56	  0.965689	  0.978127
      5.57	   0.96569	  0.978124
      5.58	   0.96569	   0.97812
      5.59	  0.965691	  0.978117
       5.6	  0.965692	  0.978114
      5.61	  0.965692	  0.978111
      5.62	  0.965693	  0.978111
      5.63	  0.965694	  0.978111
      5.64	  0.965694	  0.978111
      5.65	  0.965695	   0.97811
      5.66	  0.965696	   0.97811
      5.67	  0.965696	  0.978112
      5.68	  0.965697	  0.978115
      5.69	  0.965698	  0.978117
       5.7	  0.965699	  0.978119
      5.71	  0.965699	  0.978121
      5.72	    0.9657	  0.978126
      5.73	  0.965701	   0.97813
      5.74	  0.965701	  0.978135
      5.75	  0.965702	  0.978139
      5.76	  0.965703	  0.978143
      5.77	  0.965703	   0.97815
      5.78	  0.965704	  0.978157
      5.79	  0.965705	  0.978164
       5.8	  0.965705	  0.978171
      5.81	  0.965706	  0.978177
      5.82	  0.965707	  0.978184
      5.83	  0.965707	  0.978193
      5.84	  0.965708	  0.978202
      5.85	  0.965709	  0.978212
      5.86	   0.96571	  0.978221
      5.87	   0.96571	   0.97823
      5.88	  0.965711	  0.978239
      5.89	  0.965712	  0.978249
       5.9	  0.965712	   0.97826
      5.91	  0.965712	  0.978271
      5.92	  0.965711	  0.978282
      5.93	   0.96571	  0.978293
      5.94	   0.96571	  0.978304
      5.95	  0.965709	  0.978315
      5.96	  0.965708	  0.978326
      5.97	  0.965707	  0.978337
      5.98	  0.965707	  0.978348
      5.99	  0.965706	  0.978359
         6	  0.965705	   0.97837
      6.01	  0.965705	  0.978381
      6.02	  0.965704	  0.978393
      6.03	  0.965703	  0.978404
      6.04	  0.965703	  0.978414
      6.05	  0.965702	  0.978425
      6.06	  0.965701	  0.978435
      6.07	  0.965701	  0.978446
      6.08	    0.9657	  0.978457
      6.09	  0.965699	  0.978467
       6.1	  0.965698	  0.978478
      6.11	  0.965698	  0.978488
      6.12	  0.965697	  0.978499
      6.13	  0.965696	   0.97851
      6.14	  0.965696	   0.97852
      6.15	  0.965695	  0.978531
      6.16	  0.965694	  0.978541
      6.17	  0.965694	   0.97855
      6.18	  0.965693	  0.978558
      6.19	  0.965692	  0.978566
       6.2	  0.965691	  0.978574
      6.21	  0.965691	  0.978582
      6.22	   0.96569	   0.97859
      6.23	  0.965689	  0.978598
      6.24	  0.965688	  0.978603
      6.25	  0.965688	  0.978608
      6.26	  0.965687	  0.978613
      6.27	  0.965686	  0.978617
      6.28	  0.965686	  0.978622
      6.29	  0.965685	  0.978627
       6.3	  0.965684	  0.978632
      6.31	  0.965683	  0.978637
      6.32	  0.965683	  0.978639
      6.33	  0.965682	   0.97864
      6.34	  0.965681	  0.978642
      6.35	  0.965681	  0.978644
      6.36	   0.96568	  0.978646
      6.37	  0.965679	  0.978645
      6.38	  0.965678	  0.978644
      6.39	  0.965678	  0.978644
       6.4	  0.965677	  0.978643
      6.41	  0.965676	  0.978642
      6.42	  0.965675	  0.978639
      6.43	  0.965675	  0.978636
      6.44	  0.965674	  0.978633
      6.45	  0.965673	   0.97863
      6.46	  0.965673	  0.978626
      6.47	  0.965672	  0.978621
      6.48	  0.965671	  0.978615
      6.49	   0.96567	   0.97861
       6.5	   0.96567	  0.978604
      6.51	  0.965669	  0.978599
      6.52	  0.965668	  0.978591
      6.53	  0.965669	  0.978584
      6.54	  0.965669	  0.978576
      6.55	  0.965669	  0.978568
      6.56	  0.965669	  0.978561
      6.57	   0.96567	  0.978553
      6.58	   0.96567	  0.978543
      6.59	   0.96567	  0.978533
       6.6	  0.965671	  0.978523
      6.61	  0.965671	  0.978513
      6.62	  0.965671	  0.978503
      6.63	  0.965672	  0.978494
      6.64	  0.965672	  0.978484
      6.65	  0.965672	  0.978474
      6.66	  0.965673	  0.978463
      6.67	  0.965673	  0.978453
      6.68	  0.965673	  0.978442
      6.69	  0.965673	  0.978432
       6.7	  0.965674	  0.978422
      6.71	  0.965674	  0.978411
      6.72	  0.965674	  0.978401
      6.73	  0.965675	   0.97839
      6.74	  0.965675	   0.97838
      6.75	  0.965676	  0.978369
      6.76	  0.965676	  0.978359
      6.77	  0.965677	  0.978349
      6.78	  0.965678	  0.978338
      6.79	  0.965678	  0.978328
       6.8	  0.965679	  0.978317
      6.81	   0.96568	  0.978307
      6.82	   0.96568	  0.978296
      6.83	  0.965681	  0.978286
      6.84	  0.965681	  0.978276
      6.85	  0.965682	  0.978265
      6.86	  0.965683	  0.978255
      6.87	  0.965683	  0.978244
      6.88	  0.965684	  0.978234
      6.89	  0.965684	  0.978223
       6.9	  0.965685	  0.978213
      6.91	  0.965686	  0.978206
      6.92	  0.965686	  0.978199
      6.93	  0.965687	  0.978193
      6.94	  0.965687	  0.978186
      6.95	  0.965688	  0.978179
      6.96	  0.965689	  0.978172
      6.97	  0.965689	  0.978165
      6.98	   0.96569	  0.978161
      6.99	   0.96569	  0.978157
         7	  0.965691	  0.978153
      7.01	  0.965692	   0.97815
      7.02	  0.965692	  0.978146
      7.03	  0.965693	  0.978142
      7.04	  0.965693	  0.978141
      7.05	  0.965694	  0.978141
      7.06	  0.965695	  0.978141
      7.07	  0.965695	   0.97814
      7.08	  0.965696	   0.97814
      7.09	  0.965696	   0.97814
       7.1	  0.965697	  0.978139
      7.11	  0.965698	  0.978139
      7.12	  0.965698	  0.978142
      7.13	  0.965699	  0.978144
      7.14	  0.965699	  0.978147
      7.15	    0.9657	   0.97815
      7.16	  0.965701	  0.978152
      7.17	  0.965701	  0.978157
      7.18	  0.965702	  0.978162
      7.19	  0.965702	  0.978167
       7.2	  0.965703	  0.978172
      7.21	  0.965704	  0.978177
      7.22	  0.965704	  0.978182
      7.23	  0.965705	   0.97819
      7.24	  0.965705	  0.978197
      7.25	  0.965706	  0.978205
      7.26	  0.965707	  0.978212
      7.27	  0.965707	   0.97822
      7.28	  0.965708	  0.978227
      7.29	  0.965708	  0.978235
       7.3	  0.965709	  0.978244
      7.31	   0.96571	  0.978254
      7.32	   0.96571	  0.978264
      7.33	  0.965711	  0.978273
      7.34	   0.96571	  0.978283
      7.35	  0.965709	  0.978292
      7.36	  0.965709	  0.978302
      7.37	  0.965708	  0.978312
      7.38	  0.965707	  0.978321
      7.39	  0.965707	  0.978331
       7.4	  0.965706	   0.97834
      7.41	  0.965705	   0.97835
      7.42	  0.965705	   0.97836
      7.43	  0.965704	   0.97837
      7.44	  0.965703	   0.97838
      7.45	  0.965703	   0.97839
      7.46	  0.965702	    0.9784
      7.47	  0.965701	   0.97841
      7.48	  0.965701	   0.97842
      7.49	    0.9657	   0.97843
       7.5	  0.965699	   0.97844
      7.51	  0.965699	   0.97845
      7.52	  0.965698	   0.97846
      7.53	  0.965697	   0.97847
      7.54	  0.965697	   0.97848
      7.55	  0.965696	   0.97849
      7.56	  0.965695	  0.978499
      7.57	  0.965695	  0.978509
      7.58	  0.965694	  0.978519
      7.59	  0.965693	  0.978529
       7.6	  0.965692	  0.978536
      7.61	  0.965692	  0.978544
      7.62	  0.965691	  0.978551
      7.63	  0.965691	  0.978558
      7.64	   0.96569	  0.978565
      7.65	  0.965689	  0.978572
      7.66	  0.965689	   0.97858
      7.67	  0.965688	  0.978587
      7.68	  0.965687	  0.978591
      7.69	  0.965687	  0.978596
       7.7	  0.965686	    0.9786
      7.71	  0.965685	  0.978605
      7.72	  0.965685	  0.978609
      7.73	  0.965684	  0.978614
      7.74	  0.965684	  0.978615
      7.75	  0.965683	  0.978616
      7.76	  0.965682	  0.978618
      7.77	  0.965682	  0.978619
      7.78	  0.965681	   0.97862
      7.79	   0.96568	  0.978621
       7.8	   0.96568	  0.978623
      7.81	  0.965679	  0.978624
      7.82	  0.965678	  0.978622
      7.83	  0.965678	  0.978621
      7.84	  0.965677	  0.978619
      7.85	  0.965677	  0.978617
      7.86	  0.965676	  0.978616
      7.87	  0.965675	  0.978612
      7.88	  0.965675	  0.978608
      7.89	  0.965674	  0.978604
       7.9	  0.965673	    0.9786
      7.91	  0.965673	  0.978596
      7.92	  0.965672	  0.978592
      7.93	  0.965672	  0.978585
      7.94	  0.965671	  0.978579
      7.95	   0.96567	  0.978572
      7.96	  0.965671	  0.978565
      7.97	  0.965671	  0.978559
      7.98	  0.965671	  0.978552
      7.99	  0.965671	  0.978545
         8	  0.965672	  0.978536
      8.01	  0.965672	  0.978527
      8.02	  0.965672	  0.978518
      8.03	  0.965673	  0.978509
      8.04	  0.965673	    0.9785
      8.05	  0.965673	  0.978491
      8.06	  0.965674	  0.978482
      8.07	  0.965674	  0.978473
      8.08	  0.965674	  0.978464
      8.09	  0.965674	  0.978454
       8.1	  0.965675	  0.978445
      8.11	  0.965675	  0.978435
      8.12	  0.965675	  0.978425
      8.13	  0.965676	  0.978415
      8.14	  0.965676	  0.978406
      8.15	  0.965676	  0.978396
      8.16	  0.965677	  0.978386
      8.17	  0.965677	  0.978376
      8.18	  0.965677	  0.978367
      8.19	  0.965678	  0.978357
       8.2	  0.965678	  0.978347
      8.21	  0.965679	  0.978337
      8.22	   0.96568	  0.978328
      8.23	   0.96568	  0.978318
      8.24	  0.965681	  0.978308
      8.25	  0.965681	  0.978298
      8.26	  0.965682	  0.978289
      8.27	  0.965682	  0.978279
      8.28	  0.965683	  0.978269
      8.29	  0.965683	  0.978259
       8.3	  0.965684	   0.97825
      8.31	  0.965684	   0.97824
      8.32	  0.965685	  0.978233
      8.33	  0.965685	  0.978226
      8.34	  0.965686	  0.978219
      8.35	  0.965686	  0.978212
      8.36	  0.965687	  0.978205
      8.37	  0.965687	  0.978198
      8.38	  0.965688	  0.978192
      8.39	  0.965688	  0.978188
       8.4	  0.965689	  0.978183
      8.41	  0.965689	  0.978179
      8.42	   0.96569	  0.978175
      8.43	  0.965691	  0.978171
      8.44	  0.965691	  0.978167
      8.45	  0.965692	  0.978163
      8.46	  0.965692	  0.978159
      8.47	  0.965693	  0.978158
      8.48	  0.965693	  0.978157
      8.49	  0.965694	  0.978156
       8.5	  0.965694	  0.978155
      8.51	  0.965695	  0.978154
      8.52	  0.965695	  0.978155
      8.53	  0.965696	  0.978156
      8.54	  0.965696	  0.978157
      8.55	  0.965697	  0.978158
      8.56	  0.965697	   0.97816
      8.57	  0.965698	  0.978163
      8.58	  0.965698	  0.978166
      8.59	  0.965699	   0.97817
       8.6	  0.965699	  0.978173
      8.61	    0.9657	  0.978177
      8.62	  0.965701	   0.97818
      8.63	  0.965701	  0.978186
      8.64	  0.965702	  0.978192
      8.65	  0.965702	  0.978199
      8.66	  0.965703	  0.978205
      8.67	  0.965703	  0.978211
      8.68	  0.965704	  0.978217
      8.69	  0.965704	  0.978223
       8.7	  0.965705	  0.978231
      8.71	  0.965705	   0.97824
      8.72	  0.965706	  0.978248
      8.73	  0.965706	  0.978256
      8.74	  0.965707	  0.978265
      8.75	  0.965707	  0.978273
      8.76	  0.965708	  0.978281
      8.77	  0.965708	   0.97829
      8.78	  0.965709	  0.978298
      8.79	  0.965708	  0.978306
       8.8	  0.965708	  0.978315
      8.81	  0.965707	  0.978324
      8.82	  0.965706	  0.978334
      8.83	  0.965705	  0.978343
      8.84	  0.965705	  0.978352
      8.85	  0.965704	  0.978361
      8.86	  0.965703	   0.97837
      8.87	  0.965703	  0.978379
      8.88	  0.965702	  0.978388
      8.89	  0.965701	  0.978397
       8.9	  0.965701	  0.978406
      8.91	    0.9657	  0.978415
      8.92	  0.965699	  0.978424
      8.93	  0.965698	  0.978433
      8.94	  0.965698	  0.978443
      8.95	  0.965697	  0.978452
      8.96	  0.965696	  0.978461
      8.97	  0.965696	   0.97847
      8.98	  0.965695	  0.978479
      8.99	  0.965694	  0.978488
         9	  0.965694	  0.978497
      9.01	  0.965693	  0.978506
      9.02	  0.965692	  0.978515
      9.03	  0.965691	  0.978524
      9.04	  0.965691	  0.978533
      9.05	   0.96569	  0.978542
      9.06	  0.965689	  0.978548
      9.07	  0.965689	  0.978554
      9.08	  0.965688	   0.97856
      9.09	  0.965687	  0.978566
       9.1	  0.965687	  0.978572
      9.11	  0.965686	  0.978578
      9.12	  0.965686	  0.978584
      9.13	  0.965685	  0.978587
      9.14	  0.965685	   0.97859
      9.15	  0.965684	  0.978594
      9.16	  0.965684	  0.978597
      9.17	  0.965683	    0.9786
      9.18	  0.965682	  0.978604
      9.19	  0.965682	  0.978604
       9.2	  0.965681	  0.978604
      9.21	  0.965681	  0.978604
      9.22	   0.96568	  0.978604
      9.23	   0.96568	  0.978604
      9.24	  0.965679	  0.978604
      9.25	  0.965679	  0.978605
      9.26	  0.965678	  0.978605
      9.27	  0.965678	  0.978605
      9.28	  0.965677	  0.978602
      9.29	  0.965677	  0.978599
       9.3	  0.965676	  0.978596
      9.31	  0.965676	  0.978593
      9.32	  0.965675	   0.97859
      9.33	  0.965675	  0.978587
      9.34	  0.965674	  0.978581
      9.35	  0.965674	  0.978575
      9.36	  0.965673	  0.978569
      9.37	  0.965673	  0.978563
      9.38	  0.965672	  0.978557
      9.39	  0.965672	  0.978551
       9.4	  0.965672	  0.978545
      9.41	  0.965672	   0.97854
      9.42	  0.965673	  0.978534
      9.43	  0.965673	  0.978525
      9.44	  0.965673	  0.978517
      9.45	  0.965674	  0.978509
      9.46	  0.965674	    0.9785
      9.47	  0.965674	  0.978492
      9.48	  0.965675	  0.978484
      9.49	  0.965675	  0.978475
       9.5	  0.965675	  0.978467
      9.51	  0.965676	  0.978458
      9.52	  0.965676	  0.978449
      9.53	  0.965676	   0.97844
      9.54	  0.965677	  0.978432
      9.55	  0.965677	  0.978423
      9.56	  0.965677	  0.978414
      9.57	  0.965678	  0.978405
      9.58	  0.965678	  0.978397
      9.59	  0.965679	  0.978388
       9.6	  0.965679	  0.978379
      9.61	  0.965679	   0.97837
      9.62	   0.96568	  0.978361
      9.63	   0.96568	  0.978353
      9.64	  0.965681	  0.978344
      9.65	  0.965681	  0.978335
      9.66	  0.965682	  0.978326
      9.67	  0.965683	  0.978317
      9.68	  0.965684	  0.978309
      9.69	  0.965684	    0.9783
       9.7	  0.965685	  0.978291
      9.71	  0.965686	  0.978282
      9.72	  0.965687	  0.978273
      9.73	  0.965687	  0.978265
      9.74	  0.965688	  0.978256
      9.75	  0.965689	  0.978247
      9.76	  0.965689	  0.978238
      9.77	   0.96569	   0.97823
      9.78	  0.965691	  0.978221
      9.79	  0.965692	  0.978216
       9.8	  0.965692	  0.978211
      9.81	  0.965693	  0.978207
      9.82	  0.965694	  0.978202
      9.83	  0.965695	  0.978197
      9.84	  0.965695	  0.978193
      9.85	  0.965696	  0.978188
      9.86	  0.965697	  0.978183
      9.87	  0.965698	  0.978179
      9.88	  0.965698	  0.978177
      9.89	  0.965699	  0.978175
       9.9	    0.9657	  0.978174
      9.91	    0.9657	  0.978172
      9.92	  0.965701	   0.97817
      9.93	  0.965702	  0.978169
      9.94	  0.965703	  0.978169
      9.95	  0.965703	   0.97817
      9.96	  0.965704	   0.97817
      9.97	  0.965705	  0.978171
      9.98	  0.965706	  0.978171
      9.99	  0.965706	  0.978172
        10	  0.965707	  0.978172
