Time	PV	OP	SP
         0	 0.0100716	   7.42529	      0.01
      0.01	 0.0100715	   7.42533	      0.01
      0.02	 0.0100714	   7.42537	      0.01
      0.03	 0.0100713	   7.42542	      0.01
      0.04	 0.0100712	   7.42546	      0.01
      0.05	 0.0100711	    7.4255	      0.01
      0.06	  0.010071	   7.42555	      0.01
      0.07	 0.0100709	   7.42559	      0.01
      0.08	 0.0100708	   7.42563	      0.01
      0.09	 0.0100707	   7.42568	      0.01
       0.1	 0.0100706	   7.42572	      0.01
      0.11	 0.0100705	   7.42576	      0.01
      0.12	 0.0100704	   7.42581	      0.01
      0.13	 0.0100703	   7.42585	      0.01
      0.14	 0.0100701	   7.42589	      0.01
      0.15	   0.01007	   7.42594	      0.01
      0.16	 0.0100699	   7.42598	      0.01
      0.17	 0.0100698	   7.42602	      0.01
      0.18	 0.0100697	   7.42607	      0.01
      0.19	 0.0100695	   7.42611	      0.01
       0.2	 0.0100694	   7.42615	      0.01
      0.21	 0.0100693	   7.42619	      0.01
      0.22	 0.0100691	   7.42622	      0.01
      0.23	  0.010069	   7.42626	      0.01
      0.24	 0.0100688	    7.4263	      0.01
      0.25	 0.0100687	   7.42634	      0.01
      0.26	 0.0100686	   7.42637	      0.01
      0.27	 0.0100684	   7.42641	      0.01
      0.28	 0.0100683	   7.42645	      0.01
      0.29	 0.0100681	   7.42648	      0.01
       0.3	  0.010068	   7.42652	      0.01
      0.31	 0.0100678	   7.42656	      0.01
      0.32	 0.0100676	    7.4266	      0.01
      0.33	 0.0100675	   7.42663	      0.01
      0.34	 0.0100673	   7.42667	      0.01
      0.35	 0.0100672	   7.42671	      0.01
      0.36	  0.010067	   7.42675	      0.01
      0.37	 0.0100668	   7.42678	      0.01
      0.38	 0.0100667	   7.42682	      0.01
      0.39	 0.0100665	   7.42686	      0.01
       0.4	 0.0100664	   7.42689	      0.01
      0.41	 0.0100662	   7.42693	      0.01
      0.42	  0.010066	   7.42696	      0.01
      0.43	 0.0100658	   7.42699	      0.01
      0.44	 0.0100656	   7.42703	      0.01
      0.45	 0.0100655	   7.42706	      0.01
      0.46	 0.0100653	   7.42709	      0.01
      0.47	 0.0100651	   7.42712	      0.01
      0.48	 0.0100649	   7.42715	      0.01
      0.49	 0.0100648	   7.42718	      0.01
       0.5	 0.0100646	   7.42721	      0.01
      0.51	 0.0100644	   7.42724	      0.01
      0.52	 0.0100642	   7.42728	      0.01
      0.53	  0.010064	   7.42731	      0.01
      0.54	 0.0100638	   7.42734	      0.01
      0.55	 0.0100636	   7.42737	      0.01
      0.56	 0.0100635	    7.4274	      0.01
      0.57	 0.0100633	   7.42743	      0.01
      0.58	 0.0100631	   7.42746	      0.01
      0.59	 0.0100629	   7.42749	      0.01
       0.6	 0.0100627	   7.42753	      0.01
      0.61	 0.0100625	   7.42756	      0.01
      0.62	 0.0100623	   7.42759	      0.01
      0.63	 0.0100621	   7.42762	      0.01
      0.64	 0.0100619	   7.42765	      0.01
      0.65	 0.0100617	   7.42768	      0.01
      0.66	 0.0100615	   7.42771	      0.01
      0.67	 0.0100613	   7.42774	      0.01
      0.68	 0.0100611	   7.42777	      0.01
      0.69	 0.0100609	    7.4278	      0.01
       0.7	 0.0100607	   7.42782	      0.01
      0.71	 0.0100605	   7.42785	      0.01
      0.72	 0.0100603	   7.42787	      0.01
      0.73	 0.0100601	    7.4279	      0.01
      0.74	 0.0100599	   7.42792	      0.01
      0.75	 0.0100597	   7.42795	      0.01
      0.76	 0.0100595	   7.42798	      0.01
      0.77	 0.0100593	     7.428	      0.01
      0.78	 0.0100591	   7.42803	      0.01
      0.79	 0.0100589	   7.42805	      0.01
       0.8	 0.0100587	   7.42808	      0.01
      0.81	 0.0100585	    7.4281	      0.01
      0.82	 0.0100583	   7.42813	      0.01
      0.83	 0.0100581	   7.42816	      0.01
      0.84	 0.0100579	   7.42818	      0.01
      0.85	 0.0100577	   7.42821	      0.01
      0.86	 0.0100575	   7.42823	      0.01
      0.87	 0.0100572	   7.42826	      0.01
      0.88	  0.010057	   7.42828	      0.01
      0.89	 0.0100568	   7.42831	      0.01
       0.9	 0.0100566	   7.42833	      0.01
      0.91	 0.0100564	   7.42836	      0.01
      0.92	 0.0100562	   7.42839	      0.01
      0.93	  0.010056	   7.42841	      0.01
      0.94	 0.0100558	   7.42844	      0.01
      0.95	 0.0100556	   7.42846	      0.01
      0.96	 0.0100554	   7.42849	      0.01
      0.97	 0.0100552	   7.42851	      0.01
      0.98	  0.010055	   7.42854	      0.01
      0.99	 0.0100548	   7.42857	      0.01
         1	 0.0100546	   7.42859	      0.01
      1.01	 0.0100544	   7.42862	      0.01
      1.02	 0.0100542	   7.42864	      0.01
      1.03	  0.010054	   7.42877	      0.01
      1.04	 0.0100542	    7.4291	      0.01
      1.05	 0.0100549	   7.42971	      0.01
      1.06	 0.0100563	   7.43073	      0.01
      1.07	 0.0100587	   7.43226	      0.01
      1.08	 0.0100624	   7.43442	      0.01
      1.09	 0.0100678	   7.43723	      0.01
       1.1	  0.010075	   7.44076	      0.01
      1.11	 0.0100842	   7.44501	      0.01
      1.12	 0.0100958	      7.45	      0.01
      1.13	 0.0101099	   7.45569	      0.01
      1.14	 0.0101267	   7.46209	      0.01
      1.15	 0.0101462	    7.4691	      0.01
      1.16	 0.0101685	   7.47664	      0.01
      1.17	 0.0101935	   7.48461	      0.01
      1.18	 0.0102212	   7.49293	      0.01
      1.19	 0.0102517	   7.50148	      0.01
       1.2	 0.0102844	   7.51014	      0.01
      1.21	 0.0103192	   7.51881	      0.01
      1.22	 0.0103559	   7.52747	      0.01
      1.23	 0.0103943	   7.53613	      0.01
      1.24	 0.0104347	    7.5446	      0.01
      1.25	 0.0104765	   7.55295	      0.01
      1.26	 0.0105193	    7.5612	      0.01
      1.27	 0.0105633	   7.56931	      0.01
      1.28	 0.0106085	   7.57726	      0.01
      1.29	 0.0106543	   7.58513	      0.01
       1.3	  0.010701	   7.59288	      0.01
      1.31	 0.0107486	   7.60046	      0.01
      1.32	 0.0107965	   7.60803	      0.01
      1.33	  0.010845	   7.61544	      0.01
      1.34	 0.0108939	   7.62276	      0.01
      1.35	 0.0109431	      7.63	      0.01
      1.36	 0.0109926	   7.63709	      0.01
      1.37	 0.0110422	   7.64418	      0.01
      1.38	  0.011092	   7.65112	      0.01
      1.39	 0.0111418	   7.65805	      0.01
       1.4	 0.0111917	   7.66487	      0.01
      1.41	 0.0112417	    7.6717	      0.01
      1.42	 0.0112916	   7.67852	      0.01
      1.43	 0.0113415	   7.68533	      0.01
      1.44	 0.0113915	   7.69214	      0.01
      1.45	 0.0114414	   7.69895	      0.01
      1.46	 0.0114913	   7.70576	      0.01
      1.47	 0.0115413	   7.71265	      0.01
      1.48	 0.0115912	   7.71954	      0.01
      1.49	 0.0116411	   7.72646	      0.01
       1.5	 0.0116911	   7.73349	      0.01
      1.51	  0.011741	   7.74052	      0.01
      1.52	 0.0117909	   7.74755	      0.01
      1.53	 0.0118409	   7.75468	      0.01
      1.54	 0.0118908	    7.7618	      0.01
      1.55	 0.0119407	   7.76904	      0.01
      1.56	 0.0119907	   7.77628	      0.01
      1.57	 0.0120406	   7.78352	      0.01
      1.58	 0.0120905	   7.79084	      0.01
      1.59	 0.0121403	   7.79816	      0.01
       1.6	 0.0121902	   7.80558	      0.01
      1.61	 0.0122401	     7.813	      0.01
      1.62	 0.0122899	   7.82042	      0.01
      1.63	 0.0123396	   7.82793	      0.01
      1.64	 0.0123893	   7.83543	      0.01
      1.65	  0.012439	   7.84294	      0.01
      1.66	 0.0124883	   7.85044	      0.01
      1.67	 0.0125377	   7.85797	      0.01
      1.68	  0.012587	    7.8655	      0.01
      1.69	 0.0126362	   7.87303	      0.01
       1.7	 0.0126848	   7.88056	      0.01
      1.71	 0.0127334	   7.88806	      0.01
      1.72	  0.012782	   7.89555	      0.01
      1.73	 0.0128306	   7.90305	      0.01
      1.74	 0.0128781	   7.91034	      0.01
      1.75	 0.0129256	   7.91764	      0.01
      1.76	 0.0129731	   7.92493	      0.01
      1.77	 0.0130199	   7.93212	      0.01
      1.78	 0.0130663	   7.93931	      0.01
      1.79	 0.0131127	   7.94647	      0.01
       1.8	 0.0131585	   7.95354	      0.01
      1.81	 0.0132038	   7.96048	      0.01
      1.82	 0.0132489	   7.96742	      0.01
      1.83	 0.0132931	   7.97436	      0.01
      1.84	 0.0133373	   7.98126	      0.01
      1.85	 0.0133807	   7.98797	      0.01
      1.86	 0.0134238	   7.99468	      0.01
      1.87	 0.0134663	   8.00126	      0.01
      1.88	  0.013508	   8.00783	      0.01
      1.89	 0.0135494	   8.01441	      0.01
       1.9	 0.0135901	   8.02082	      0.01
      1.91	 0.0136301	   8.02723	      0.01
      1.92	 0.0136695	   8.03353	      0.01
      1.93	 0.0137082	   8.03971	      0.01
      1.94	 0.0137462	   8.04589	      0.01
      1.95	 0.0137836	   8.05193	      0.01
      1.96	   0.01382	   8.05788	      0.01
      1.97	 0.0138561	   8.06382	      0.01
      1.98	 0.0138913	   8.06961	      0.01
      1.99	 0.0139253	   8.07529	      0.01
         2	  0.013959	   8.08096	      0.01
      2.01	 0.0139917	   8.08647	      0.01
      2.02	 0.0140235	    8.0919	      0.01
      2.03	 0.0140546	   8.09722	      0.01
      2.04	 0.0140846	    8.1024	      0.01
      2.05	 0.0141137	   8.10747	      0.01
      2.06	  0.014142	   8.11242	      0.01
      2.07	 0.0141692	   8.11721	      0.01
      2.08	 0.0141951	   8.12184	      0.01
      2.09	 0.0142204	   8.12637	      0.01
       2.1	 0.0142448	   8.13077	      0.01
      2.11	 0.0142669	   8.13484	      0.01
      2.12	  0.014289	   8.13891	      0.01
      2.13	 0.0143094	   8.14273	      0.01
      2.14	 0.0143291	   8.14645	      0.01
      2.15	 0.0143463	   8.14982	      0.01
      2.16	 0.0143635	   8.15319	      0.01
      2.17	 0.0143786	   8.15623	      0.01
      2.18	 0.0143931	   8.15926	      0.01
      2.19	 0.0144052	   8.16193	      0.01
       2.2	 0.0144162	   8.16444	      0.01
      2.21	 0.0144272	   8.16695	      0.01
      2.22	 0.0144344	   8.16898	      0.01
      2.23	 0.0144416	     8.171	      0.01
      2.24	 0.0144476	   8.17288	      0.01
      2.25	 0.0144503	   8.17433	      0.01
      2.26	 0.0144529	   8.17578	      0.01
      2.27	 0.0144555	   8.17723	      0.01
      2.28	  0.014453	   8.17806	      0.01
      2.29	 0.0144502	   8.17889	      0.01
       2.3	 0.0144473	   8.17972	      0.01
      2.31	 0.0144443	   8.18052	      0.01
      2.32	 0.0144349	   8.18062	      0.01
      2.33	 0.0144255	   8.18071	      0.01
      2.34	 0.0144161	   8.18081	      0.01
      2.35	 0.0144067	   8.18091	      0.01
      2.36	 0.0143966	     8.181	      0.01
      2.37	 0.0143809	   8.18051	      0.01
      2.38	 0.0143653	   8.18002	      0.01
      2.39	 0.0143497	   8.17952	      0.01
       2.4	 0.0143341	   8.17903	      0.01
      2.41	 0.0143178	   8.17854	      0.01
      2.42	 0.0142966	   8.17757	      0.01
      2.43	 0.0142754	    8.1766	      0.01
      2.44	 0.0142542	   8.17562	      0.01
      2.45	  0.014233	   8.17465	      0.01
      2.46	 0.0142115	   8.17368	      0.01
      2.47	  0.014188	    8.1726	      0.01
      2.48	 0.0141645	   8.17153	      0.01
      2.49	 0.0141392	   8.17026	      0.01
       2.5	 0.0141134	     8.169	      0.01
      2.51	 0.0140864	   8.16759	      0.01
      2.52	 0.0140576	   8.16602	      0.01
      2.53	 0.0140288	   8.16445	      0.01
      2.54	 0.0139997	   8.16288	      0.01
      2.55	 0.0139677	   8.16107	      0.01
      2.56	 0.0139356	   8.15926	      0.01
      2.57	 0.0139036	   8.15745	      0.01
      2.58	 0.0138716	   8.15565	      0.01
      2.59	 0.0138367	   8.15364	      0.01
       2.6	 0.0138016	   8.15163	      0.01
      2.61	 0.0137665	   8.14963	      0.01
      2.62	 0.0137314	   8.14762	      0.01
      2.63	 0.0136963	   8.14561	      0.01
      2.64	  0.013659	   8.14349	      0.01
      2.65	 0.0136216	   8.14137	      0.01
      2.66	 0.0135842	   8.13925	      0.01
      2.67	 0.0135468	   8.13713	      0.01
      2.68	 0.0135093	   8.13501	      0.01
      2.69	 0.0134704	   8.13281	      0.01
       2.7	 0.0134314	   8.13062	      0.01
      2.71	 0.0133924	   8.12842	      0.01
      2.72	 0.0133533	   8.12622	      0.01
      2.73	 0.0133143	   8.12403	      0.01
      2.74	 0.0132743	   8.12183	      0.01
      2.75	 0.0132343	   8.11962	      0.01
      2.76	 0.0131943	    8.1174	      0.01
      2.77	 0.0131542	   8.11519	      0.01
      2.78	 0.0131142	   8.11297	      0.01
      2.79	 0.0130738	   8.11076	      0.01
       2.8	 0.0130333	   8.10854	      0.01
      2.81	 0.0129929	   8.10633	      0.01
      2.82	 0.0129525	   8.10411	      0.01
      2.83	 0.0129121	    8.1019	      0.01
      2.84	 0.0128717	   8.09974	      0.01
      2.85	 0.0128313	   8.09758	      0.01
      2.86	 0.0127909	   8.09542	      0.01
      2.87	 0.0127506	   8.09326	      0.01
      2.88	 0.0127102	   8.09109	      0.01
      2.89	 0.0126704	   8.08893	      0.01
       2.9	 0.0126305	   8.08684	      0.01
      2.91	 0.0125907	   8.08475	      0.01
      2.92	 0.0125508	   8.08266	      0.01
      2.93	  0.012511	   8.08057	      0.01
      2.94	  0.012472	   8.07848	      0.01
      2.95	  0.012433	   8.07646	      0.01
      2.96	 0.0123941	   8.07444	      0.01
      2.97	 0.0123551	   8.07241	      0.01
      2.98	 0.0123162	   8.07039	      0.01
      2.99	 0.0122784	   8.06847	      0.01
         3	 0.0122406	   8.06654	      0.01
      3.01	 0.0122028	   8.06461	      0.01
      3.02	  0.012165	   8.06269	      0.01
      3.03	 0.0121273	   8.06076	      0.01
      3.04	 0.0120909	   8.05894	      0.01
      3.05	 0.0120545	   8.05712	      0.01
      3.06	 0.0120182	    8.0553	      0.01
      3.07	 0.0119819	   8.05348	      0.01
      3.08	 0.0119456	   8.05166	      0.01
      3.09	 0.0119108	   8.04996	      0.01
       3.1	 0.0118761	   8.04825	      0.01
      3.11	 0.0118414	   8.04655	      0.01
      3.12	 0.0118068	   8.04484	      0.01
      3.13	 0.0117721	   8.04313	      0.01
      3.14	  0.011739	   8.04155	      0.01
      3.15	 0.0117061	   8.03996	      0.01
      3.16	 0.0116732	   8.03837	      0.01
      3.17	 0.0116403	   8.03678	      0.01
      3.18	 0.0116074	   8.03519	      0.01
      3.19	 0.0115762	   8.03372	      0.01
       3.2	 0.0115452	   8.03225	      0.01
      3.21	 0.0115142	   8.03078	      0.01
      3.22	 0.0114832	   8.02931	      0.01
      3.23	 0.0114521	   8.02784	      0.01
      3.24	 0.0114229	   8.02649	      0.01
      3.25	 0.0113938	   8.02514	      0.01
      3.26	 0.0113647	   8.02379	      0.01
      3.27	 0.0113356	   8.02244	      0.01
      3.28	 0.0113065	   8.02108	      0.01
      3.29	 0.0112792	   8.01985	      0.01
       3.3	 0.0112521	   8.01861	      0.01
      3.31	  0.011225	   8.01737	      0.01
      3.32	 0.0111978	   8.01614	      0.01
      3.33	 0.0111707	    8.0149	      0.01
      3.34	 0.0111454	   8.01378	      0.01
      3.35	 0.0111202	   8.01265	      0.01
      3.36	 0.0110951	   8.01153	      0.01
      3.37	 0.0110699	    8.0104	      0.01
      3.38	 0.0110447	   8.00928	      0.01
      3.39	 0.0110213	   8.00826	      0.01
       3.4	 0.0109981	   8.00724	      0.01
      3.41	 0.0109748	   8.00622	      0.01
      3.42	 0.0109516	    8.0052	      0.01
      3.43	 0.0109284	   8.00418	      0.01
      3.44	 0.0109069	   8.00327	      0.01
      3.45	 0.0108855	   8.00235	      0.01
      3.46	 0.0108642	   8.00143	      0.01
      3.47	 0.0108428	   8.00052	      0.01
      3.48	 0.0108215	    7.9996	      0.01
      3.49	 0.0108018	   7.99878	      0.01
       3.5	 0.0107823	   7.99795	      0.01
      3.51	 0.0107627	   7.99713	      0.01
      3.52	 0.0107432	   7.99631	      0.01
      3.53	 0.0107237	   7.99549	      0.01
      3.54	 0.0107058	   7.99476	      0.01
      3.55	  0.010688	   7.99402	      0.01
      3.56	 0.0106702	   7.99329	      0.01
      3.57	 0.0106524	   7.99256	      0.01
      3.58	 0.0106346	   7.99182	      0.01
      3.59	 0.0106184	   7.99117	      0.01
       3.6	 0.0106023	   7.99052	      0.01
      3.61	 0.0105861	   7.98987	      0.01
      3.62	   0.01057	   7.98922	      0.01
      3.63	 0.0105539	   7.98857	      0.01
      3.64	 0.0105392	     7.988	      0.01
      3.65	 0.0105247	   7.98742	      0.01
      3.66	 0.0105101	   7.98685	      0.01
      3.67	 0.0104956	   7.98628	      0.01
      3.68	  0.010481	    7.9857	      0.01
      3.69	 0.0104678	    7.9852	      0.01
       3.7	 0.0104547	   7.98469	      0.01
      3.71	 0.0104416	   7.98419	      0.01
      3.72	 0.0104286	   7.98368	      0.01
      3.73	 0.0104155	   7.98318	      0.01
      3.74	 0.0104037	   7.98274	      0.01
      3.75	  0.010392	    7.9823	      0.01
      3.76	 0.0103803	   7.98186	      0.01
      3.77	 0.0103686	   7.98142	      0.01
      3.78	 0.0103569	   7.98098	      0.01
      3.79	 0.0103463	    7.9806	      0.01
       3.8	 0.0103359	   7.98023	      0.01
      3.81	 0.0103255	   7.97986	      0.01
      3.82	  0.010315	   7.97948	      0.01
      3.83	 0.0103046	   7.97911	      0.01
      3.84	 0.0102953	   7.97874	      0.01
      3.85	  0.010286	   7.97842	      0.01
      3.86	 0.0102768	    7.9781	      0.01
      3.87	 0.0102675	   7.97778	      0.01
      3.88	 0.0102583	   7.97746	      0.01
      3.89	 0.0102501	   7.97714	      0.01
       3.9	 0.0102419	   7.97687	      0.01
      3.91	 0.0102337	   7.97659	      0.01
      3.92	 0.0102255	   7.97632	      0.01
      3.93	 0.0102174	   7.97605	      0.01
      3.94	 0.0102102	   7.97578	      0.01
      3.95	  0.010203	   7.97555	      0.01
      3.96	 0.0101958	   7.97533	      0.01
      3.97	 0.0101886	    7.9751	      0.01
      3.98	 0.0101815	   7.97488	      0.01
      3.99	 0.0101752	   7.97466	      0.01
         4	 0.0101689	   7.97443	      0.01
      4.01	 0.0101626	   7.97425	      0.01
      4.02	 0.0101564	   7.97406	      0.01
      4.03	 0.0101501	   7.97388	      0.01
      4.04	 0.0101446	    7.9737	      0.01
      4.05	 0.0101392	   7.97351	      0.01
      4.06	 0.0101337	   7.97336	      0.01
      4.07	 0.0101283	   7.97322	      0.01
      4.08	 0.0101229	   7.97307	      0.01
      4.09	 0.0101182	   7.97292	      0.01
       4.1	 0.0101135	   7.97277	      0.01
      4.11	 0.0101088	   7.97265	      0.01
      4.12	 0.0101041	   7.97253	      0.01
      4.13	 0.0100994	   7.97242	      0.01
      4.14	 0.0100954	    7.9723	      0.01
      4.15	 0.0100914	   7.97218	      0.01
      4.16	 0.0100874	    7.9721	      0.01
      4.17	 0.0100834	   7.97201	      0.01
      4.18	 0.0100794	   7.97192	      0.01
      4.19	  0.010076	   7.97184	      0.01
       4.2	 0.0100726	   7.97175	      0.01
      4.21	 0.0100692	   7.97167	      0.01
      4.22	 0.0100658	   7.97161	      0.01
      4.23	 0.0100624	   7.97155	      0.01
      4.24	 0.0100596	   7.97149	      0.01
      4.25	 0.0100567	   7.97143	      0.01
      4.26	 0.0100539	   7.97138	      0.01
      4.27	 0.0100511	   7.97134	      0.01
      4.28	 0.0100482	   7.97131	      0.01
      4.29	 0.0100459	   7.97127	      0.01
       4.3	 0.0100435	   7.97124	      0.01
      4.31	 0.0100412	   7.97121	      0.01
      4.32	 0.0100389	   7.97119	      0.01
      4.33	 0.0100365	   7.97118	      0.01
      4.34	 0.0100346	   7.97117	      0.01
      4.35	 0.0100327	   7.97116	      0.01
      4.36	 0.0100309	   7.97114	      0.01
      4.37	  0.010029	   7.97115	      0.01
      4.38	 0.0100271	   7.97116	      0.01
      4.39	 0.0100256	   7.97117	      0.01
       4.4	 0.0100241	   7.97118	      0.01
      4.41	 0.0100226	   7.97119	      0.01
      4.42	 0.0100211	    7.9712	      0.01
      4.43	 0.0100197	   7.97123	      0.01
      4.44	 0.0100185	   7.97126	      0.01
      4.45	 0.0100174	   7.97129	      0.01
      4.46	 0.0100163	   7.97131	      0.01
      4.47	 0.0100151	   7.97134	      0.01
      4.48	  0.010014	   7.97139	      0.01
      4.49	 0.0100132	   7.97144	      0.01
       4.5	 0.0100124	   7.97148	      0.01
      4.51	 0.0100116	   7.97153	      0.01
      4.52	 0.0100108	   7.97157	      0.01
      4.53	   0.01001	   7.97164	      0.01
      4.54	 0.0100094	    7.9717	      0.01
      4.55	 0.0100089	   7.97176	      0.01
      4.56	 0.0100084	   7.97182	      0.01
      4.57	 0.0100079	   7.97188	      0.01
      4.58	 0.0100074	   7.97194	      0.01
      4.59	 0.0100071	   7.97203	      0.01
       4.6	 0.0100068	   7.97211	      0.01
      4.61	 0.0100065	    7.9722	      0.01
      4.62	 0.0100063	   7.97228	      0.01
      4.63	  0.010006	   7.97237	      0.01
      4.64	  0.010006	   7.97245	      0.01
      4.65	 0.0100059	   7.97253	      0.01
      4.66	 0.0100059	   7.97262	      0.01
      4.67	 0.0100058	    7.9727	      0.01
      4.68	 0.0100058	   7.97279	      0.01
      4.69	 0.0100059	   7.97289	      0.01
       4.7	 0.0100061	     7.973	      0.01
      4.71	 0.0100062	   7.97311	      0.01
      4.72	 0.0100064	   7.97322	      0.01
      4.73	 0.0100065	   7.97333	      0.01
      4.74	 0.0100068	   7.97344	      0.01
      4.75	 0.0100072	   7.97354	      0.01
      4.76	 0.0100075	   7.97365	      0.01
      4.77	 0.0100078	   7.97376	      0.01
      4.78	 0.0100081	   7.97387	      0.01
      4.79	 0.0100086	   7.97398	      0.01
       4.8	 0.0100091	   7.97411	      0.01
      4.81	 0.0100095	   7.97423	      0.01
      4.82	   0.01001	   7.97436	      0.01
      4.83	 0.0100105	   7.97449	      0.01
      4.84	 0.0100111	   7.97462	      0.01
      4.85	 0.0100117	   7.97475	      0.01
      4.86	 0.0100123	   7.97487	      0.01
      4.87	 0.0100129	     7.975	      0.01
      4.88	 0.0100135	   7.97513	      0.01
      4.89	 0.0100142	   7.97526	      0.01
       4.9	 0.0100149	   7.97538	      0.01
      4.91	 0.0100156	   7.97553	      0.01
      4.92	 0.0100163	   7.97567	      0.01
      4.93	  0.010017	   7.97581	      0.01
      4.94	 0.0100178	   7.97596	      0.01
      4.95	 0.0100186	    7.9761	      0.01
      4.96	 0.0100194	   7.97624	      0.01
      4.97	 0.0100202	   7.97638	      0.01
      4.98	 0.0100209	   7.97653	      0.01
      4.99	 0.0100218	   7.97667	      0.01
         5	 0.0100227	   7.97681	      0.01
      5.01	 0.0100236	   7.97696	      0.01
      5.02	 0.0100244	    7.9771	      0.01
      5.03	 0.0100253	   7.97725	      0.01
      5.04	 0.0100262	   7.97741	      0.01
      5.05	 0.0100271	   7.97756	      0.01
      5.06	 0.0100281	   7.97771	      0.01
      5.07	  0.010029	   7.97787	      0.01
      5.08	   0.01003	   7.97802	      0.01
      5.09	 0.0100309	   7.97817	      0.01
       5.1	 0.0100318	   7.97833	      0.01
      5.11	 0.0100328	   7.97848	      0.01
      5.12	 0.0100338	   7.97863	      0.01
      5.13	 0.0100348	   7.97879	      0.01
      5.14	 0.0100358	   7.97894	      0.01
      5.15	 0.0100367	   7.97909	      0.01
      5.16	 0.0100377	   7.97925	      0.01
      5.17	 0.0100387	   7.97941	      0.01
      5.18	 0.0100397	   7.97956	      0.01
      5.19	 0.0100407	   7.97972	      0.01
       5.2	 0.0100418	   7.97987	      0.01
      5.21	 0.0100428	   7.98003	      0.01
      5.22	 0.0100438	   7.98018	      0.01
      5.23	 0.0100448	   7.98034	      0.01
      5.24	 0.0100458	    7.9805	      0.01
      5.25	 0.0100468	   7.98065	      0.01
      5.26	 0.0100478	   7.98081	      0.01
      5.27	 0.0100488	   7.98096	      0.01
      5.28	 0.0100499	   7.98112	      0.01
      5.29	 0.0100509	   7.98127	      0.01
       5.3	 0.0100519	   7.98143	      0.01
      5.31	 0.0100529	   7.98159	      0.01
      5.32	 0.0100539	   7.98174	      0.01
      5.33	 0.0100549	    7.9819	      0.01
      5.34	 0.0100559	   7.98205	      0.01
      5.35	  0.010057	   7.98221	      0.01
      5.36	  0.010058	   7.98236	      0.01
      5.37	  0.010059	   7.98252	      0.01
      5.38	   0.01006	   7.98268	      0.01
      5.39	  0.010061	   7.98283	      0.01
       5.4	 0.0100619	   7.98299	      0.01
      5.41	 0.0100629	   7.98314	      0.01
      5.42	 0.0100639	    7.9833	      0.01
      5.43	 0.0100649	   7.98345	      0.01
      5.44	 0.0100658	   7.98361	      0.01
      5.45	 0.0100668	   7.98377	      0.01
      5.46	 0.0100678	   7.98392	      0.01
      5.47	 0.0100687	   7.98408	      0.01
      5.48	 0.0100696	   7.98423	      0.01
      5.49	 0.0100706	   7.98439	      0.01
       5.5	 0.0100715	   7.98455	      0.01
      5.51	 0.0100724	    7.9847	      0.01
      5.52	 0.0100733	   7.98486	      0.01
      5.53	 0.0100742	   7.98501	      0.01
      5.54	 0.0100751	   7.98517	      0.01
      5.55	  0.010076	   7.98532	      0.01
      5.56	 0.0100769	   7.98548	      0.01
      5.57	 0.0100778	   7.98564	      0.01
      5.58	 0.0100786	   7.98579	      0.01
      5.59	 0.0100795	   7.98595	      0.01
       5.6	 0.0100803	    7.9861	      0.01
      5.61	 0.0100812	   7.98624	      0.01
      5.62	  0.010082	   7.98638	      0.01
      5.63	 0.0100828	   7.98652	      0.01
      5.64	 0.0100836	   7.98666	      0.01
      5.65	 0.0100844	   7.98681	      0.01
      5.66	 0.0100852	   7.98695	      0.01
      5.67	 0.0100859	   7.98709	      0.01
      5.68	 0.0100867	   7.98723	      0.01
      5.69	 0.0100875	   7.98737	      0.01
       5.7	 0.0100882	   7.98751	      0.01
      5.71	 0.0100889	   7.98765	      0.01
      5.72	 0.0100897	   7.98779	      0.01
      5.73	 0.0100904	   7.98793	      0.01
      5.74	 0.0100911	   7.98807	      0.01
      5.75	 0.0100918	   7.98821	      0.01
      5.76	 0.0100924	   7.98834	      0.01
      5.77	 0.0100931	   7.98847	      0.01
      5.78	 0.0100938	    7.9886	      0.01
      5.79	 0.0100944	   7.98873	      0.01
       5.8	  0.010095	   7.98885	      0.01
      5.81	 0.0100956	   7.98898	      0.01
      5.82	 0.0100963	   7.98911	      0.01
      5.83	 0.0100969	   7.98924	      0.01
      5.84	 0.0100975	   7.98937	      0.01
      5.85	  0.010098	    7.9895	      0.01
      5.86	 0.0100986	   7.98962	      0.01
      5.87	 0.0100991	   7.98975	      0.01
      5.88	 0.0100997	   7.98988	      0.01
      5.89	 0.0101002	   7.99001	      0.01
       5.9	 0.0101007	   7.99013	      0.01
      5.91	 0.0101012	   7.99024	      0.01
      5.92	 0.0101017	   7.99036	      0.01
      5.93	 0.0101022	   7.99047	      0.01
      5.94	 0.0101027	   7.99059	      0.01
      5.95	 0.0101031	    7.9907	      0.01
      5.96	 0.0101036	   7.99082	      0.01
      5.97	  0.010104	   7.99094	      0.01
      5.98	 0.0101044	   7.99105	      0.01
      5.99	 0.0101049	   7.99117	      0.01
         6	 0.0101052	   7.99128	      0.01
      6.01	 0.0101056	    7.9914	      0.01
      6.02	  0.010106	   7.99151	      0.01
      6.03	 0.0101064	   7.99163	      0.01
      6.04	 0.0101068	   7.99174	      0.01
      6.05	 0.0101071	   7.99185	      0.01
      6.06	 0.0101074	   7.99196	      0.01
      6.07	 0.0101077	   7.99208	      0.01
      6.08	  0.010108	   7.99219	      0.01
      6.09	 0.0101084	    7.9923	      0.01
       6.1	 0.0101086	   7.99241	      0.01
      6.11	 0.0101089	   7.99252	      0.01
      6.12	 0.0101092	   7.99263	      0.01
      6.13	 0.0101094	   7.99274	      0.01
      6.14	 0.0101097	   7.99286	      0.01
      6.15	   0.01011	   7.99297	      0.01
      6.16	 0.0101102	   7.99308	      0.01
      6.17	 0.0101105	   7.99319	      0.01
      6.18	 0.0101108	    7.9933	      0.01
      6.19	 0.0101111	   7.99341	      0.01
       6.2	 0.0101113	   7.99353	      0.01
      6.21	 0.0101116	   7.99363	      0.01
      6.22	 0.0101119	   7.99374	      0.01
      6.23	 0.0101121	   7.99385	      0.01
      6.24	 0.0101124	   7.99396	      0.01
      6.25	 0.0101126	   7.99407	      0.01
      6.26	 0.0101128	   7.99418	      0.01
      6.27	  0.010113	   7.99429	      0.01
      6.28	 0.0101132	   7.99439	      0.01
      6.29	 0.0101134	   7.99448	      0.01
       6.3	 0.0101135	   7.99457	      0.01
      6.31	 0.0101137	   7.99466	      0.01
      6.32	 0.0101138	   7.99475	      0.01
      6.33	 0.0101139	   7.99484	      0.01
      6.34	 0.0101141	   7.99493	      0.01
      6.35	 0.0101142	   7.99502	      0.01
      6.36	 0.0101143	   7.99511	      0.01
      6.37	 0.0101144	    7.9952	      0.01
      6.38	 0.0101145	   7.99529	      0.01
      6.39	 0.0101145	   7.99538	      0.01
       6.4	 0.0101146	   7.99547	      0.01
      6.41	 0.0101147	   7.99556	      0.01
      6.42	 0.0101147	   7.99565	      0.01
      6.43	 0.0101147	   7.99573	      0.01
      6.44	 0.0101148	   7.99581	      0.01
      6.45	 0.0101148	   7.99589	      0.01
      6.46	 0.0101148	   7.99597	      0.01
      6.47	 0.0101148	   7.99605	      0.01
      6.48	 0.0101148	   7.99612	      0.01
      6.49	 0.0101148	    7.9962	      0.01
       6.5	 0.0101147	   7.99628	      0.01
      6.51	 0.0101147	   7.99636	      0.01
      6.52	 0.0101146	   7.99644	      0.01
      6.53	 0.0101146	   7.99652	      0.01
      6.54	 0.0101145	   7.99659	      0.01
      6.55	 0.0101145	   7.99666	      0.01
      6.56	 0.0101144	   7.99673	      0.01
      6.57	 0.0101143	    7.9968	      0.01
      6.58	 0.0101142	   7.99686	      0.01
      6.59	 0.0101141	   7.99693	      0.01
       6.6	  0.010114	     7.997	      0.01
      6.61	 0.0101138	   7.99707	      0.01
      6.62	 0.0101137	   7.99713	      0.01
      6.63	 0.0101136	    7.9972	      0.01
      6.64	 0.0101134	   7.99727	      0.01
      6.65	 0.0101133	   7.99733	      0.01
      6.66	 0.0101131	    7.9974	      0.01
      6.67	  0.010113	   7.99747	      0.01
      6.68	 0.0101128	   7.99754	      0.01
      6.69	 0.0101126	    7.9976	      0.01
       6.7	 0.0101124	   7.99766	      0.01
      6.71	 0.0101122	   7.99772	      0.01
      6.72	  0.010112	   7.99777	      0.01
      6.73	 0.0101118	   7.99783	      0.01
      6.74	 0.0101116	   7.99788	      0.01
      6.75	 0.0101114	   7.99794	      0.01
      6.76	 0.0101112	     7.998	      0.01
      6.77	 0.0101109	   7.99805	      0.01
      6.78	 0.0101107	   7.99811	      0.01
      6.79	 0.0101104	   7.99816	      0.01
       6.8	 0.0101102	   7.99822	      0.01
      6.81	   0.01011	   7.99827	      0.01
      6.82	 0.0101097	   7.99833	      0.01
      6.83	 0.0101094	   7.99839	      0.01
      6.84	 0.0101091	   7.99844	      0.01
      6.85	 0.0101089	    7.9985	      0.01
      6.86	 0.0101086	   7.99854	      0.01
      6.87	 0.0101083	   7.99859	      0.01
      6.88	  0.010108	   7.99864	      0.01
      6.89	 0.0101077	   7.99868	      0.01
       6.9	 0.0101074	   7.99873	      0.01
      6.91	 0.0101071	   7.99877	      0.01
      6.92	 0.0101068	   7.99882	      0.01
      6.93	 0.0101065	   7.99886	      0.01
      6.94	 0.0101061	   7.99891	      0.01
      6.95	 0.0101058	   7.99895	      0.01
      6.96	 0.0101055	     7.999	      0.01
      6.97	 0.0101051	   7.99905	      0.01
      6.98	 0.0101048	   7.99909	      0.01
      6.99	 0.0101044	   7.99914	      0.01
         7	 0.0101041	   7.99918	      0.01
      7.01	 0.0101038	   7.99923	      0.01
      7.02	 0.0101034	   7.99927	      0.01
      7.03	 0.0101031	    7.9993	      0.01
      7.04	 0.0101027	   7.99934	      0.01
      7.05	 0.0101023	   7.99938	      0.01
      7.06	 0.0101019	   7.99941	      0.01
      7.07	 0.0101015	   7.99945	      0.01
      7.08	 0.0101012	   7.99949	      0.01
      7.09	 0.0101008	   7.99952	      0.01
       7.1	 0.0101004	   7.99956	      0.01
      7.11	    0.0101	    7.9996	      0.01
      7.12	 0.0100997	   7.99964	      0.01
      7.13	 0.0100993	   7.99967	      0.01
      7.14	 0.0100989	   7.99971	      0.01
      7.15	 0.0100985	   7.99975	      0.01
      7.16	 0.0100981	   7.99978	      0.01
      7.17	 0.0100977	   7.99982	      0.01
      7.18	 0.0100973	   7.99986	      0.01
      7.19	 0.0100969	   7.99989	      0.01
       7.2	 0.0100965	   7.99991	      0.01
      7.21	  0.010096	   7.99994	      0.01
      7.22	 0.0100956	   7.99997	      0.01
      7.23	 0.0100952	         8	      0.01
      7.24	 0.0100948	   8.00003	      0.01
      7.25	 0.0100944	   8.00006	      0.01
      7.26	  0.010094	   8.00009	      0.01
      7.27	 0.0100936	   8.00011	      0.01
      7.28	 0.0100931	   8.00014	      0.01
      7.29	 0.0100927	   8.00017	      0.01
       7.3	 0.0100923	    8.0002	      0.01
      7.31	 0.0100919	   8.00023	      0.01
      7.32	 0.0100914	   8.00026	      0.01
      7.33	  0.010091	   8.00029	      0.01
      7.34	 0.0100906	   8.00032	      0.01
      7.35	 0.0100902	   8.00034	      0.01
      7.36	 0.0100897	   8.00037	      0.01
      7.37	 0.0100893	    8.0004	      0.01
      7.38	 0.0100889	   8.00043	      0.01
      7.39	 0.0100884	   8.00046	      0.01
       7.4	  0.010088	   8.00049	      0.01
      7.41	 0.0100876	   8.00051	      0.01
      7.42	 0.0100871	   8.00053	      0.01
      7.43	 0.0100867	   8.00055	      0.01
      7.44	 0.0100863	   8.00057	      0.01
      7.45	 0.0100859	   8.00059	      0.01
      7.46	 0.0100854	   8.00062	      0.01
      7.47	  0.010085	   8.00064	      0.01
      7.48	 0.0100846	   8.00066	      0.01
      7.49	 0.0100841	   8.00068	      0.01
       7.5	 0.0100837	    8.0007	      0.01
      7.51	 0.0100833	   8.00072	      0.01
      7.52	 0.0100828	   8.00074	      0.01
      7.53	 0.0100824	   8.00077	      0.01
      7.54	  0.010082	   8.00079	      0.01
      7.55	 0.0100815	   8.00081	      0.01
      7.56	 0.0100811	   8.00083	      0.01
      7.57	 0.0100807	   8.00085	      0.01
      7.58	 0.0100802	   8.00087	      0.01
      7.59	 0.0100798	   8.00089	      0.01
       7.6	 0.0100794	   8.00092	      0.01
      7.61	 0.0100789	   8.00094	      0.01
      7.62	 0.0100785	   8.00096	      0.01
      7.63	 0.0100781	   8.00098	      0.01
      7.64	 0.0100776	     8.001	      0.01
      7.65	 0.0100772	   8.00102	      0.01
      7.66	 0.0100768	   8.00103	      0.01
      7.67	 0.0100763	   8.00105	      0.01
      7.68	 0.0100759	   8.00106	      0.01
      7.69	 0.0100755	   8.00108	      0.01
       7.7	  0.010075	   8.00109	      0.01
      7.71	 0.0100746	   8.00111	      0.01
      7.72	 0.0100742	   8.00113	      0.01
      7.73	 0.0100737	   8.00114	      0.01
      7.74	 0.0100733	   8.00116	      0.01
      7.75	 0.0100729	   8.00117	      0.01
      7.76	 0.0100725	   8.00119	      0.01
      7.77	  0.010072	    8.0012	      0.01
      7.78	 0.0100716	   8.00122	      0.01
      7.79	 0.0100712	   8.00123	      0.01
       7.8	 0.0100707	   8.00125	      0.01
      7.81	 0.0100703	   8.00127	      0.01
      7.82	 0.0100699	   8.00128	      0.01
      7.83	 0.0100694	    8.0013	      0.01
      7.84	  0.010069	   8.00131	      0.01
      7.85	 0.0100686	   8.00133	      0.01
      7.86	 0.0100682	   8.00134	      0.01
      7.87	 0.0100678	   8.00136	      0.01
      7.88	 0.0100674	   8.00137	      0.01
      7.89	  0.010067	   8.00139	      0.01
       7.9	 0.0100666	   8.00141	      0.01
      7.91	 0.0100662	   8.00142	      0.01
      7.92	 0.0100657	   8.00144	      0.01
      7.93	 0.0100653	   8.00145	      0.01
      7.94	 0.0100649	   8.00147	      0.01
      7.95	 0.0100646	   8.00148	      0.01
      7.96	 0.0100642	   8.00149	      0.01
      7.97	 0.0100638	    8.0015	      0.01
      7.98	 0.0100634	   8.00151	      0.01
      7.99	  0.010063	   8.00152	      0.01
         8	 0.0100626	   8.00153	      0.01
      8.01	 0.0100622	   8.00154	      0.01
      8.02	 0.0100618	   8.00155	      0.01
      8.03	 0.0100614	   8.00157	      0.01
      8.04	  0.010061	   8.00158	      0.01
      8.05	 0.0100606	   8.00159	      0.01
      8.06	 0.0100602	    8.0016	      0.01
      8.07	 0.0100599	   8.00161	      0.01
      8.08	 0.0100595	   8.00162	      0.01
      8.09	 0.0100591	   8.00163	      0.01
       8.1	 0.0100587	   8.00164	      0.01
      8.11	 0.0100584	   8.00165	      0.01
      8.12	  0.010058	   8.00166	      0.01
      8.13	 0.0100576	   8.00167	      0.01
      8.14	 0.0100572	   8.00168	      0.01
      8.15	 0.0100569	    8.0017	      0.01
      8.16	 0.0100565	   8.00171	      0.01
      8.17	 0.0100561	   8.00172	      0.01
      8.18	 0.0100558	   8.00173	      0.01
      8.19	 0.0100554	   8.00174	      0.01
       8.2	  0.010055	   8.00175	      0.01
      8.21	 0.0100547	   8.00176	      0.01
      8.22	 0.0100543	   8.00177	      0.01
      8.23	  0.010054	   8.00178	      0.01
      8.24	 0.0100536	   8.00179	      0.01
      8.25	 0.0100533	    8.0018	      0.01
      8.26	 0.0100529	   8.00182	      0.01
      8.27	 0.0100526	   8.00183	      0.01
      8.28	 0.0100522	   8.00184	      0.01
      8.29	 0.0100519	   8.00185	      0.01
       8.3	 0.0100515	   8.00186	      0.01
      8.31	 0.0100512	   8.00187	      0.01
      8.32	 0.0100509	   8.00188	      0.01
      8.33	 0.0100505	   8.00189	      0.01
      8.34	 0.0100502	    8.0019	      0.01
      8.35	 0.0100498	   8.00191	      0.01
      8.36	 0.0100495	   8.00191	      0.01
      8.37	 0.0100492	   8.00192	      0.01
      8.38	 0.0100489	   8.00193	      0.01
      8.39	 0.0100485	   8.00194	      0.01
       8.4	 0.0100482	   8.00194	      0.01
      8.41	 0.0100479	   8.00195	      0.01
      8.42	 0.0100476	   8.00196	      0.01
      8.43	 0.0100473	   8.00196	      0.01
      8.44	 0.0100469	   8.00197	      0.01
      8.45	 0.0100466	   8.00198	      0.01
      8.46	 0.0100463	   8.00199	      0.01
      8.47	  0.010046	   8.00199	      0.01
      8.48	 0.0100457	     8.002	      0.01
      8.49	 0.0100454	   8.00201	      0.01
       8.5	 0.0100451	   8.00202	      0.01
      8.51	 0.0100448	   8.00202	      0.01
      8.52	 0.0100445	   8.00203	      0.01
      8.53	 0.0100442	   8.00204	      0.01
      8.54	 0.0100439	   8.00205	      0.01
      8.55	 0.0100436	   8.00205	      0.01
      8.56	 0.0100433	   8.00206	      0.01
      8.57	  0.010043	   8.00207	      0.01
      8.58	 0.0100427	   8.00208	      0.01
      8.59	 0.0100424	   8.00208	      0.01
       8.6	 0.0100421	   8.00209	      0.01
      8.61	 0.0100418	    8.0021	      0.01
      8.62	 0.0100416	   8.00211	      0.01
      8.63	 0.0100413	   8.00211	      0.01
      8.64	  0.010041	   8.00212	      0.01
      8.65	 0.0100407	   8.00213	      0.01
      8.66	 0.0100404	   8.00214	      0.01
      8.67	 0.0100401	   8.00214	      0.01
      8.68	 0.0100399	   8.00215	      0.01
      8.69	 0.0100396	   8.00216	      0.01
       8.7	 0.0100393	   8.00216	      0.01
      8.71	 0.0100391	   8.00217	      0.01
      8.72	 0.0100388	   8.00218	      0.01
      8.73	 0.0100385	   8.00219	      0.01
      8.74	 0.0100383	   8.00219	      0.01
      8.75	  0.010038	    8.0022	      0.01
      8.76	 0.0100377	   8.00221	      0.01
      8.77	 0.0100375	   8.00222	      0.01
      8.78	 0.0100372	   8.00222	      0.01
      8.79	  0.010037	   8.00223	      0.01
       8.8	 0.0100367	   8.00224	      0.01
      8.81	 0.0100365	   8.00225	      0.01
      8.82	 0.0100362	   8.00225	      0.01
      8.83	  0.010036	   8.00226	      0.01
      8.84	 0.0100357	   8.00227	      0.01
      8.85	 0.0100355	   8.00228	      0.01
      8.86	 0.0100352	   8.00228	      0.01
      8.87	  0.010035	   8.00229	      0.01
      8.88	 0.0100348	    8.0023	      0.01
      8.89	 0.0100345	   8.00231	      0.01
       8.9	 0.0100343	   8.00231	      0.01
      8.91	 0.0100341	   8.00232	      0.01
      8.92	 0.0100338	   8.00232	      0.01
      8.93	 0.0100336	   8.00233	      0.01
      8.94	 0.0100334	   8.00233	      0.01
      8.95	 0.0100331	   8.00234	      0.01
      8.96	 0.0100329	   8.00234	      0.01
      8.97	 0.0100327	   8.00235	      0.01
      8.98	 0.0100325	   8.00235	      0.01
      8.99	 0.0100323	   8.00236	      0.01
         9	  0.010032	   8.00236	      0.01
      9.01	 0.0100318	   8.00237	      0.01
      9.02	 0.0100316	   8.00237	      0.01
      9.03	 0.0100314	   8.00238	      0.01
      9.04	 0.0100312	   8.00239	      0.01
      9.05	  0.010031	   8.00239	      0.01
      9.06	 0.0100307	    8.0024	      0.01
      9.07	 0.0100305	    8.0024	      0.01
      9.08	 0.0100303	   8.00241	      0.01
      9.09	 0.0100301	   8.00241	      0.01
       9.1	 0.0100299	   8.00242	      0.01
      9.11	 0.0100297	   8.00242	      0.01
      9.12	 0.0100295	   8.00243	      0.01
      9.13	 0.0100293	   8.00243	      0.01
      9.14	 0.0100291	   8.00244	      0.01
      9.15	 0.0100289	   8.00244	      0.01
      9.16	 0.0100287	   8.00245	      0.01
      9.17	 0.0100285	   8.00245	      0.01
      9.18	 0.0100283	   8.00246	      0.01
      9.19	 0.0100282	   8.00246	      0.01
       9.2	  0.010028	   8.00247	      0.01
      9.21	 0.0100278	   8.00248	      0.01
      9.22	 0.0100276	   8.00248	      0.01
      9.23	 0.0100274	   8.00249	      0.01
      9.24	 0.0100272	   8.00249	      0.01
      9.25	  0.010027	    8.0025	      0.01
      9.26	 0.0100268	    8.0025	      0.01
      9.27	 0.0100267	   8.00251	      0.01
      9.28	 0.0100265	   8.00251	      0.01
      9.29	 0.0100263	   8.00252	      0.01
       9.3	 0.0100261	   8.00252	      0.01
      9.31	  0.010026	   8.00253	      0.01
      9.32	 0.0100258	   8.00253	      0.01
      9.33	 0.0100256	   8.00254	      0.01
      9.34	 0.0100255	   8.00254	      0.01
      9.35	 0.0100253	   8.00255	      0.01
      9.36	 0.0100251	   8.00255	      0.01
      9.37	 0.0100249	   8.00256	      0.01
      9.38	 0.0100248	   8.00257	      0.01
      9.39	 0.0100246	   8.00257	      0.01
       9.4	 0.0100245	   8.00258	      0.01
      9.41	 0.0100243	   8.00258	      0.01
      9.42	 0.0100241	   8.00259	      0.01
      9.43	  0.010024	   8.00259	      0.01
      9.44	 0.0100238	    8.0026	      0.01
      9.45	 0.0100237	    8.0026	      0.01
      9.46	 0.0100235	   8.00261	      0.01
      9.47	 0.0100234	   8.00261	      0.01
      9.48	 0.0100232	   8.00262	      0.01
      9.49	 0.0100231	   8.00262	      0.01
       9.5	 0.0100229	   8.00263	      0.01
      9.51	 0.0100227	   8.00263	      0.01
      9.52	 0.0100226	   8.00264	      0.01
      9.53	 0.0100224	   8.00265	      0.01
      9.54	 0.0100223	   8.00265	      0.01
      9.55	 0.0100222	   8.00266	      0.01
      9.56	  0.010022	   8.00266	      0.01
      9.57	 0.0100219	   8.00267	      0.01
      9.58	 0.0100217	   8.00267	      0.01
      9.59	 0.0100216	   8.00268	      0.01
       9.6	 0.0100215	   8.00268	      0.01
      9.61	 0.0100213	   8.00269	      0.01
      9.62	 0.0100212	   8.00269	      0.01
      9.63	  0.010021	    8.0027	      0.01
      9.64	 0.0100209	    8.0027	      0.01
      9.65	 0.0100208	   8.00271	      0.01
      9.66	 0.0100206	   8.00271	      0.01
      9.67	 0.0100205	   8.00272	      0.01
      9.68	 0.0100203	   8.00272	      0.01
      9.69	 0.0100202	   8.00273	      0.01
       9.7	 0.0100201	   8.00274	      0.01
      9.71	   0.01002	   8.00274	      0.01
      9.72	 0.0100198	   8.00275	      0.01
      9.73	 0.0100197	   8.00275	      0.01
      9.74	 0.0100196	   8.00276	      0.01
      9.75	 0.0100195	   8.00276	      0.01
      9.76	 0.0100194	   8.00277	      0.01
      9.77	 0.0100192	   8.00277	      0.01
      9.78	 0.0100191	   8.00278	      0.01
      9.79	  0.010019	   8.00278	      0.01
       9.8	 0.0100189	   8.00279	      0.01
      9.81	 0.0100187	   8.00279	      0.01
      9.82	 0.0100186	    8.0028	      0.01
      9.83	 0.0100185	    8.0028	      0.01
      9.84	 0.0100184	    8.0028	      0.01
      9.85	 0.0100183	   8.00281	      0.01
      9.86	 0.0100181	   8.00281	      0.01
      9.87	  0.010018	   8.00282	      0.01
      9.88	 0.0100179	   8.00282	      0.01
      9.89	 0.0100178	   8.00283	      0.01
       9.9	 0.0100177	   8.00283	      0.01
      9.91	 0.0100176	   8.00284	      0.01
      9.92	 0.0100174	   8.00284	      0.01
      9.93	 0.0100173	   8.00285	      0.01
      9.94	 0.0100172	   8.00285	      0.01
      9.95	 0.0100171	   8.00285	      0.01
      9.96	  0.010017	   8.00286	      0.01
      9.97	 0.0100169	   8.00286	      0.01
      9.98	 0.0100168	   8.00287	      0.01
      9.99	 0.0100166	   8.00287	      0.01
        10	 0.0100165	   8.00288	      0.01
