Time	PV	OP	SP
         0	   49.7701	   11143.2	   49.7637
      0.01	   49.7701	   11143.3	   49.7637
      0.02	   49.7701	   11143.4	   49.7637
      0.03	     49.77	   11143.5	   49.7637
      0.04	     49.77	   11143.6	   49.7637
      0.05	     49.77	   11143.7	   49.7637
      0.06	     49.77	   11143.9	   49.7637
      0.07	   49.7699	     11144	   49.7637
      0.08	   49.7699	   11144.1	   49.7637
      0.09	   49.7699	   11144.2	   49.7637
       0.1	   49.7698	   11144.3	   49.7637
      0.11	   49.7698	   11144.4	   49.7637
      0.12	   49.7698	   11144.5	   49.7637
      0.13	   49.7698	   11144.6	   49.7637
      0.14	   49.7697	   11144.7	   49.7637
      0.15	   49.7697	   11144.8	   49.7637
      0.16	   49.7697	   11144.9	   49.7637
      0.17	   49.7697	     11145	   49.7637
      0.18	   49.7696	   11145.1	   49.7637
      0.19	   49.7696	   11145.2	   49.7637
       0.2	   49.7696	   11145.3	   49.7637
      0.21	   49.7695	   11145.4	   49.7637
      0.22	   49.7695	   11145.5	   49.7637
      0.23	   49.7695	   11145.6	   49.7637
      0.24	   49.7695	   11145.7	   49.7637
      0.25	   49.7694	   11145.8	   49.7637
      0.26	   49.7694	   11145.8	   49.7637
      0.27	   49.7694	   11145.9	   49.7637
      0.28	   49.7694	     11146	   49.7637
      0.29	   49.7693	   11146.1	   49.7637
       0.3	   49.7693	   11146.2	   49.7637
      0.31	   49.7693	   11146.3	   49.7637
      0.32	   49.7692	   11146.4	   49.7637
      0.33	   49.7692	   11146.5	   49.7637
      0.34	   49.7692	   11146.6	   49.7637
      0.35	   49.7692	   11146.7	   49.7637
      0.36	   49.7691	   11146.8	   49.7637
      0.37	   49.7691	   11146.8	   49.7637
      0.38	   49.7691	   11146.9	   49.7637
      0.39	   49.7691	     11147	   49.7637
       0.4	    49.769	   11147.1	   49.7637
      0.41	    49.769	   11147.2	   49.7637
      0.42	    49.769	   11147.3	   49.7637
      0.43	    49.769	   11147.3	   49.7637
      0.44	   49.7689	   11147.4	   49.7637
      0.45	   49.7689	   11147.5	   49.7637
      0.46	   49.7689	   11147.6	   49.7637
      0.47	   49.7689	   11147.7	   49.7637
      0.48	   49.7688	   11147.8	   49.7637
      0.49	   49.7688	   11147.8	   49.7637
       0.5	   49.7688	   11147.9	   49.7637
      0.51	   49.7688	     11148	   49.7637
      0.52	   49.7687	   11148.1	   49.7637
      0.53	   49.7687	   11148.2	   49.7637
      0.54	   49.7687	   11148.3	   49.7637
      0.55	   49.7687	   11148.3	   49.7637
      0.56	   49.7686	   11148.4	   49.7637
      0.57	   49.7686	   11148.5	   49.7637
      0.58	   49.7686	   11148.5	   49.7637
      0.59	   49.7686	   11148.6	   49.7637
       0.6	   49.7685	   11148.7	   49.7637
      0.61	   49.7685	   11148.8	   49.7637
      0.62	   49.7685	   11148.8	   49.7637
      0.63	   49.7685	   11148.9	   49.7637
      0.64	   49.7684	     11149	   49.7637
      0.65	   49.7684	   11149.1	   49.7637
      0.66	   49.7684	   11149.1	   49.7637
      0.67	   49.7684	   11149.2	   49.7637
      0.68	   49.7683	   11149.3	   49.7637
      0.69	   49.7683	   11149.4	   49.7637
       0.7	   49.7683	   11149.4	   49.7637
      0.71	   49.7683	   11149.5	   49.7637
      0.72	   49.7682	   11149.6	   49.7637
      0.73	   49.7682	   11149.6	   49.7637
      0.74	   49.7682	   11149.7	   49.7637
      0.75	   49.7682	   11149.8	   49.7637
      0.76	   49.7681	   11149.9	   49.7637
      0.77	   49.7681	   11149.9	   49.7637
      0.78	   49.7681	     11150	   49.7637
      0.79	   49.7681	   11150.1	   49.7637
       0.8	   49.7681	   11150.1	   49.7637
      0.81	    49.768	   11150.2	   49.7637
      0.82	    49.768	   11150.3	   49.7637
      0.83	    49.768	   11150.3	   49.7637
      0.84	    49.768	   11150.4	   49.7637
      0.85	   49.7679	   11150.5	   49.7637
      0.86	   49.7679	   11150.5	   49.7637
      0.87	   49.7679	   11150.6	   49.7637
      0.88	   49.7679	   11150.7	   49.7637
      0.89	   49.7678	   11150.7	   49.7637
       0.9	   49.7678	   11150.8	   49.7637
      0.91	   49.7678	   11150.9	   49.7637
      0.92	   49.7678	   11150.9	   49.7637
      0.93	   49.7677	     11151	   49.7637
      0.94	   49.7677	   11151.1	   49.7637
      0.95	   49.7677	   11151.1	   49.7637
      0.96	   49.7677	   11151.2	   49.7637
      0.97	   49.7676	   11151.3	   49.7637
      0.98	   49.7676	   11151.3	   49.7637
      0.99	   49.7676	   11151.4	   49.7637
         1	   49.7676	   11151.5	   49.7637
      1.01	   49.7677	   11151.8	   49.7637
      1.02	   49.7709	   11155.8	   49.7637
      1.03	   49.7818	   11166.2	   49.7637
      1.04	   49.8032	     11184	   49.7637
      1.05	   49.8387	   11211.1	   49.7637
      1.06	   49.8879	   11246.8	   49.7637
      1.07	   49.9516	   11291.4	   49.7637
      1.08	   50.0318	   11346.1	   49.7637
      1.09	   50.1255	   11408.9	   49.7637
       1.1	   50.2327	   11480.5	   49.7637
      1.11	   50.3512	   11558.9	   49.7637
      1.12	   50.4826	   11646.3	   49.7637
      1.13	   50.6225	   11738.7	   49.7637
      1.14	   50.7677	   11834.5	   49.7637
      1.15	   50.9154	     11933	   49.7637
      1.16	    51.057	     12026	   49.7637
      1.17	   51.1895	   12115.2	   49.7637
      1.18	   51.3056	   12194.1	   49.7637
      1.19	   51.4041	   12264.2	   49.7637
       1.2	   51.4811	   12323.2	   49.7637
      1.21	   51.5374	     12372	   49.7637
      1.22	   51.5707	     12411	   49.7637
      1.23	   51.5852	   12441.8	   49.7637
      1.24	   51.5853	   12467.4	   49.7637
      1.25	   51.5735	   12488.6	   49.7637
      1.26	   51.5531	   12506.8	   49.7637
      1.27	   51.5248	   12521.7	   49.7637
      1.28	   51.4902	   12533.7	   49.7637
      1.29	   51.4501	   12542.3	   49.7637
       1.3	   51.4034	   12546.4	   49.7637
      1.31	   51.3511	   12546.8	   49.7637
      1.32	   51.2898	   12540.3	   49.7637
      1.33	   51.2226	   12530.3	   49.7637
      1.34	   51.1461	   12513.2	   49.7637
      1.35	    51.065	   12493.7	   49.7637
      1.36	   50.9765	   12468.2	   49.7637
      1.37	   50.8857	   12441.3	   49.7637
      1.38	   50.7931	   12412.6	   49.7637
      1.39	   50.6996	   12382.4	   49.7637
       1.4	   50.6077	   12352.2	   49.7637
      1.41	   50.5172	   12320.9	   49.7637
      1.42	    50.428	   12289.2	   49.7637
      1.43	   50.3415	   12257.3	   49.7637
      1.44	   50.2571	   12224.4	   49.7637
      1.45	   50.1736	     12191	   49.7637
      1.46	   50.0937	   12156.7	   49.7637
      1.47	   50.0138	   12122.4	   49.7637
      1.48	   49.9381	   12087.1	   49.7637
      1.49	   49.8623	   12051.9	   49.7637
       1.5	   49.7906	   12015.9	   49.7637
      1.51	   49.7189	   11979.9	   49.7637
      1.52	   49.6523	   11943.8	   49.7637
      1.53	   49.5856	   11907.8	   49.7637
      1.54	   49.5234	     11872	   49.7637
      1.55	   49.4632	   11836.5	   49.7637
      1.56	   49.4048	   11801.2	   49.7637
      1.57	   49.3514	   11766.5	   49.7637
      1.58	    49.298	   11731.9	   49.7637
      1.59	   49.2494	   11697.9	   49.7637
       1.6	    49.203	   11664.2	   49.7637
      1.61	   49.1565	   11630.5	   49.7637
      1.62	   49.1166	   11597.9	   49.7637
      1.63	   49.0768	   11565.3	   49.7637
      1.64	   49.0373	   11532.8	   49.7637
      1.65	   49.0041	   11501.4	   49.7637
      1.66	   48.9709	   11470.1	   49.7637
      1.67	   48.9377	   11438.7	   49.7637
      1.68	   48.9105	   11408.7	   49.7637
      1.69	   48.8832	   11378.6	   49.7637
       1.7	    48.856	   11348.5	   49.7637
      1.71	    48.834	   11319.7	   49.7637
      1.72	   48.8121	     11291	   49.7637
      1.73	   48.7904	   11262.3	   49.7637
      1.74	   48.7724	   11234.6	   49.7637
      1.75	   48.7557	   11207.3	   49.7637
      1.76	    48.739	     11180	   49.7637
      1.77	   48.7248	   11153.5	   49.7637
      1.78	   48.7124	   11127.6	   49.7637
      1.79	   48.6999	   11101.8	   49.7637
       1.8	   48.6902	   11076.7	   49.7637
      1.81	   48.6816	     11052	   49.7637
      1.82	   48.6729	   11027.3	   49.7637
      1.83	   48.6659	   11003.3	   49.7637
      1.84	   48.6611	   10980.3	   49.7637
      1.85	   48.6562	   10957.3	   49.7637
      1.86	   48.6529	     10935	   49.7637
      1.87	   48.6513	   10913.4	   49.7637
      1.88	   48.6497	   10891.7	   49.7637
      1.89	   48.6487	   10870.4	   49.7637
       1.9	   48.6502	   10850.5	   49.7637
      1.91	   48.6516	   10830.5	   49.7637
      1.92	   48.6538	   10810.9	   49.7637
      1.93	   48.6582	   10792.6	   49.7637
      1.94	   48.6626	   10774.3	   49.7637
      1.95	    48.667	     10756	   49.7637
      1.96	   48.6739	   10739.4	   49.7637
      1.97	   48.6809	   10722.8	   49.7637
      1.98	   48.6878	   10706.2	   49.7637
      1.99	   48.6976	   10691.6	   49.7637
         2	   48.7074	     10677	   49.7637
      2.01	   48.7171	   10662.4	   49.7637
      2.02	   48.7283	     10649	   49.7637
      2.03	   48.7404	   10636.2	   49.7637
      2.04	   48.7525	   10623.5	   49.7637
      2.05	   48.7662	   10612.1	   49.7637
      2.06	   48.7811	   10601.8	   49.7637
      2.07	   48.7959	   10591.5	   49.7637
      2.08	   48.8108	   10581.2	   49.7637
      2.09	   48.8277	   10572.9	   49.7637
       2.1	   48.8446	   10564.5	   49.7637
      2.11	   48.8614	   10556.2	   49.7637
      2.12	   48.8809	   10550.3	   49.7637
      2.13	   48.9003	   10544.8	   49.7637
      2.14	     48.92	   10539.3	   49.7637
      2.15	   48.9397	     10534	   49.7637
      2.16	   48.9615	     10531	   49.7637
      2.17	   48.9833	   10528.1	   49.7637
      2.18	    49.005	   10525.1	   49.7637
      2.19	   49.0268	   10522.7	   49.7637
       2.2	   49.0505	   10522.6	   49.7637
      2.21	   49.0742	   10522.5	   49.7637
      2.22	   49.0979	   10522.4	   49.7637
      2.23	   49.1217	   10522.6	   49.7637
      2.24	   49.1468	   10525.3	   49.7637
      2.25	    49.172	     10528	   49.7637
      2.26	   49.1972	   10530.7	   49.7637
      2.27	   49.2223	   10533.3	   49.7637
      2.28	   49.2481	   10537.8	   49.7637
      2.29	    49.274	     10543	   49.7637
       2.3	   49.2998	   10548.2	   49.7637
      2.31	   49.3256	   10553.4	   49.7637
      2.32	   49.3514	   10558.9	   49.7637
      2.33	   49.3771	   10566.2	   49.7637
      2.34	   49.4029	   10573.4	   49.7637
      2.35	   49.4287	   10580.7	   49.7637
      2.36	   49.4544	   10587.9	   49.7637
      2.37	   49.4793	     10596	   49.7637
      2.38	   49.5042	   10604.5	   49.7637
      2.39	   49.5289	     10613	   49.7637
       2.4	   49.5535	   10621.6	   49.7637
      2.41	   49.5774	   10630.7	   49.7637
      2.42	   49.6006	   10640.4	   49.7637
      2.43	   49.6237	   10650.1	   49.7637
      2.44	   49.6469	   10659.9	   49.7637
      2.45	   49.6701	   10669.6	   49.7637
      2.46	   49.6905	   10679.3	   49.7637
      2.47	    49.711	     10689	   49.7637
      2.48	   49.7315	   10698.8	   49.7637
      2.49	   49.7519	   10708.5	   49.7637
       2.5	   49.7696	   10718.2	   49.7637
      2.51	   49.7873	     10728	   49.7637
      2.52	    49.805	   10737.7	   49.7637
      2.53	   49.8227	   10747.5	   49.7637
      2.54	   49.8378	   10756.6	   49.7637
      2.55	   49.8521	   10765.6	   49.7637
      2.56	   49.8665	   10774.6	   49.7637
      2.57	   49.8808	   10783.6	   49.7637
      2.58	   49.8919	   10791.8	   49.7637
      2.59	   49.9029	     10800	   49.7637
       2.6	    49.914	   10808.2	   49.7637
      2.61	    49.925	   10816.4	   49.7637
      2.62	   49.9328	   10823.4	   49.7637
      2.63	   49.9405	   10830.4	   49.7637
      2.64	   49.9483	   10837.4	   49.7637
      2.65	   49.9551	     10844	   49.7637
      2.66	   49.9595	   10849.8	   49.7637
      2.67	   49.9639	   10855.5	   49.7637
      2.68	   49.9683	   10861.2	   49.7637
      2.69	   49.9721	   10866.7	   49.7637
       2.7	   49.9736	   10871.1	   49.7637
      2.71	   49.9751	   10875.4	   49.7637
      2.72	   49.9766	   10879.8	   49.7637
      2.73	   49.9766	   10883.4	   49.7637
      2.74	   49.9752	   10886.3	   49.7637
      2.75	   49.9739	   10889.2	   49.7637
      2.76	   49.9725	   10892.1	   49.7637
      2.77	   49.9707	   10894.7	   49.7637
      2.78	   49.9672	   10896.3	   49.7637
      2.79	   49.9638	     10898	   49.7637
       2.8	   49.9603	   10899.6	   49.7637
      2.81	   49.9561	   10900.7	   49.7637
      2.82	   49.9505	   10900.9	   49.7637
      2.83	    49.945	     10901	   49.7637
      2.84	   49.9394	   10901.2	   49.7637
      2.85	   49.9339	   10901.3	   49.7637
      2.86	   49.9275	   10900.9	   49.7637
      2.87	   49.9212	   10900.1	   49.7637
      2.88	   49.9145	   10899.3	   49.7637
      2.89	   49.9078	   10898.5	   49.7637
       2.9	   49.9012	   10897.4	   49.7637
      2.91	   49.8937	   10895.5	   49.7637
      2.92	   49.8863	   10893.5	   49.7637
      2.93	   49.8789	   10891.6	   49.7637
      2.94	   49.8714	   10889.7	   49.7637
      2.95	    49.864	   10887.6	   49.7637
      2.96	   49.8566	     10885	   49.7637
      2.97	   49.8491	   10882.4	   49.7637
      2.98	   49.8417	   10879.8	   49.7637
      2.99	   49.8342	   10877.2	   49.7637
         3	   49.8268	   10874.5	   49.7637
      3.01	   49.8194	   10871.4	   49.7637
      3.02	   49.8119	   10868.3	   49.7637
      3.03	   49.8045	   10865.2	   49.7637
      3.04	   49.7973	   10862.1	   49.7637
      3.05	   49.7902	     10859	   49.7637
      3.06	   49.7836	   10855.7	   49.7637
      3.07	   49.7771	   10852.3	   49.7637
      3.08	   49.7706	   10848.9	   49.7637
      3.09	    49.764	   10845.6	   49.7637
       3.1	   49.7575	   10842.2	   49.7637
      3.11	   49.7518	   10838.8	   49.7637
      3.12	   49.7461	   10835.4	   49.7637
      3.13	   49.7405	     10832	   49.7637
      3.14	   49.7348	   10828.6	   49.7637
      3.15	   49.7291	   10825.2	   49.7637
      3.16	   49.7245	   10821.8	   49.7637
      3.17	   49.7198	   10818.4	   49.7637
      3.18	   49.7152	   10815.1	   49.7637
      3.19	   49.7105	   10811.8	   49.7637
       3.2	   49.7059	   10808.4	   49.7637
      3.21	   49.7023	   10805.3	   49.7637
      3.22	   49.6987	   10802.2	   49.7637
      3.23	   49.6952	     10799	   49.7637
      3.24	   49.6916	   10795.9	   49.7637
      3.25	    49.688	   10792.8	   49.7637
      3.26	   49.6855	   10789.9	   49.7637
      3.27	    49.683	   10787.1	   49.7637
      3.28	   49.6805	   10784.3	   49.7637
      3.29	    49.678	   10781.5	   49.7637
       3.3	   49.6755	   10778.6	   49.7637
      3.31	   49.6741	   10776.2	   49.7637
      3.32	   49.6726	   10773.7	   49.7637
      3.33	   49.6711	   10771.3	   49.7637
      3.34	   49.6696	   10768.8	   49.7637
      3.35	   49.6682	   10766.3	   49.7637
      3.36	   49.6676	   10764.3	   49.7637
      3.37	   49.6671	   10762.3	   49.7637
      3.38	   49.6665	   10760.2	   49.7637
      3.39	    49.666	   10758.2	   49.7637
       3.4	   49.6654	   10756.1	   49.7637
      3.41	   49.6657	   10754.5	   49.7637
      3.42	    49.666	   10752.9	   49.7637
      3.43	   49.6663	   10751.2	   49.7637
      3.44	   49.6665	   10749.6	   49.7637
      3.45	   49.6668	     10748	   49.7637
      3.46	   49.6678	   10746.8	   49.7637
      3.47	   49.6687	   10745.6	   49.7637
      3.48	   49.6697	   10744.4	   49.7637
      3.49	   49.6706	   10743.2	   49.7637
       3.5	   49.6716	   10741.9	   49.7637
      3.51	   49.6731	   10741.1	   49.7637
      3.52	   49.6746	   10740.3	   49.7637
      3.53	   49.6762	   10739.5	   49.7637
      3.54	   49.6777	   10738.7	   49.7637
      3.55	   49.6793	   10737.9	   49.7637
      3.56	   49.6808	   10737.4	   49.7637
      3.57	   49.6827	     10737	   49.7637
      3.58	   49.6846	   10736.5	   49.7637
      3.59	   49.6865	     10736	   49.7637
       3.6	   49.6884	   10735.6	   49.7637
      3.61	   49.6903	   10735.4	   49.7637
      3.62	   49.6925	   10735.2	   49.7637
      3.63	   49.6946	   10735.1	   49.7637
      3.64	   49.6967	   10734.9	   49.7637
      3.65	   49.6989	   10734.7	   49.7637
      3.66	    49.701	   10734.8	   49.7637
      3.67	   49.7031	   10734.9	   49.7637
      3.68	   49.7053	     10735	   49.7637
      3.69	   49.7074	     10735	   49.7637
       3.7	   49.7095	   10735.1	   49.7637
      3.71	   49.7117	   10735.4	   49.7637
      3.72	   49.7138	   10735.6	   49.7637
      3.73	   49.7159	   10735.9	   49.7637
      3.74	    49.718	   10736.1	   49.7637
      3.75	   49.7201	   10736.4	   49.7637
      3.76	   49.7222	   10736.7	   49.7637
      3.77	   49.7244	   10737.1	   49.7637
      3.78	   49.7263	   10737.5	   49.7637
      3.79	   49.7282	   10737.8	   49.7637
       3.8	   49.7301	   10738.2	   49.7637
      3.81	    49.732	   10738.6	   49.7637
      3.82	    49.734	     10739	   49.7637
      3.83	   49.7357	   10739.4	   49.7637
      3.84	   49.7374	   10739.8	   49.7637
      3.85	   49.7391	   10740.2	   49.7637
      3.86	   49.7408	   10740.6	   49.7637
      3.87	   49.7423	     10741	   49.7637
      3.88	   49.7437	   10741.4	   49.7637
      3.89	   49.7451	   10741.7	   49.7637
       3.9	   49.7466	   10742.1	   49.7637
      3.91	    49.748	   10742.5	   49.7637
      3.92	   49.7491	   10742.9	   49.7637
      3.93	   49.7502	   10743.2	   49.7637
      3.94	   49.7514	   10743.6	   49.7637
      3.95	   49.7525	   10743.9	   49.7637
      3.96	   49.7536	   10744.2	   49.7637
      3.97	   49.7544	   10744.4	   49.7637
      3.98	   49.7551	   10744.7	   49.7637
      3.99	   49.7559	     10745	   49.7637
         4	   49.7567	   10745.2	   49.7637
      4.01	   49.7575	   10745.4	   49.7637
      4.02	   49.7579	   10745.5	   49.7637
      4.03	   49.7584	   10745.6	   49.7637
      4.04	   49.7589	   10745.8	   49.7637
      4.05	   49.7593	   10745.9	   49.7637
      4.06	   49.7598	   10745.9	   49.7637
      4.07	   49.7599	   10745.9	   49.7637
      4.08	   49.7601	   10745.9	   49.7637
      4.09	   49.7602	     10746	   49.7637
       4.1	   49.7604	     10746	   49.7637
      4.11	   49.7605	   10745.8	   49.7637
      4.12	   49.7604	   10745.7	   49.7637
      4.13	   49.7603	   10745.6	   49.7637
      4.14	   49.7602	   10745.4	   49.7637
      4.15	   49.7601	   10745.3	   49.7637
      4.16	     49.76	     10745	   49.7637
      4.17	   49.7597	   10744.8	   49.7637
      4.18	   49.7593	   10744.5	   49.7637
      4.19	    49.759	   10744.2	   49.7637
       4.2	   49.7586	     10744	   49.7637
      4.21	   49.7583	   10743.6	   49.7637
      4.22	   49.7579	   10743.2	   49.7637
      4.23	   49.7574	   10742.8	   49.7637
      4.24	   49.7569	   10742.4	   49.7637
      4.25	   49.7563	     10742	   49.7637
      4.26	   49.7558	   10741.5	   49.7637
      4.27	   49.7553	     10741	   49.7637
      4.28	   49.7547	   10740.4	   49.7637
      4.29	   49.7541	   10739.9	   49.7637
       4.3	   49.7534	   10739.4	   49.7637
      4.31	   49.7528	   10738.8	   49.7637
      4.32	   49.7521	   10738.2	   49.7637
      4.33	   49.7515	   10737.6	   49.7637
      4.34	   49.7508	   10736.9	   49.7637
      4.35	   49.7502	   10736.3	   49.7637
      4.36	   49.7495	   10735.7	   49.7637
      4.37	   49.7489	     10735	   49.7637
      4.38	   49.7482	   10734.3	   49.7637
      4.39	   49.7475	   10733.6	   49.7637
       4.4	   49.7469	   10732.9	   49.7637
      4.41	   49.7462	   10732.2	   49.7637
      4.42	   49.7455	   10731.5	   49.7637
      4.43	   49.7449	   10730.7	   49.7637
      4.44	   49.7442	     10730	   49.7637
      4.45	   49.7435	   10729.2	   49.7637
      4.46	   49.7428	   10728.5	   49.7637
      4.47	   49.7422	   10727.8	   49.7637
      4.48	   49.7415	     10727	   49.7637
      4.49	   49.7408	   10726.2	   49.7637
       4.5	   49.7402	   10725.5	   49.7637
      4.51	   49.7397	   10724.7	   49.7637
      4.52	   49.7391	     10724	   49.7637
      4.53	   49.7386	   10723.2	   49.7637
      4.54	   49.7381	   10722.4	   49.7637
      4.55	   49.7376	   10721.7	   49.7637
      4.56	   49.7371	   10720.9	   49.7637
      4.57	   49.7366	   10720.1	   49.7637
      4.58	   49.7361	   10719.4	   49.7637
      4.59	   49.7355	   10718.6	   49.7637
       4.6	   49.7352	   10717.9	   49.7637
      4.61	   49.7348	   10717.1	   49.7637
      4.62	   49.7345	   10716.3	   49.7637
      4.63	   49.7341	   10715.6	   49.7637
      4.64	   49.7337	   10714.8	   49.7637
      4.65	   49.7334	     10714	   49.7637
      4.66	   49.7332	   10713.3	   49.7637
      4.67	    49.733	   10712.6	   49.7637
      4.68	   49.7328	   10711.9	   49.7637
      4.69	   49.7326	   10711.2	   49.7637
       4.7	   49.7324	   10710.5	   49.7637
      4.71	   49.7322	   10709.8	   49.7637
      4.72	   49.7321	   10709.1	   49.7637
      4.73	   49.7319	   10708.4	   49.7637
      4.74	   49.7317	   10707.8	   49.7637
      4.75	   49.7316	   10707.1	   49.7637
      4.76	   49.7316	   10706.5	   49.7637
      4.77	   49.7316	   10705.9	   49.7637
      4.78	   49.7316	   10705.3	   49.7637
      4.79	   49.7315	   10704.7	   49.7637
       4.8	   49.7315	   10704.1	   49.7637
      4.81	   49.7316	   10703.5	   49.7637
      4.82	   49.7317	   10702.9	   49.7637
      4.83	   49.7319	   10702.4	   49.7637
      4.84	    49.732	   10701.8	   49.7637
      4.85	   49.7321	   10701.3	   49.7637
      4.86	   49.7322	   10700.7	   49.7637
      4.87	   49.7324	   10700.3	   49.7637
      4.88	   49.7325	   10699.8	   49.7637
      4.89	   49.7326	   10699.3	   49.7637
       4.9	   49.7327	   10698.8	   49.7637
      4.91	    49.733	   10698.3	   49.7637
      4.92	   49.7333	   10697.8	   49.7637
      4.93	   49.7335	   10697.4	   49.7637
      4.94	   49.7338	     10697	   49.7637
      4.95	   49.7341	   10696.5	   49.7637
      4.96	   49.7343	   10696.1	   49.7637
      4.97	   49.7346	   10695.7	   49.7637
      4.98	   49.7349	   10695.3	   49.7637
      4.99	   49.7351	     10695	   49.7637
         5	   49.7354	   10694.6	   49.7637
      5.01	   49.7357	   10694.2	   49.7637
      5.02	   49.7359	   10693.8	   49.7637
      5.03	   49.7363	   10693.5	   49.7637
      5.04	   49.7366	   10693.1	   49.7637
      5.05	   49.7369	   10692.8	   49.7637
      5.06	   49.7372	   10692.5	   49.7637
      5.07	   49.7375	   10692.1	   49.7637
      5.08	   49.7378	   10691.8	   49.7637
      5.09	   49.7381	   10691.5	   49.7637
       5.1	   49.7384	   10691.3	   49.7637
      5.11	   49.7387	     10691	   49.7637
      5.12	    49.739	   10690.7	   49.7637
      5.13	   49.7393	   10690.4	   49.7637
      5.14	   49.7396	   10690.1	   49.7637
      5.15	   49.7399	   10689.8	   49.7637
      5.16	   49.7402	   10689.6	   49.7637
      5.17	   49.7405	   10689.3	   49.7637
      5.18	   49.7408	   10689.1	   49.7637
      5.19	   49.7411	   10688.8	   49.7637
       5.2	   49.7414	   10688.6	   49.7637
      5.21	   49.7417	   10688.3	   49.7637
      5.22	    49.742	   10688.1	   49.7637
      5.23	   49.7424	   10687.9	   49.7637
      5.24	   49.7427	   10687.6	   49.7637
      5.25	    49.743	   10687.4	   49.7637
      5.26	   49.7433	   10687.1	   49.7637
      5.27	   49.7436	   10686.9	   49.7637
      5.28	   49.7439	   10686.7	   49.7637
      5.29	   49.7442	   10686.5	   49.7637
       5.3	   49.7445	   10686.2	   49.7637
      5.31	   49.7448	     10686	   49.7637
      5.32	   49.7451	   10685.8	   49.7637
      5.33	   49.7454	   10685.6	   49.7637
      5.34	   49.7457	   10685.3	   49.7637
      5.35	    49.746	   10685.1	   49.7637
      5.36	   49.7463	   10684.9	   49.7637
      5.37	   49.7465	   10684.6	   49.7637
      5.38	   49.7467	   10684.4	   49.7637
      5.39	   49.7468	   10684.2	   49.7637
       5.4	    49.747	     10684	   49.7637
      5.41	   49.7472	   10683.7	   49.7637
      5.42	   49.7474	   10683.5	   49.7637
      5.43	   49.7475	   10683.3	   49.7637
      5.44	   49.7477	   10683.1	   49.7637
      5.45	   49.7479	   10682.8	   49.7637
      5.46	    49.748	   10682.6	   49.7637
      5.47	   49.7482	   10682.4	   49.7637
      5.48	   49.7484	   10682.2	   49.7637
      5.49	   49.7485	   10681.9	   49.7637
       5.5	   49.7486	   10681.7	   49.7637
      5.51	   49.7487	   10681.5	   49.7637
      5.52	   49.7487	   10681.2	   49.7637
      5.53	   49.7488	     10681	   49.7637
      5.54	   49.7489	   10680.8	   49.7637
      5.55	    49.749	   10680.6	   49.7637
      5.56	   49.7491	   10680.3	   49.7637
      5.57	   49.7492	   10680.1	   49.7637
      5.58	   49.7493	   10679.9	   49.7637
      5.59	   49.7494	   10679.6	   49.7637
       5.6	   49.7494	   10679.4	   49.7637
      5.61	   49.7494	   10679.1	   49.7637
      5.62	   49.7494	   10678.8	   49.7637
      5.63	   49.7494	   10678.6	   49.7637
      5.64	   49.7495	   10678.3	   49.7637
      5.65	   49.7495	   10678.1	   49.7637
      5.66	   49.7495	   10677.8	   49.7637
      5.67	   49.7495	   10677.5	   49.7637
      5.68	   49.7495	   10677.3	   49.7637
      5.69	   49.7496	     10677	   49.7637
       5.7	   49.7496	   10676.7	   49.7637
      5.71	   49.7496	   10676.4	   49.7637
      5.72	   49.7496	   10676.2	   49.7637
      5.73	   49.7496	   10675.9	   49.7637
      5.74	   49.7496	   10675.6	   49.7637
      5.75	   49.7496	   10675.3	   49.7637
      5.76	   49.7496	   10675.1	   49.7637
      5.77	   49.7496	   10674.8	   49.7637
      5.78	   49.7496	   10674.5	   49.7637
      5.79	   49.7496	   10674.2	   49.7637
       5.8	   49.7496	   10673.9	   49.7637
      5.81	   49.7496	   10673.6	   49.7637
      5.82	   49.7496	   10673.3	   49.7637
      5.83	   49.7496	     10673	   49.7637
      5.84	   49.7496	   10672.7	   49.7637
      5.85	   49.7496	   10672.5	   49.7637
      5.86	   49.7496	   10672.2	   49.7637
      5.87	   49.7496	   10671.9	   49.7637
      5.88	   49.7496	   10671.6	   49.7637
      5.89	   49.7496	   10671.3	   49.7637
       5.9	   49.7496	     10671	   49.7637
      5.91	   49.7496	   10670.7	   49.7637
      5.92	   49.7496	   10670.4	   49.7637
      5.93	   49.7496	   10670.1	   49.7637
      5.94	   49.7496	   10669.8	   49.7637
      5.95	   49.7496	   10669.6	   49.7637
      5.96	   49.7496	   10669.3	   49.7637
      5.97	   49.7496	     10669	   49.7637
      5.98	   49.7496	   10668.7	   49.7637
      5.99	   49.7496	   10668.4	   49.7637
         6	   49.7496	   10668.1	   49.7637
      6.01	   49.7496	   10667.8	   49.7637
      6.02	   49.7496	   10667.5	   49.7637
      6.03	   49.7496	   10667.2	   49.7637
      6.04	   49.7496	     10667	   49.7637
      6.05	   49.7496	   10666.7	   49.7637
      6.06	   49.7496	   10666.4	   49.7637
      6.07	   49.7496	   10666.1	   49.7637
      6.08	   49.7496	   10665.8	   49.7637
      6.09	   49.7496	   10665.5	   49.7637
       6.1	   49.7496	   10665.2	   49.7637
      6.11	   49.7496	   10664.9	   49.7637
      6.12	   49.7496	   10664.7	   49.7637
      6.13	   49.7496	   10664.4	   49.7637
      6.14	   49.7496	   10664.1	   49.7637
      6.15	   49.7496	   10663.8	   49.7637
      6.16	   49.7496	   10663.6	   49.7637
      6.17	   49.7496	   10663.3	   49.7637
      6.18	   49.7496	     10663	   49.7637
      6.19	   49.7496	   10662.8	   49.7637
       6.2	   49.7496	   10662.5	   49.7637
      6.21	   49.7496	   10662.2	   49.7637
      6.22	   49.7496	     10662	   49.7637
      6.23	   49.7496	   10661.7	   49.7637
      6.24	   49.7496	   10661.4	   49.7637
      6.25	   49.7496	   10661.2	   49.7637
      6.26	   49.7496	   10660.9	   49.7637
      6.27	   49.7496	   10660.7	   49.7637
      6.28	   49.7496	   10660.4	   49.7637
      6.29	   49.7496	   10660.2	   49.7637
       6.3	   49.7496	   10659.9	   49.7637
      6.31	   49.7496	   10659.7	   49.7637
      6.32	   49.7496	   10659.4	   49.7637
      6.33	   49.7496	   10659.2	   49.7637
      6.34	   49.7496	   10658.9	   49.7637
      6.35	   49.7497	   10658.7	   49.7637
      6.36	   49.7498	   10658.5	   49.7637
      6.37	   49.7498	   10658.2	   49.7637
      6.38	   49.7499	     10658	   49.7637
      6.39	     49.75	   10657.8	   49.7637
       6.4	   49.7501	   10657.5	   49.7637
      6.41	   49.7501	   10657.3	   49.7637
      6.42	   49.7502	   10657.1	   49.7637
      6.43	   49.7503	   10656.8	   49.7637
      6.44	   49.7503	   10656.6	   49.7637
      6.45	   49.7504	   10656.4	   49.7637
      6.46	   49.7505	   10656.2	   49.7637
      6.47	   49.7505	     10656	   49.7637
      6.48	   49.7506	   10655.8	   49.7637
      6.49	   49.7507	   10655.6	   49.7637
       6.5	   49.7507	   10655.3	   49.7637
      6.51	   49.7508	   10655.1	   49.7637
      6.52	   49.7509	   10654.9	   49.7637
      6.53	   49.7509	   10654.7	   49.7637
      6.54	    49.751	   10654.5	   49.7637
      6.55	   49.7511	   10654.3	   49.7637
      6.56	   49.7511	   10654.1	   49.7637
      6.57	   49.7512	   10653.9	   49.7637
      6.58	   49.7513	   10653.7	   49.7637
      6.59	   49.7513	   10653.5	   49.7637
       6.6	   49.7514	   10653.3	   49.7637
      6.61	   49.7515	   10653.1	   49.7637
      6.62	   49.7515	   10652.9	   49.7637
      6.63	   49.7516	   10652.7	   49.7637
      6.64	   49.7517	   10652.5	   49.7637
      6.65	   49.7517	   10652.3	   49.7637
      6.66	   49.7518	   10652.1	   49.7637
      6.67	   49.7519	   10651.9	   49.7637
      6.68	   49.7519	   10651.8	   49.7637
      6.69	    49.752	   10651.6	   49.7637
       6.7	    49.752	   10651.4	   49.7637
      6.71	   49.7521	   10651.2	   49.7637
      6.72	   49.7522	     10651	   49.7637
      6.73	   49.7522	   10650.8	   49.7637
      6.74	   49.7523	   10650.6	   49.7637
      6.75	   49.7523	   10650.5	   49.7637
      6.76	   49.7524	   10650.3	   49.7637
      6.77	   49.7524	   10650.1	   49.7637
      6.78	   49.7525	   10649.9	   49.7637
      6.79	   49.7526	   10649.7	   49.7637
       6.8	   49.7526	   10649.6	   49.7637
      6.81	   49.7527	   10649.4	   49.7637
      6.82	   49.7527	   10649.2	   49.7637
      6.83	   49.7528	     10649	   49.7637
      6.84	   49.7529	   10648.9	   49.7637
      6.85	   49.7529	   10648.7	   49.7637
      6.86	    49.753	   10648.5	   49.7637
      6.87	    49.753	   10648.4	   49.7637
      6.88	   49.7531	   10648.2	   49.7637
      6.89	   49.7531	     10648	   49.7637
       6.9	   49.7532	   10647.8	   49.7637
      6.91	   49.7533	   10647.7	   49.7637
      6.92	   49.7533	   10647.5	   49.7637
      6.93	   49.7534	   10647.3	   49.7637
      6.94	   49.7534	   10647.1	   49.7637
      6.95	   49.7535	     10647	   49.7637
      6.96	   49.7536	   10646.8	   49.7637
      6.97	   49.7536	   10646.7	   49.7637
      6.98	   49.7537	   10646.5	   49.7637
      6.99	   49.7537	   10646.3	   49.7637
         7	   49.7538	   10646.2	   49.7637
      7.01	   49.7538	     10646	   49.7637
      7.02	   49.7539	   10645.8	   49.7637
      7.03	    49.754	   10645.7	   49.7637
      7.04	    49.754	   10645.5	   49.7637
      7.05	   49.7541	   10645.3	   49.7637
      7.06	   49.7541	   10645.2	   49.7637
      7.07	   49.7541	     10645	   49.7637
      7.08	   49.7542	   10644.9	   49.7637
      7.09	   49.7542	   10644.7	   49.7637
       7.1	   49.7542	   10644.5	   49.7637
      7.11	   49.7543	   10644.4	   49.7637
      7.12	   49.7543	   10644.2	   49.7637
      7.13	   49.7543	     10644	   49.7637
      7.14	   49.7544	   10643.9	   49.7637
      7.15	   49.7544	   10643.7	   49.7637
      7.16	   49.7544	   10643.6	   49.7637
      7.17	   49.7545	   10643.4	   49.7637
      7.18	   49.7545	   10643.3	   49.7637
      7.19	   49.7545	   10643.1	   49.7637
       7.2	   49.7546	   10642.9	   49.7637
      7.21	   49.7546	   10642.8	   49.7637
      7.22	   49.7546	   10642.6	   49.7637
      7.23	   49.7547	   10642.5	   49.7637
      7.24	   49.7547	   10642.3	   49.7637
      7.25	   49.7547	   10642.2	   49.7637
      7.26	   49.7548	     10642	   49.7637
      7.27	   49.7548	   10641.9	   49.7637
      7.28	   49.7548	   10641.7	   49.7637
      7.29	   49.7549	   10641.6	   49.7637
       7.3	   49.7549	   10641.4	   49.7637
      7.31	   49.7549	   10641.3	   49.7637
      7.32	    49.755	   10641.1	   49.7637
      7.33	    49.755	   10640.9	   49.7637
      7.34	    49.755	   10640.8	   49.7637
      7.35	   49.7551	   10640.6	   49.7637
      7.36	   49.7551	   10640.5	   49.7637
      7.37	   49.7551	   10640.4	   49.7637
      7.38	   49.7552	   10640.2	   49.7637
      7.39	   49.7552	   10640.1	   49.7637
       7.4	   49.7552	   10639.9	   49.7637
      7.41	   49.7553	   10639.8	   49.7637
      7.42	   49.7553	   10639.6	   49.7637
      7.43	   49.7553	   10639.5	   49.7637
      7.44	   49.7554	   10639.3	   49.7637
      7.45	   49.7554	   10639.2	   49.7637
      7.46	   49.7554	   10639.1	   49.7637
      7.47	   49.7555	   10638.9	   49.7637
      7.48	   49.7555	   10638.8	   49.7637
      7.49	   49.7555	   10638.6	   49.7637
       7.5	   49.7556	   10638.5	   49.7637
      7.51	   49.7556	   10638.3	   49.7637
      7.52	   49.7556	   10638.2	   49.7637
      7.53	   49.7556	   10638.1	   49.7637
      7.54	   49.7557	   10637.9	   49.7637
      7.55	   49.7557	   10637.8	   49.7637
      7.56	   49.7557	   10637.6	   49.7637
      7.57	   49.7558	   10637.5	   49.7637
      7.58	   49.7558	   10637.4	   49.7637
      7.59	   49.7558	   10637.2	   49.7637
       7.6	   49.7558	   10637.1	   49.7637
      7.61	   49.7559	     10637	   49.7637
      7.62	   49.7559	   10636.8	   49.7637
      7.63	   49.7559	   10636.7	   49.7637
      7.64	   49.7559	   10636.6	   49.7637
      7.65	    49.756	   10636.5	   49.7637
      7.66	    49.756	   10636.3	   49.7637
      7.67	    49.756	   10636.2	   49.7637
      7.68	    49.756	   10636.1	   49.7637
      7.69	   49.7561	   10635.9	   49.7637
       7.7	   49.7561	   10635.8	   49.7637
      7.71	   49.7561	   10635.7	   49.7637
      7.72	   49.7562	   10635.5	   49.7637
      7.73	   49.7562	   10635.4	   49.7637
      7.74	   49.7562	   10635.3	   49.7637
      7.75	   49.7562	   10635.1	   49.7637
      7.76	   49.7563	     10635	   49.7637
      7.77	   49.7563	   10634.9	   49.7637
      7.78	   49.7563	   10634.8	   49.7637
      7.79	   49.7563	   10634.7	   49.7637
       7.8	   49.7564	   10634.6	   49.7637
      7.81	   49.7564	   10634.4	   49.7637
      7.82	   49.7564	   10634.3	   49.7637
      7.83	   49.7564	   10634.2	   49.7637
      7.84	   49.7565	   10634.1	   49.7637
      7.85	   49.7565	     10634	   49.7637
      7.86	   49.7565	   10633.8	   49.7637
      7.87	   49.7566	   10633.7	   49.7637
      7.88	   49.7566	   10633.6	   49.7637
      7.89	   49.7566	   10633.5	   49.7637
       7.9	   49.7566	   10633.4	   49.7637
      7.91	   49.7567	   10633.3	   49.7637
      7.92	   49.7567	   10633.1	   49.7637
      7.93	   49.7567	     10633	   49.7637
      7.94	   49.7567	   10632.9	   49.7637
      7.95	   49.7568	   10632.8	   49.7637
      7.96	   49.7568	   10632.7	   49.7637
      7.97	   49.7568	   10632.6	   49.7637
      7.98	   49.7568	   10632.5	   49.7637
      7.99	   49.7569	   10632.4	   49.7637
         8	   49.7569	   10632.2	   49.7637
      8.01	   49.7569	   10632.1	   49.7637
      8.02	    49.757	     10632	   49.7637
      8.03	    49.757	   10631.9	   49.7637
      8.04	    49.757	   10631.8	   49.7637
      8.05	    49.757	   10631.7	   49.7637
      8.06	   49.7571	   10631.6	   49.7637
      8.07	   49.7571	   10631.5	   49.7637
      8.08	   49.7571	   10631.4	   49.7637
      8.09	   49.7571	   10631.3	   49.7637
       8.1	   49.7572	   10631.2	   49.7637
      8.11	   49.7572	   10631.1	   49.7637
      8.12	   49.7572	     10631	   49.7637
      8.13	   49.7573	   10630.9	   49.7637
      8.14	   49.7573	   10630.8	   49.7637
      8.15	   49.7573	   10630.7	   49.7637
      8.16	   49.7573	   10630.6	   49.7637
      8.17	   49.7574	   10630.4	   49.7637
      8.18	   49.7574	   10630.4	   49.7637
      8.19	   49.7574	   10630.3	   49.7637
       8.2	   49.7574	   10630.2	   49.7637
      8.21	   49.7575	   10630.1	   49.7637
      8.22	   49.7575	     10630	   49.7637
      8.23	   49.7575	   10629.9	   49.7637
      8.24	   49.7575	   10629.8	   49.7637
      8.25	   49.7576	   10629.7	   49.7637
      8.26	   49.7576	   10629.6	   49.7637
      8.27	   49.7576	   10629.5	   49.7637
      8.28	   49.7577	   10629.4	   49.7637
      8.29	   49.7577	   10629.3	   49.7637
       8.3	   49.7577	   10629.2	   49.7637
      8.31	   49.7577	   10629.1	   49.7637
      8.32	   49.7578	     10629	   49.7637
      8.33	   49.7578	   10628.9	   49.7637
      8.34	   49.7578	   10628.8	   49.7637
      8.35	   49.7578	   10628.7	   49.7637
      8.36	   49.7579	   10628.6	   49.7637
      8.37	   49.7579	   10628.5	   49.7637
      8.38	   49.7579	   10628.4	   49.7637
      8.39	   49.7579	   10628.3	   49.7637
       8.4	    49.758	   10628.3	   49.7637
      8.41	    49.758	   10628.2	   49.7637
      8.42	    49.758	   10628.1	   49.7637
      8.43	   49.7581	     10628	   49.7637
      8.44	   49.7581	   10627.9	   49.7637
      8.45	   49.7581	   10627.8	   49.7637
      8.46	   49.7581	   10627.7	   49.7637
      8.47	   49.7582	   10627.7	   49.7637
      8.48	   49.7582	   10627.6	   49.7637
      8.49	   49.7582	   10627.5	   49.7637
       8.5	   49.7582	   10627.4	   49.7637
      8.51	   49.7583	   10627.3	   49.7637
      8.52	   49.7583	   10627.2	   49.7637
      8.53	   49.7583	   10627.1	   49.7637
      8.54	   49.7583	     10627	   49.7637
      8.55	   49.7584	     10627	   49.7637
      8.56	   49.7584	   10626.9	   49.7637
      8.57	   49.7584	   10626.8	   49.7637
      8.58	   49.7585	   10626.7	   49.7637
      8.59	   49.7585	   10626.6	   49.7637
       8.6	   49.7585	   10626.5	   49.7637
      8.61	   49.7585	   10626.4	   49.7637
      8.62	   49.7586	   10626.4	   49.7637
      8.63	   49.7586	   10626.3	   49.7637
      8.64	   49.7586	   10626.2	   49.7637
      8.65	   49.7586	   10626.1	   49.7637
      8.66	   49.7587	     10626	   49.7637
      8.67	   49.7587	     10626	   49.7637
      8.68	   49.7587	   10625.9	   49.7637
      8.69	   49.7588	   10625.8	   49.7637
       8.7	   49.7588	   10625.7	   49.7637
      8.71	   49.7588	   10625.7	   49.7637
      8.72	   49.7588	   10625.6	   49.7637
      8.73	   49.7589	   10625.5	   49.7637
      8.74	   49.7589	   10625.4	   49.7637
      8.75	   49.7589	   10625.3	   49.7637
      8.76	   49.7589	   10625.3	   49.7637
      8.77	    49.759	   10625.2	   49.7637
      8.78	    49.759	   10625.1	   49.7637
      8.79	    49.759	     10625	   49.7637
       8.8	    49.759	     10625	   49.7637
      8.81	   49.7591	   10624.9	   49.7637
      8.82	   49.7591	   10624.8	   49.7637
      8.83	   49.7591	   10624.7	   49.7637
      8.84	   49.7592	   10624.6	   49.7637
      8.85	   49.7592	   10624.6	   49.7637
      8.86	   49.7592	   10624.5	   49.7637
      8.87	   49.7592	   10624.4	   49.7637
      8.88	   49.7593	   10624.3	   49.7637
      8.89	   49.7593	   10624.3	   49.7637
       8.9	   49.7593	   10624.2	   49.7637
      8.91	   49.7593	   10624.1	   49.7637
      8.92	   49.7594	   10624.1	   49.7637
      8.93	   49.7594	     10624	   49.7637
      8.94	   49.7594	   10623.9	   49.7637
      8.95	   49.7594	   10623.8	   49.7637
      8.96	   49.7595	   10623.8	   49.7637
      8.97	   49.7595	   10623.7	   49.7637
      8.98	   49.7595	   10623.6	   49.7637
      8.99	   49.7596	   10623.6	   49.7637
         9	   49.7596	   10623.5	   49.7637
      9.01	   49.7596	   10623.4	   49.7637
      9.02	   49.7596	   10623.4	   49.7637
      9.03	   49.7596	   10623.3	   49.7637
      9.04	   49.7597	   10623.2	   49.7637
      9.05	   49.7597	   10623.2	   49.7637
      9.06	   49.7597	   10623.1	   49.7637
      9.07	   49.7597	     10623	   49.7637
      9.08	   49.7597	   10622.9	   49.7637
      9.09	   49.7598	   10622.9	   49.7637
       9.1	   49.7598	   10622.8	   49.7637
      9.11	   49.7598	   10622.7	   49.7637
      9.12	   49.7598	   10622.7	   49.7637
      9.13	   49.7598	   10622.6	   49.7637
      9.14	   49.7598	   10622.5	   49.7637
      9.15	   49.7599	   10622.5	   49.7637
      9.16	   49.7599	   10622.4	   49.7637
      9.17	   49.7599	   10622.4	   49.7637
      9.18	   49.7599	   10622.3	   49.7637
      9.19	   49.7599	   10622.2	   49.7637
       9.2	     49.76	   10622.2	   49.7637
      9.21	     49.76	   10622.1	   49.7637
      9.22	     49.76	     10622	   49.7637
      9.23	     49.76	     10622	   49.7637
      9.24	     49.76	   10621.9	   49.7637
      9.25	   49.7601	   10621.9	   49.7637
      9.26	   49.7601	   10621.8	   49.7637
      9.27	   49.7601	   10621.7	   49.7637
      9.28	   49.7601	   10621.7	   49.7637
      9.29	   49.7601	   10621.6	   49.7637
       9.3	   49.7601	   10621.6	   49.7637
      9.31	   49.7602	   10621.5	   49.7637
      9.32	   49.7602	   10621.4	   49.7637
      9.33	   49.7602	   10621.4	   49.7637
      9.34	   49.7602	   10621.3	   49.7637
      9.35	   49.7602	   10621.2	   49.7637
      9.36	   49.7603	   10621.2	   49.7637
      9.37	   49.7603	   10621.1	   49.7637
      9.38	   49.7603	   10621.1	   49.7637
      9.39	   49.7603	     10621	   49.7637
       9.4	   49.7603	     10621	   49.7637
      9.41	   49.7603	   10620.9	   49.7637
      9.42	   49.7604	   10620.8	   49.7637
      9.43	   49.7604	   10620.8	   49.7637
      9.44	   49.7604	   10620.7	   49.7637
      9.45	   49.7604	   10620.7	   49.7637
      9.46	   49.7604	   10620.6	   49.7637
      9.47	   49.7605	   10620.6	   49.7637
      9.48	   49.7605	   10620.5	   49.7637
      9.49	   49.7605	   10620.5	   49.7637
       9.5	   49.7605	   10620.4	   49.7637
      9.51	   49.7605	   10620.4	   49.7637
      9.52	   49.7605	   10620.3	   49.7637
      9.53	   49.7606	   10620.2	   49.7637
      9.54	   49.7606	   10620.2	   49.7637
      9.55	   49.7606	   10620.1	   49.7637
      9.56	   49.7606	   10620.1	   49.7637
      9.57	   49.7606	     10620	   49.7637
      9.58	   49.7607	     10620	   49.7637
      9.59	   49.7607	   10619.9	   49.7637
       9.6	   49.7607	   10619.9	   49.7637
      9.61	   49.7607	   10619.8	   49.7637
      9.62	   49.7607	   10619.8	   49.7637
      9.63	   49.7608	   10619.7	   49.7637
      9.64	   49.7608	   10619.6	   49.7637
      9.65	   49.7608	   10619.6	   49.7637
      9.66	   49.7608	   10619.5	   49.7637
      9.67	   49.7608	   10619.5	   49.7637
      9.68	   49.7608	   10619.4	   49.7637
      9.69	   49.7609	   10619.4	   49.7637
       9.7	   49.7609	   10619.4	   49.7637
      9.71	   49.7609	   10619.3	   49.7637
      9.72	   49.7609	   10619.3	   49.7637
      9.73	   49.7609	   10619.2	   49.7637
      9.74	    49.761	   10619.2	   49.7637
      9.75	    49.761	   10619.1	   49.7637
      9.76	    49.761	   10619.1	   49.7637
      9.77	    49.761	     10619	   49.7637
      9.78	    49.761	     10619	   49.7637
      9.79	    49.761	   10618.9	   49.7637
       9.8	   49.7611	   10618.9	   49.7637
      9.81	   49.7611	   10618.8	   49.7637
      9.82	   49.7611	   10618.8	   49.7637
      9.83	   49.7611	   10618.7	   49.7637
      9.84	   49.7611	   10618.7	   49.7637
      9.85	   49.7612	   10618.6	   49.7637
      9.86	   49.7612	   10618.6	   49.7637
      9.87	   49.7612	   10618.6	   49.7637
      9.88	   49.7612	   10618.5	   49.7637
      9.89	   49.7612	   10618.5	   49.7637
       9.9	   49.7612	   10618.4	   49.7637
      9.91	   49.7613	   10618.4	   49.7637
      9.92	   49.7613	   10618.3	   49.7637
      9.93	   49.7613	   10618.3	   49.7637
      9.94	   49.7613	   10618.2	   49.7637
      9.95	   49.7613	   10618.2	   49.7637
      9.96	   49.7614	   10618.1	   49.7637
      9.97	   49.7614	   10618.1	   49.7637
      9.98	   49.7614	     10618	   49.7637
      9.99	   49.7614	     10618	   49.7637
        10	   49.7614	   10617.9	   49.7637
