Time	PV	OP	SP
0	 0.0100716	   7.42529	      0.01
0.01	 0.0100715	   7.42533	      0.01
0.02	 0.0100714	   7.42537	      0.01
0.03	 0.0100713	   7.42542	      0.01
0.04	 0.0100712	   7.42546	      0.01
0.05	 0.0100711	    7.4255	      0.01
0.06	  0.010071	   7.42555	      0.01
0.07	 0.0100709	   7.42559	      0.01
0.08	 0.0100708	   7.42563	      0.01
0.09	 0.0100707	   7.42568	      0.01
0.1	 0.0100706	   7.42572	      0.01
0.11	 0.0100705	   7.42576	      0.01
0.12	 0.0100704	   7.42581	      0.01
0.13	 0.0100703	   7.42585	      0.01
0.14	 0.0100701	   7.42589	      0.01
0.15	   0.01007	   7.42594	      0.01
0.16	 0.0100699	   7.42598	      0.01
0.17	 0.0100698	   7.42602	      0.01
0.18	 0.0100697	   7.42607	      0.01
0.19	 0.0100695	   7.42611	      0.01
0.2	 0.0100694	   7.42615	      0.01
0.21	 0.0100693	   7.42619	      0.01
0.22	 0.0100691	   7.42622	      0.01
0.23	  0.010069	   7.42626	      0.01
0.24	 0.0100688	    7.4263	      0.01
0.25	 0.0100687	   7.42634	      0.01
0.26	 0.0100686	   7.42637	      0.01
0.27	 0.0100684	   7.42641	      0.01
0.28	 0.0100683	   7.42645	      0.01
0.29	 0.0100681	   7.42648	      0.01
0.3	  0.010068	   7.42652	      0.01
0.31	 0.0100678	   7.42656	      0.01
0.32	 0.0100676	    7.4266	      0.01
0.33	 0.0100675	   7.42663	      0.01
0.34	 0.0100673	   7.42667	      0.01
0.35	 0.0100672	   7.42671	      0.01
0.36	  0.010067	   7.42675	      0.01
0.37	 0.0100668	   7.42678	      0.01
0.38	 0.0100667	   7.42682	      0.01
0.39	 0.0100665	   7.42686	      0.01
0.4	 0.0100664	   7.42689	      0.01
0.41	 0.0100662	   7.42693	      0.01
0.42	  0.010066	   7.42696	      0.01
0.43	 0.0100658	   7.42699	      0.01
0.44	 0.0100656	   7.42703	      0.01
0.45	 0.0100655	   7.42706	      0.01
0.46	 0.0100653	   7.42709	      0.01
0.47	 0.0100651	   7.42712	      0.01
0.48	 0.0100649	   7.42715	      0.01
0.49	 0.0100648	   7.42718	      0.01
0.5	 0.0100646	   7.42721	      0.01
0.51	 0.0100644	   7.42724	      0.01
0.52	 0.0100642	   7.42728	      0.01
0.53	  0.010064	   7.42731	      0.01
0.54	 0.0100638	   7.42734	      0.01
0.55	 0.0100636	   7.42737	      0.01
0.56	 0.0100635	    7.4274	      0.01
0.57	 0.0100633	   7.42743	      0.01
0.58	 0.0100631	   7.42746	      0.01
0.59	 0.0100629	   7.42749	      0.01
0.6	 0.0100627	   7.42753	      0.01
0.61	 0.0100625	   7.42756	      0.01
0.62	 0.0100623	   7.42759	      0.01
0.63	 0.0100621	   7.42762	      0.01
0.64	 0.0100619	   7.42765	      0.01
0.65	 0.0100617	   7.42768	      0.01
0.66	 0.0100615	   7.42771	      0.01
0.67	 0.0100613	   7.42774	      0.01
0.68	 0.0100611	   7.42777	      0.01
0.69	 0.0100609	    7.4278	      0.01
0.7	 0.0100607	   7.42782	      0.01
0.71	 0.0100605	   7.42785	      0.01
0.72	 0.0100603	   7.42787	      0.01
0.73	 0.0100601	    7.4279	      0.01
0.74	 0.0100599	   7.42792	      0.01
0.75	 0.0100597	   7.42795	      0.01
0.76	 0.0100595	   7.42798	      0.01
0.77	 0.0100593	     7.428	      0.01
0.78	 0.0100591	   7.42803	      0.01
0.79	 0.0100589	   7.42805	      0.01
0.8	 0.0100587	   7.42808	      0.01
0.81	 0.0100585	    7.4281	      0.01
0.82	 0.0100583	   7.42813	      0.01
0.83	 0.0100581	   7.42816	      0.01
0.84	 0.0100578	   7.42818	      0.01
0.85	 0.0100576	   7.42821	      0.01
0.86	 0.0100574	   7.42823	      0.01
0.87	 0.0100572	   7.42826	      0.01
0.88	  0.010057	   7.42828	      0.01
0.89	 0.0100568	   7.42831	      0.01
0.9	 0.0100566	   7.42833	      0.01
0.91	 0.0100564	   7.42836	      0.01
0.92	 0.0100562	   7.42839	      0.01
0.93	  0.010056	   7.42841	      0.01
0.94	 0.0100557	   7.42844	      0.01
0.95	 0.0100555	   7.42846	      0.01
0.96	 0.0100553	   7.42849	      0.01
0.97	 0.0100551	   7.42852	      0.01
0.98	 0.0100549	   7.42854	      0.01
0.99	 0.0100547	   7.42857	      0.01
1	 0.0100545	   7.42859	      0.01
1.01	 0.0100543	   7.42862	      0.01
1.02	 0.0100541	   7.42865	      0.01
1.03	 0.0100539	   7.42867	      0.01
1.04	 0.0100538	   7.42883	      0.01
1.05	 0.0100541	   7.42913	      0.01
1.06	 0.0100548	   7.42967	      0.01
1.07	 0.0100561	   7.43054	      0.01
1.08	 0.0100578	   7.43158	      0.01
1.09	 0.0100611	   7.43323	      0.01
1.1	 0.0100649	   7.43508	      0.01
1.11	   0.01007	   7.43739	      0.01
1.12	 0.0100765	   7.44008	      0.01
1.13	  0.010084	   7.44308	      0.01
1.14	 0.0100936	   7.44655	      0.01
1.15	 0.0101038	   7.45019	      0.01
1.16	 0.0101165	   7.45427	      0.01
1.17	 0.0101299	   7.45849	      0.01
1.18	 0.0101452	   7.46299	      0.01
1.19	 0.0101618	   7.46766	      0.01
1.2	 0.0101796	   7.47245	      0.01
1.21	 0.0101992	   7.47744	      0.01
1.22	 0.0102191	   7.48244	      0.01
1.23	 0.0102416	   7.48762	      0.01
1.24	 0.0102641	    7.4928	      0.01
1.25	 0.0102884	   7.49808	      0.01
1.26	 0.0103135	   7.50336	      0.01
1.27	 0.0103393	   7.50869	      0.01
1.28	 0.0103666	   7.51402	      0.01
1.29	 0.0103938	   7.51936	      0.01
1.3	  0.010423	   7.52473	      0.01
1.31	 0.0104522	    7.5301	      0.01
1.32	 0.0104824	   7.53546	      0.01
1.33	 0.0105132	   7.54083	      0.01
1.34	 0.0105443	    7.5462	      0.01
1.35	 0.0105766	   7.55157	      0.01
1.36	 0.0106089	   7.55694	      0.01
1.37	  0.010642	   7.56231	      0.01
1.38	 0.0106756	   7.56772	      0.01
1.39	 0.0107093	   7.57312	      0.01
1.4	 0.0107439	   7.57853	      0.01
1.41	 0.0107786	   7.58397	      0.01
1.42	 0.0108138	   7.58942	      0.01
1.43	 0.0108494	   7.59492	      0.01
1.44	 0.0108851	   7.60041	      0.01
1.45	 0.0109215	   7.60599	      0.01
1.46	 0.0109581	   7.61158	      0.01
1.47	 0.0109947	   7.61716	      0.01
1.48	 0.0110322	   7.62287	      0.01
1.49	 0.0110696	   7.62859	      0.01
1.5	 0.0111072	    7.6343	      0.01
1.51	 0.0111455	   7.64015	      0.01
1.52	 0.0111838	     7.646	      0.01
1.53	 0.0112223	   7.65185	      0.01
1.54	 0.0112615	   7.65785	      0.01
1.55	 0.0113006	   7.66384	      0.01
1.56	 0.0113398	   7.66984	      0.01
1.57	 0.0113797	     7.676	      0.01
1.58	 0.0114197	   7.68216	      0.01
1.59	 0.0114596	   7.68831	      0.01
1.6	 0.0115001	   7.69461	      0.01
1.61	 0.0115409	    7.7009	      0.01
1.62	 0.0115816	   7.70723	      0.01
1.63	 0.0116224	   7.71355	      0.01
1.64	 0.0116639	   7.72002	      0.01
1.65	 0.0117053	    7.7265	      0.01
1.66	 0.0117468	   7.73298	      0.01
1.67	 0.0117883	   7.73946	      0.01
1.68	 0.0118303	   7.74606	      0.01
1.69	 0.0118723	   7.75266	      0.01
1.7	 0.0119143	   7.75926	      0.01
1.71	 0.0119564	   7.76586	      0.01
1.72	 0.0119984	   7.77246	      0.01
1.73	 0.0120405	   7.77906	      0.01
1.74	 0.0120826	   7.78566	      0.01
1.75	 0.0121246	   7.79226	      0.01
1.76	 0.0121667	   7.79886	      0.01
1.77	 0.0122088	   7.80546	      0.01
1.78	 0.0122504	   7.81206	      0.01
1.79	  0.012292	    7.8186	      0.01
1.8	 0.0123336	   7.82515	      0.01
1.81	 0.0123753	   7.83169	      0.01
1.82	 0.0124169	   7.83823	      0.01
1.83	 0.0124575	   7.84462	      0.01
1.84	 0.0124982	   7.85101	      0.01
1.85	 0.0125389	    7.8574	      0.01
1.86	 0.0125796	   7.86379	      0.01
1.87	 0.0126196	   7.87009	      0.01
1.88	 0.0126591	    7.8763	      0.01
1.89	 0.0126986	   7.88251	      0.01
1.9	  0.012738	   7.88872	      0.01
1.91	 0.0127769	   7.89485	      0.01
1.92	 0.0128149	   7.90086	      0.01
1.93	  0.012853	   7.90688	      0.01
1.94	 0.0128911	    7.9129	      0.01
1.95	 0.0129279	   7.91872	      0.01
1.96	 0.0129645	   7.92455	      0.01
1.97	 0.0130011	   7.93038	      0.01
1.98	 0.0130368	   7.93608	      0.01
1.99	 0.0130716	   7.94166	      0.01
2	 0.0131065	   7.94725	      0.01
2.01	  0.013141	   7.95283	      0.01
2.02	 0.0131742	   7.95818	      0.01
2.03	 0.0132073	   7.96353	      0.01
2.04	   0.01324	   7.96888	      0.01
2.05	  0.013271	   7.97399	      0.01
2.06	  0.013302	    7.9791	      0.01
2.07	  0.013333	   7.98421	      0.01
2.08	 0.0133622	   7.98907	      0.01
2.09	 0.0133911	   7.99393	      0.01
2.1	 0.0134199	   7.99876	      0.01
2.11	 0.0134467	   8.00332	      0.01
2.12	  0.013473	   8.00788	      0.01
2.13	 0.0134992	   8.01237	      0.01
2.14	 0.0135248	   8.01686	      0.01
2.15	 0.0135486	   8.02106	      0.01
2.16	 0.0135723	   8.02526	      0.01
2.17	 0.0135958	   8.02946	      0.01
2.18	 0.0136163	   8.03328	      0.01
2.19	 0.0136368	   8.03711	      0.01
2.2	 0.0136573	   8.04093	      0.01
2.21	 0.0136772	   8.04475	      0.01
2.22	 0.0136947	   8.04823	      0.01
2.23	 0.0137121	   8.05171	      0.01
2.24	 0.0137296	   8.05518	      0.01
2.25	 0.0137444	   8.05836	      0.01
2.26	 0.0137578	    8.0614	      0.01
2.27	 0.0137713	   8.06444	      0.01
2.28	 0.0137848	   8.06748	      0.01
2.29	 0.0137974	   8.07042	      0.01
2.3	 0.0138069	   8.07301	      0.01
2.31	 0.0138163	    8.0756	      0.01
2.32	 0.0138257	    8.0782	      0.01
2.33	 0.0138351	   8.08079	      0.01
2.34	 0.0138413	   8.08304	      0.01
2.35	 0.0138463	   8.08517	      0.01
2.36	 0.0138513	    8.0873	      0.01
2.37	 0.0138562	   8.08942	      0.01
2.38	 0.0138612	   8.09155	      0.01
2.39	 0.0138631	   8.09337	      0.01
2.4	 0.0138637	   8.09506	      0.01
2.41	 0.0138644	   8.09676	      0.01
2.42	  0.013865	   8.09846	      0.01
2.43	 0.0138657	   8.10016	      0.01
2.44	 0.0138634	   8.10158	      0.01
2.45	   0.01386	    8.1029	      0.01
2.46	 0.0138566	   8.10421	      0.01
2.47	 0.0138532	   8.10552	      0.01
2.48	 0.0138497	   8.10684	      0.01
2.49	 0.0138436	   8.10791	      0.01
2.5	 0.0138364	   8.10888	      0.01
2.51	 0.0138292	   8.10986	      0.01
2.52	  0.013822	   8.11083	      0.01
2.53	 0.0138149	   8.11181	      0.01
2.54	 0.0138052	   8.11253	      0.01
2.55	 0.0137946	   8.11326	      0.01
2.56	  0.013784	   8.11394	      0.01
2.57	 0.0137734	   8.11462	      0.01
2.58	 0.0137628	   8.11531	      0.01
2.59	   0.01375	   8.11578	      0.01
2.6	 0.0137364	   8.11625	      0.01
2.61	 0.0137228	   8.11668	      0.01
2.62	 0.0137091	   8.11712	      0.01
2.63	 0.0136955	   8.11755	      0.01
2.64	   0.01368	   8.11781	      0.01
2.65	 0.0136637	   8.11808	      0.01
2.66	 0.0136475	   8.11831	      0.01
2.67	 0.0136313	   8.11854	      0.01
2.68	  0.013615	   8.11877	      0.01
2.69	 0.0135972	   8.11886	      0.01
2.7	 0.0135787	   8.11896	      0.01
2.71	 0.0135603	   8.11902	      0.01
2.72	 0.0135418	   8.11909	      0.01
2.73	 0.0135234	   8.11916	      0.01
2.74	 0.0135036	   8.11911	      0.01
2.75	 0.0134834	   8.11907	      0.01
2.76	 0.0134631	   8.11902	      0.01
2.77	 0.0134429	   8.11896	      0.01
2.78	 0.0134226	   8.11889	      0.01
2.79	 0.0134019	   8.11883	      0.01
2.8	 0.0133811	   8.11877	      0.01
2.81	 0.0133599	    8.1187	      0.01
2.82	 0.0133384	   8.11864	      0.01
2.83	 0.0133168	   8.11848	      0.01
2.84	 0.0132945	   8.11832	      0.01
2.85	 0.0132721	    8.1181	      0.01
2.86	 0.0132498	   8.11787	      0.01
2.87	 0.0132266	   8.11765	      0.01
2.88	 0.0132035	   8.11737	      0.01
2.89	 0.0131802	   8.11708	      0.01
2.9	  0.013157	    8.1168	      0.01
2.91	 0.0131337	   8.11652	      0.01
2.92	   0.01311	   8.11623	      0.01
2.93	 0.0130862	   8.11595	      0.01
2.94	 0.0130625	   8.11567	      0.01
2.95	 0.0130387	   8.11538	      0.01
2.96	  0.013015	    8.1151	      0.01
2.97	  0.012991	   8.11481	      0.01
2.98	 0.0129671	   8.11452	      0.01
2.99	 0.0129431	   8.11423	      0.01
3	 0.0129192	   8.11395	      0.01
3.01	 0.0128952	   8.11366	      0.01
3.02	 0.0128712	   8.11337	      0.01
3.03	 0.0128473	   8.11308	      0.01
3.04	 0.0128233	    8.1128	      0.01
3.05	 0.0127994	   8.11251	      0.01
3.06	 0.0127754	   8.11222	      0.01
3.07	 0.0127518	   8.11193	      0.01
3.08	 0.0127281	   8.11167	      0.01
3.09	 0.0127044	   8.11142	      0.01
3.1	 0.0126807	   8.11116	      0.01
3.11	 0.0126571	    8.1109	      0.01
3.12	 0.0126338	   8.11064	      0.01
3.13	 0.0126106	   8.11038	      0.01
3.14	 0.0125874	   8.11016	      0.01
3.15	 0.0125641	   8.10993	      0.01
3.16	 0.0125409	   8.10971	      0.01
3.17	 0.0125183	   8.10949	      0.01
3.18	 0.0124957	   8.10926	      0.01
3.19	  0.012473	   8.10907	      0.01
3.2	 0.0124504	   8.10888	      0.01
3.21	 0.0124278	   8.10869	      0.01
3.22	 0.0124059	   8.10849	      0.01
3.23	  0.012384	   8.10834	      0.01
3.24	 0.0123621	   8.10819	      0.01
3.25	 0.0123403	   8.10804	      0.01
3.26	 0.0123184	   8.10789	      0.01
3.27	 0.0122973	   8.10773	      0.01
3.28	 0.0122763	   8.10763	      0.01
3.29	 0.0122552	   8.10752	      0.01
3.3	 0.0122342	   8.10741	      0.01
3.31	 0.0122131	   8.10731	      0.01
3.32	  0.012193	    8.1072	      0.01
3.33	 0.0121728	   8.10714	      0.01
3.34	 0.0121527	   8.10708	      0.01
3.35	 0.0121326	   8.10702	      0.01
3.36	 0.0121124	   8.10696	      0.01
3.37	 0.0120932	    8.1069	      0.01
3.38	  0.012074	   8.10689	      0.01
3.39	 0.0120548	   8.10688	      0.01
3.4	 0.0120356	   8.10686	      0.01
3.41	 0.0120166	   8.10685	      0.01
3.42	 0.0119984	   8.10684	      0.01
3.43	 0.0119802	   8.10687	      0.01
3.44	 0.0119619	    8.1069	      0.01
3.45	 0.0119437	   8.10694	      0.01
3.46	 0.0119257	   8.10697	      0.01
3.47	 0.0119085	     8.107	      0.01
3.48	 0.0118913	   8.10708	      0.01
3.49	 0.0118741	   8.10716	      0.01
3.5	 0.0118569	   8.10724	      0.01
3.51	 0.0118398	   8.10732	      0.01
3.52	 0.0118236	   8.10739	      0.01
3.53	 0.0118074	   8.10751	      0.01
3.54	 0.0117912	   8.10763	      0.01
3.55	  0.011775	   8.10775	      0.01
3.56	 0.0117589	   8.10787	      0.01
3.57	 0.0117437	   8.10799	      0.01
3.58	 0.0117285	   8.10815	      0.01
3.59	 0.0117133	   8.10832	      0.01
3.6	 0.0116981	   8.10848	      0.01
3.61	  0.011683	   8.10865	      0.01
3.62	 0.0116687	   8.10881	      0.01
3.63	 0.0116545	   8.10897	      0.01
3.64	 0.0116403	   8.10917	      0.01
3.65	  0.011626	   8.10937	      0.01
3.66	 0.0116119	   8.10957	      0.01
3.67	 0.0115986	   8.10978	      0.01
3.68	 0.0115853	   8.10998	      0.01
3.69	  0.011572	   8.11021	      0.01
3.7	 0.0115587	   8.11044	      0.01
3.71	 0.0115454	   8.11067	      0.01
3.72	  0.011533	   8.11091	      0.01
3.73	 0.0115206	   8.11114	      0.01
3.74	 0.0115081	    8.1114	      0.01
3.75	 0.0114957	   8.11166	      0.01
3.76	 0.0114833	   8.11193	      0.01
3.77	 0.0114717	   8.11219	      0.01
3.78	 0.0114602	   8.11245	      0.01
3.79	 0.0114486	   8.11271	      0.01
3.8	  0.011437	     8.113	      0.01
3.81	 0.0114254	   8.11329	      0.01
3.82	 0.0114146	   8.11358	      0.01
3.83	 0.0114039	   8.11387	      0.01
3.84	 0.0113931	   8.11416	      0.01
3.85	 0.0113823	   8.11447	      0.01
3.86	 0.0113715	   8.11478	      0.01
3.87	 0.0113614	   8.11508	      0.01
3.88	 0.0113514	   8.11539	      0.01
3.89	 0.0113413	    8.1157	      0.01
3.9	 0.0113313	   8.11601	      0.01
3.91	 0.0113212	   8.11634	      0.01
3.92	 0.0113119	   8.11667	      0.01
3.93	 0.0113025	     8.117	      0.01
3.94	 0.0112931	   8.11733	      0.01
3.95	 0.0112838	   8.11766	      0.01
3.96	 0.0112744	   8.11798	      0.01
3.97	 0.0112656	   8.11833	      0.01
3.98	 0.0112569	   8.11868	      0.01
3.99	 0.0112482	   8.11903	      0.01
4	 0.0112394	   8.11938	      0.01
4.01	 0.0112307	   8.11973	      0.01
4.02	 0.0112225	   8.12008	      0.01
4.03	 0.0112144	   8.12042	      0.01
4.04	 0.0112062	   8.12077	      0.01
4.05	 0.0111981	   8.12112	      0.01
4.06	 0.0111899	   8.12147	      0.01
4.07	 0.0111823	   8.12182	      0.01
4.08	 0.0111747	   8.12217	      0.01
4.09	  0.011167	   8.12253	      0.01
4.1	 0.0111594	   8.12289	      0.01
4.11	 0.0111518	   8.12326	      0.01
4.12	 0.0111446	   8.12362	      0.01
4.13	 0.0111375	   8.12398	      0.01
4.14	 0.0111303	   8.12434	      0.01
4.15	 0.0111232	    8.1247	      0.01
4.16	  0.011116	   8.12507	      0.01
4.17	 0.0111093	   8.12543	      0.01
4.18	 0.0111026	   8.12579	      0.01
4.19	 0.0110959	   8.12615	      0.01
4.2	 0.0110892	   8.12651	      0.01
4.21	 0.0110825	   8.12688	      0.01
4.22	 0.0110762	   8.12724	      0.01
4.23	 0.0110699	    8.1276	      0.01
4.24	 0.0110636	   8.12796	      0.01
4.25	 0.0110573	   8.12833	      0.01
4.26	 0.0110509	   8.12869	      0.01
4.27	  0.011045	   8.12905	      0.01
4.28	  0.011039	    8.1294	      0.01
4.29	 0.0110331	   8.12976	      0.01
4.3	 0.0110271	   8.13012	      0.01
4.31	 0.0110212	   8.13048	      0.01
4.32	 0.0110155	   8.13084	      0.01
4.33	 0.0110099	   8.13119	      0.01
4.34	 0.0110043	   8.13155	      0.01
4.35	 0.0109986	   8.13191	      0.01
4.36	  0.010993	   8.13227	      0.01
4.37	 0.0109877	   8.13262	      0.01
4.38	 0.0109823	   8.13298	      0.01
4.39	  0.010977	   8.13334	      0.01
4.4	 0.0109716	    8.1337	      0.01
4.41	 0.0109663	   8.13406	      0.01
4.42	 0.0109612	   8.13441	      0.01
4.43	 0.0109561	   8.13477	      0.01
4.44	 0.0109511	   8.13512	      0.01
4.45	  0.010946	   8.13546	      0.01
4.46	 0.0109409	    8.1358	      0.01
4.47	  0.010936	   8.13615	      0.01
4.48	 0.0109312	   8.13649	      0.01
4.49	 0.0109263	   8.13684	      0.01
4.5	 0.0109215	   8.13718	      0.01
4.51	 0.0109166	   8.13752	      0.01
4.52	  0.010912	   8.13787	      0.01
4.53	 0.0109074	   8.13821	      0.01
4.54	 0.0109027	   8.13856	      0.01
4.55	 0.0108981	    8.1389	      0.01
4.56	 0.0108934	   8.13923	      0.01
4.57	  0.010889	   8.13956	      0.01
4.58	 0.0108845	   8.13989	      0.01
4.59	 0.0108801	   8.14022	      0.01
4.6	 0.0108756	   8.14055	      0.01
4.61	 0.0108712	   8.14088	      0.01
4.62	 0.0108669	   8.14121	      0.01
4.63	 0.0108626	   8.14154	      0.01
4.64	 0.0108583	   8.14187	      0.01
4.65	 0.0108541	    8.1422	      0.01
4.66	 0.0108498	   8.14251	      0.01
4.67	 0.0108457	   8.14283	      0.01
4.68	 0.0108415	   8.14314	      0.01
4.69	 0.0108374	   8.14346	      0.01
4.7	 0.0108333	   8.14378	      0.01
4.71	 0.0108292	   8.14409	      0.01
4.72	 0.0108252	   8.14441	      0.01
4.73	 0.0108212	   8.14472	      0.01
4.74	 0.0108172	   8.14504	      0.01
4.75	 0.0108132	   8.14534	      0.01
4.76	 0.0108092	   8.14565	      0.01
4.77	 0.0108054	   8.14595	      0.01
4.78	 0.0108015	   8.14625	      0.01
4.79	 0.0107977	   8.14655	      0.01
4.8	 0.0107938	   8.14686	      0.01
4.81	 0.0107899	   8.14716	      0.01
4.82	 0.0107862	   8.14746	      0.01
4.83	 0.0107825	   8.14777	      0.01
4.84	 0.0107787	   8.14805	      0.01
4.85	  0.010775	   8.14834	      0.01
4.86	 0.0107713	   8.14863	      0.01
4.87	 0.0107676	   8.14892	      0.01
4.88	  0.010764	   8.14921	      0.01
4.89	 0.0107604	    8.1495	      0.01
4.9	 0.0107567	   8.14979	      0.01
4.91	 0.0107531	   8.15008	      0.01
4.92	 0.0107496	   8.15036	      0.01
4.93	 0.0107461	   8.15065	      0.01
4.94	 0.0107426	   8.15093	      0.01
4.95	  0.010739	    8.1512	      0.01
4.96	 0.0107355	   8.15147	      0.01
4.97	  0.010732	   8.15175	      0.01
4.98	 0.0107286	   8.15202	      0.01
4.99	 0.0107252	    8.1523	      0.01
5	 0.0107218	   8.15257	      0.01
5.01	 0.0107183	   8.15284	      0.01
5.02	 0.0107149	   8.15312	      0.01
5.03	 0.0107116	   8.15339	      0.01
5.04	 0.0107083	   8.15366	      0.01
5.05	 0.0107049	   8.15392	      0.01
5.06	 0.0107016	   8.15418	      0.01
5.07	 0.0106983	   8.15444	      0.01
5.08	  0.010695	    8.1547	      0.01
5.09	 0.0106918	   8.15496	      0.01
5.1	 0.0106885	   8.15522	      0.01
5.11	 0.0106853	   8.15547	      0.01
5.12	  0.010682	   8.15573	      0.01
5.13	 0.0106788	   8.15599	      0.01
5.14	 0.0106757	   8.15625	      0.01
5.15	 0.0106725	    8.1565	      0.01
5.16	 0.0106693	   8.15674	      0.01
5.17	 0.0106661	   8.15699	      0.01
5.18	  0.010663	   8.15723	      0.01
5.19	 0.0106599	   8.15748	      0.01
5.2	 0.0106568	   8.15772	      0.01
5.21	 0.0106537	   8.15797	      0.01
5.22	 0.0106506	   8.15821	      0.01
5.23	 0.0106476	   8.15846	      0.01
5.24	 0.0106446	    8.1587	      0.01
5.25	 0.0106415	   8.15893	      0.01
5.26	 0.0106385	   8.15917	      0.01
5.27	 0.0106355	    8.1594	      0.01
5.28	 0.0106325	   8.15963	      0.01
5.29	 0.0106296	   8.15986	      0.01
5.3	 0.0106266	   8.16009	      0.01
5.31	 0.0106236	   8.16033	      0.01
5.32	 0.0106207	   8.16056	      0.01
5.33	 0.0106178	   8.16079	      0.01
5.34	 0.0106149	   8.16102	      0.01
5.35	  0.010612	   8.16124	      0.01
5.36	 0.0106091	   8.16146	      0.01
5.37	 0.0106062	   8.16168	      0.01
5.38	 0.0106033	    8.1619	      0.01
5.39	 0.0106005	   8.16212	      0.01
5.4	 0.0105977	   8.16234	      0.01
5.41	 0.0105948	   8.16256	      0.01
5.42	  0.010592	   8.16277	      0.01
5.43	 0.0105892	   8.16299	      0.01
5.44	 0.0105864	   8.16321	      0.01
5.45	 0.0105836	   8.16342	      0.01
5.46	 0.0105809	   8.16363	      0.01
5.47	 0.0105781	   8.16383	      0.01
5.48	 0.0105754	   8.16404	      0.01
5.49	 0.0105727	   8.16424	      0.01
5.5	 0.0105699	   8.16445	      0.01
5.51	 0.0105672	   8.16466	      0.01
5.52	 0.0105645	   8.16486	      0.01
5.53	 0.0105618	   8.16507	      0.01
5.54	 0.0105592	   8.16528	      0.01
5.55	 0.0105565	   8.16548	      0.01
5.56	 0.0105538	   8.16568	      0.01
5.57	 0.0105512	   8.16587	      0.01
5.58	 0.0105486	   8.16606	      0.01
5.59	 0.0105459	   8.16626	      0.01
5.6	 0.0105433	   8.16645	      0.01
5.61	 0.0105407	   8.16664	      0.01
5.62	 0.0105381	   8.16684	      0.01
5.63	 0.0105356	   8.16703	      0.01
5.64	  0.010533	   8.16722	      0.01
5.65	 0.0105304	   8.16742	      0.01
5.66	 0.0105279	    8.1676	      0.01
5.67	 0.0105253	   8.16778	      0.01
5.68	 0.0105228	   8.16796	      0.01
5.69	 0.0105203	   8.16815	      0.01
5.7	 0.0105178	   8.16833	      0.01
5.71	 0.0105153	   8.16851	      0.01
5.72	 0.0105128	   8.16869	      0.01
5.73	 0.0105103	   8.16887	      0.01
5.74	 0.0105079	   8.16905	      0.01
5.75	 0.0105054	   8.16924	      0.01
5.76	  0.010503	   8.16942	      0.01
5.77	 0.0105005	   8.16958	      0.01
5.78	 0.0104981	   8.16975	      0.01
5.79	 0.0104957	   8.16992	      0.01
5.8	 0.0104933	   8.17009	      0.01
5.81	 0.0104909	   8.17026	      0.01
5.82	 0.0104885	   8.17042	      0.01
5.83	 0.0104861	   8.17059	      0.01
5.84	 0.0104837	   8.17076	      0.01
5.85	 0.0104814	   8.17093	      0.01
5.86	  0.010479	   8.17109	      0.01
5.87	 0.0104767	   8.17126	      0.01
5.88	 0.0104743	   8.17143	      0.01
5.89	  0.010472	    8.1716	      0.01
5.9	 0.0104697	   8.17176	      0.01
5.91	 0.0104674	   8.17192	      0.01
5.92	 0.0104651	   8.17207	      0.01
5.93	 0.0104628	   8.17223	      0.01
5.94	 0.0104605	   8.17238	      0.01
5.95	 0.0104582	   8.17254	      0.01
5.96	  0.010456	   8.17269	      0.01
5.97	 0.0104537	   8.17285	      0.01
5.98	 0.0104515	     8.173	      0.01
5.99	 0.0104492	   8.17316	      0.01
6	  0.010447	   8.17331	      0.01
6.01	 0.0104448	   8.17347	      0.01
6.02	 0.0104426	   8.17362	      0.01
6.03	 0.0104404	   8.17379	      0.01
6.04	 0.0104382	   8.17395	      0.01
6.05	 0.0104361	   8.17411	      0.01
6.06	 0.0104339	   8.17428	      0.01
6.07	 0.0104319	   8.17444	      0.01
6.08	 0.0104298	   8.17461	      0.01
6.09	 0.0104278	   8.17478	      0.01
6.1	 0.0104258	   8.17495	      0.01
6.11	 0.0104237	   8.17512	      0.01
6.12	 0.0104217	   8.17529	      0.01
6.13	 0.0104197	   8.17546	      0.01
6.14	 0.0104177	    8.1756	      0.01
6.15	 0.0104156	   8.17574	      0.01
6.16	 0.0104136	   8.17589	      0.01
6.17	 0.0104117	   8.17603	      0.01
6.18	 0.0104097	   8.17617	      0.01
6.19	 0.0104077	   8.17632	      0.01
6.2	 0.0104057	   8.17646	      0.01
6.21	 0.0104037	    8.1766	      0.01
6.22	 0.0104017	   8.17673	      0.01
6.23	 0.0103998	   8.17686	      0.01
6.24	 0.0103978	   8.17698	      0.01
6.25	 0.0103959	   8.17711	      0.01
6.26	 0.0103939	   8.17724	      0.01
6.27	  0.010392	   8.17736	      0.01
6.28	   0.01039	   8.17749	      0.01
6.29	 0.0103881	   8.17762	      0.01
6.3	 0.0103861	   8.17774	      0.01
6.31	 0.0103842	   8.17787	      0.01
6.32	 0.0103823	     8.178	      0.01
6.33	 0.0103804	   8.17812	      0.01
6.34	 0.0103785	   8.17825	      0.01
6.35	 0.0103766	   8.17838	      0.01
6.36	 0.0103747	   8.17849	      0.01
6.37	 0.0103728	    8.1786	      0.01
6.38	 0.0103709	   8.17871	      0.01
6.39	  0.010369	   8.17883	      0.01
6.4	 0.0103671	   8.17894	      0.01
6.41	 0.0103653	   8.17905	      0.01
6.42	 0.0103634	   8.17916	      0.01
6.43	 0.0103615	   8.17928	      0.01
6.44	 0.0103597	   8.17939	      0.01
6.45	 0.0103578	    8.1795	      0.01
6.46	  0.010356	   8.17961	      0.01
6.47	 0.0103541	   8.17973	      0.01
6.48	 0.0103523	   8.17984	      0.01
6.49	 0.0103505	   8.17994	      0.01
6.5	 0.0103487	   8.18004	      0.01
6.51	 0.0103468	   8.18014	      0.01
6.52	  0.010345	   8.18024	      0.01
6.53	 0.0103432	   8.18034	      0.01
6.54	 0.0103414	   8.18044	      0.01
6.55	 0.0103396	   8.18054	      0.01
6.56	 0.0103378	   8.18064	      0.01
6.57	 0.0103361	   8.18074	      0.01
6.58	 0.0103343	   8.18084	      0.01
6.59	 0.0103325	   8.18095	      0.01
6.6	 0.0103307	   8.18105	      0.01
6.61	  0.010329	   8.18115	      0.01
6.62	 0.0103272	   8.18123	      0.01
6.63	 0.0103255	   8.18132	      0.01
6.64	 0.0103237	   8.18141	      0.01
6.65	  0.010322	    8.1815	      0.01
6.66	 0.0103202	   8.18159	      0.01
6.67	 0.0103185	   8.18168	      0.01
6.68	 0.0103168	   8.18176	      0.01
6.69	 0.0103151	   8.18185	      0.01
6.7	 0.0103134	   8.18194	      0.01
6.71	 0.0103117	   8.18203	      0.01
6.72	   0.01031	   8.18212	      0.01
6.73	 0.0103082	    8.1822	      0.01
6.74	 0.0103066	   8.18229	      0.01
6.75	 0.0103049	   8.18238	      0.01
6.76	 0.0103032	   8.18247	      0.01
6.77	 0.0103015	   8.18256	      0.01
6.78	 0.0102999	   8.18263	      0.01
6.79	 0.0102982	   8.18271	      0.01
6.8	 0.0102966	   8.18279	      0.01
6.81	 0.0102949	   8.18286	      0.01
6.82	 0.0102933	   8.18294	      0.01
6.83	 0.0102916	   8.18302	      0.01
6.84	   0.01029	   8.18309	      0.01
6.85	 0.0102884	   8.18317	      0.01
6.86	 0.0102868	   8.18325	      0.01
6.87	 0.0102852	   8.18332	      0.01
6.88	 0.0102835	    8.1834	      0.01
6.89	  0.010282	   8.18348	      0.01
6.9	 0.0102804	   8.18355	      0.01
6.91	 0.0102788	   8.18363	      0.01
6.92	 0.0102772	   8.18371	      0.01
6.93	 0.0102756	   8.18378	      0.01
6.94	 0.0102741	   8.18385	      0.01
6.95	 0.0102725	   8.18392	      0.01
6.96	  0.010271	   8.18398	      0.01
6.97	 0.0102694	   8.18405	      0.01
6.98	 0.0102678	   8.18412	      0.01
6.99	 0.0102663	   8.18418	      0.01
7	 0.0102648	   8.18425	      0.01
7.01	 0.0102633	   8.18432	      0.01
7.02	 0.0102618	   8.18438	      0.01
7.03	 0.0102602	   8.18445	      0.01
7.04	 0.0102587	   8.18452	      0.01
7.05	 0.0102572	   8.18458	      0.01
7.06	 0.0102558	   8.18465	      0.01
7.07	 0.0102543	   8.18472	      0.01
7.08	 0.0102528	   8.18478	      0.01
7.09	 0.0102513	   8.18485	      0.01
7.1	 0.0102499	   8.18492	      0.01
7.11	 0.0102484	   8.18498	      0.01
7.12	 0.0102469	   8.18503	      0.01
7.13	 0.0102455	   8.18509	      0.01
7.14	 0.0102441	   8.18515	      0.01
7.15	 0.0102426	   8.18521	      0.01
7.16	 0.0102412	   8.18526	      0.01
7.17	 0.0102398	   8.18532	      0.01
7.18	 0.0102384	   8.18538	      0.01
7.19	  0.010237	   8.18544	      0.01
7.2	 0.0102356	    8.1855	      0.01
7.21	 0.0102342	   8.18555	      0.01
7.22	 0.0102328	   8.18561	      0.01
7.23	 0.0102314	   8.18567	      0.01
7.24	   0.01023	   8.18573	      0.01
7.25	 0.0102287	   8.18578	      0.01
7.26	 0.0102273	   8.18584	      0.01
7.27	  0.010226	    8.1859	      0.01
7.28	 0.0102246	   8.18596	      0.01
7.29	 0.0102233	   8.18602	      0.01
7.3	 0.0102219	   8.18607	      0.01
7.31	 0.0102206	   8.18612	      0.01
7.32	 0.0102193	   8.18617	      0.01
7.33	  0.010218	   8.18622	      0.01
7.34	 0.0102167	   8.18627	      0.01
7.35	 0.0102154	   8.18632	      0.01
7.36	 0.0102141	   8.18637	      0.01
7.37	 0.0102128	   8.18642	      0.01
7.38	 0.0102115	   8.18647	      0.01
7.39	 0.0102103	   8.18652	      0.01
7.4	  0.010209	   8.18657	      0.01
7.41	 0.0102077	   8.18662	      0.01
7.42	 0.0102065	   8.18667	      0.01
7.43	 0.0102052	   8.18672	      0.01
7.44	  0.010204	   8.18677	      0.01
7.45	 0.0102028	   8.18682	      0.01
7.46	 0.0102015	   8.18687	      0.01
7.47	 0.0102003	   8.18692	      0.01
7.48	 0.0101991	   8.18697	      0.01
7.49	 0.0101979	   8.18702	      0.01
7.5	 0.0101967	   8.18707	      0.01
7.51	 0.0101955	   8.18712	      0.01
7.52	 0.0101943	   8.18717	      0.01
7.53	 0.0101931	   8.18721	      0.01
7.54	  0.010192	   8.18726	      0.01
7.55	 0.0101908	    8.1873	      0.01
7.56	 0.0101897	   8.18734	      0.01
7.57	 0.0101885	   8.18739	      0.01
7.58	 0.0101873	   8.18743	      0.01
7.59	 0.0101862	   8.18747	      0.01
7.6	 0.0101851	   8.18752	      0.01
7.61	  0.010184	   8.18756	      0.01
7.62	 0.0101828	    8.1876	      0.01
7.63	 0.0101817	   8.18764	      0.01
7.64	 0.0101806	   8.18769	      0.01
7.65	 0.0101795	   8.18773	      0.01
7.66	 0.0101784	   8.18777	      0.01
7.67	 0.0101773	   8.18782	      0.01
7.68	 0.0101762	   8.18786	      0.01
7.69	 0.0101752	    8.1879	      0.01
7.7	 0.0101741	   8.18795	      0.01
7.71	  0.010173	   8.18799	      0.01
7.72	  0.010172	   8.18803	      0.01
7.73	 0.0101709	   8.18807	      0.01
7.74	 0.0101699	   8.18812	      0.01
7.75	 0.0101688	   8.18816	      0.01
7.76	 0.0101678	    8.1882	      0.01
7.77	 0.0101668	   8.18825	      0.01
7.78	 0.0101658	   8.18828	      0.01
7.79	 0.0101648	   8.18832	      0.01
7.8	 0.0101637	   8.18836	      0.01
7.81	 0.0101627	   8.18839	      0.01
7.82	 0.0101617	   8.18843	      0.01
7.83	 0.0101607	   8.18847	      0.01
7.84	 0.0101598	   8.18851	      0.01
7.85	 0.0101588	   8.18854	      0.01
7.86	 0.0101578	   8.18858	      0.01
7.87	 0.0101569	   8.18862	      0.01
7.88	 0.0101559	   8.18865	      0.01
7.89	 0.0101549	   8.18869	      0.01
7.9	  0.010154	   8.18873	      0.01
7.91	 0.0101531	   8.18876	      0.01
7.92	 0.0101521	    8.1888	      0.01
7.93	 0.0101512	   8.18884	      0.01
7.94	 0.0101503	   8.18887	      0.01
7.95	 0.0101493	   8.18891	      0.01
7.96	 0.0101484	   8.18895	      0.01
7.97	 0.0101475	   8.18898	      0.01
7.98	 0.0101466	   8.18902	      0.01
7.99	 0.0101457	   8.18906	      0.01
8	 0.0101448	    8.1891	      0.01
8.01	 0.0101439	   8.18913	      0.01
8.02	 0.0101431	   8.18917	      0.01
8.03	 0.0101422	   8.18921	      0.01
8.04	 0.0101413	   8.18924	      0.01
8.05	 0.0101404	   8.18928	      0.01
8.06	 0.0101396	   8.18931	      0.01
8.07	 0.0101387	   8.18934	      0.01
8.08	 0.0101379	   8.18937	      0.01
8.09	  0.010137	   8.18941	      0.01
8.1	 0.0101362	   8.18944	      0.01
8.11	 0.0101354	   8.18947	      0.01
8.12	 0.0101345	    8.1895	      0.01
8.13	 0.0101337	   8.18953	      0.01
8.14	 0.0101329	   8.18956	      0.01
8.15	 0.0101321	   8.18959	      0.01
8.16	 0.0101313	   8.18962	      0.01
8.17	 0.0101305	   8.18965	      0.01
8.18	 0.0101297	   8.18969	      0.01
8.19	 0.0101289	   8.18972	      0.01
8.2	 0.0101281	   8.18975	      0.01
8.21	 0.0101273	   8.18978	      0.01
8.22	 0.0101265	   8.18981	      0.01
8.23	 0.0101258	   8.18984	      0.01
8.24	  0.010125	   8.18987	      0.01
8.25	 0.0101242	    8.1899	      0.01
8.26	 0.0101235	   8.18994	      0.01
8.27	 0.0101227	   8.18997	      0.01
8.28	  0.010122	      8.19	      0.01
8.29	 0.0101212	   8.19003	      0.01
8.3	 0.0101205	   8.19006	      0.01
8.31	 0.0101198	   8.19009	      0.01
8.32	  0.010119	   8.19012	      0.01
8.33	 0.0101183	   8.19015	      0.01
8.34	 0.0101176	   8.19019	      0.01
8.35	 0.0101169	   8.19022	      0.01
8.36	 0.0101162	   8.19025	      0.01
8.37	 0.0101154	   8.19027	      0.01
8.38	 0.0101147	    8.1903	      0.01
8.39	  0.010114	   8.19033	      0.01
8.4	 0.0101133	   8.19035	      0.01
8.41	 0.0101127	   8.19038	      0.01
8.42	  0.010112	    8.1904	      0.01
8.43	 0.0101113	   8.19043	      0.01
8.44	 0.0101106	   8.19046	      0.01
8.45	 0.0101099	   8.19048	      0.01
8.46	 0.0101093	   8.19051	      0.01
8.47	 0.0101086	   8.19053	      0.01
8.48	  0.010108	   8.19056	      0.01
8.49	 0.0101073	   8.19059	      0.01
8.5	 0.0101067	   8.19061	      0.01
8.51	  0.010106	   8.19064	      0.01
8.52	 0.0101053	   8.19067	      0.01
8.53	 0.0101047	   8.19069	      0.01
8.54	 0.0101041	   8.19072	      0.01
8.55	 0.0101035	   8.19074	      0.01
8.56	 0.0101028	   8.19077	      0.01
8.57	 0.0101022	    8.1908	      0.01
8.58	 0.0101016	   8.19082	      0.01
8.59	  0.010101	   8.19085	      0.01
8.6	 0.0101003	   8.19087	      0.01
8.61	 0.0100997	    8.1909	      0.01
8.62	 0.0100991	   8.19093	      0.01
8.63	 0.0100985	   8.19095	      0.01
8.64	  0.010098	   8.19098	      0.01
8.65	 0.0100974	     8.191	      0.01
8.66	 0.0100968	   8.19103	      0.01
8.67	 0.0100962	   8.19106	      0.01
8.68	 0.0100956	   8.19108	      0.01
8.69	  0.010095	   8.19111	      0.01
8.7	 0.0100944	   8.19113	      0.01
8.71	 0.0100939	   8.19116	      0.01
8.72	 0.0100933	   8.19118	      0.01
8.73	 0.0100927	    8.1912	      0.01
8.74	 0.0100922	   8.19122	      0.01
8.75	 0.0100916	   8.19124	      0.01
8.76	  0.010091	   8.19126	      0.01
8.77	 0.0100905	   8.19128	      0.01
8.78	   0.01009	    8.1913	      0.01
8.79	 0.0100894	   8.19133	      0.01
8.8	 0.0100889	   8.19135	      0.01
8.81	 0.0100883	   8.19137	      0.01
8.82	 0.0100878	   8.19139	      0.01
8.83	 0.0100873	   8.19141	      0.01
8.84	 0.0100867	   8.19143	      0.01
8.85	 0.0100862	   8.19145	      0.01
8.86	 0.0100857	   8.19147	      0.01
8.87	 0.0100852	    8.1915	      0.01
8.88	 0.0100847	   8.19152	      0.01
8.89	 0.0100842	   8.19154	      0.01
8.9	 0.0100836	   8.19156	      0.01
8.91	 0.0100831	   8.19158	      0.01
8.92	 0.0100827	    8.1916	      0.01
8.93	 0.0100822	   8.19162	      0.01
8.94	 0.0100817	   8.19164	      0.01
8.95	 0.0100812	   8.19167	      0.01
8.96	 0.0100807	   8.19169	      0.01
8.97	 0.0100802	   8.19171	      0.01
8.98	 0.0100797	   8.19173	      0.01
8.99	 0.0100792	   8.19175	      0.01
9	 0.0100788	   8.19177	      0.01
9.01	 0.0100783	   8.19179	      0.01
9.02	 0.0100778	   8.19182	      0.01
9.03	 0.0100773	   8.19184	      0.01
9.04	 0.0100769	   8.19186	      0.01
9.05	 0.0100764	   8.19188	      0.01
9.06	 0.0100759	    8.1919	      0.01
9.07	 0.0100755	   8.19192	      0.01
9.08	  0.010075	   8.19194	      0.01
9.09	 0.0100746	   8.19196	      0.01
9.1	 0.0100742	   8.19197	      0.01
9.11	 0.0100737	   8.19199	      0.01
9.12	 0.0100733	   8.19201	      0.01
9.13	 0.0100728	   8.19202	      0.01
9.14	 0.0100724	   8.19204	      0.01
9.15	 0.0100719	   8.19206	      0.01
9.16	 0.0100715	   8.19208	      0.01
9.17	 0.0100711	   8.19209	      0.01
9.18	 0.0100707	   8.19211	      0.01
9.19	 0.0100702	   8.19213	      0.01
9.2	 0.0100698	   8.19214	      0.01
9.21	 0.0100694	   8.19216	      0.01
9.22	  0.010069	   8.19218	      0.01
9.23	 0.0100686	   8.19219	      0.01
9.24	 0.0100682	   8.19221	      0.01
9.25	 0.0100677	   8.19223	      0.01
9.26	 0.0100673	   8.19225	      0.01
9.27	 0.0100669	   8.19226	      0.01
9.28	 0.0100665	   8.19228	      0.01
9.29	 0.0100661	    8.1923	      0.01
9.3	 0.0100658	   8.19231	      0.01
9.31	 0.0100654	   8.19233	      0.01
9.32	  0.010065	   8.19235	      0.01
9.33	 0.0100646	   8.19237	      0.01
9.34	 0.0100642	   8.19238	      0.01
9.35	 0.0100638	    8.1924	      0.01
9.36	 0.0100634	   8.19242	      0.01
9.37	  0.010063	   8.19243	      0.01
9.38	 0.0100627	   8.19245	      0.01
9.39	 0.0100623	   8.19247	      0.01
9.4	 0.0100619	   8.19248	      0.01
9.41	 0.0100616	    8.1925	      0.01
9.42	 0.0100612	   8.19252	      0.01
9.43	 0.0100608	   8.19254	      0.01
9.44	 0.0100605	   8.19255	      0.01
9.45	 0.0100601	   8.19257	      0.01
9.46	 0.0100597	   8.19259	      0.01
9.47	 0.0100594	    8.1926	      0.01
9.48	  0.010059	   8.19262	      0.01
9.49	 0.0100587	   8.19263	      0.01
9.5	 0.0100583	   8.19265	      0.01
9.51	  0.010058	   8.19266	      0.01
9.52	 0.0100576	   8.19267	      0.01
9.53	 0.0100573	   8.19269	      0.01
9.54	 0.0100569	    8.1927	      0.01
9.55	 0.0100566	   8.19271	      0.01
9.56	 0.0100563	   8.19273	      0.01
9.57	 0.0100559	   8.19274	      0.01
9.58	 0.0100556	   8.19275	      0.01
9.59	 0.0100553	   8.19277	      0.01
9.6	 0.0100549	   8.19278	      0.01
9.61	 0.0100546	   8.19279	      0.01
9.62	 0.0100543	   8.19281	      0.01
9.63	  0.010054	   8.19282	      0.01
9.64	 0.0100536	   8.19283	      0.01
9.65	 0.0100533	   8.19285	      0.01
9.66	  0.010053	   8.19286	      0.01
9.67	 0.0100527	   8.19287	      0.01
9.68	 0.0100524	   8.19289	      0.01
9.69	 0.0100521	    8.1929	      0.01
9.7	 0.0100517	   8.19291	      0.01
9.71	 0.0100514	   8.19293	      0.01
9.72	 0.0100511	   8.19294	      0.01
9.73	 0.0100508	   8.19295	      0.01
9.74	 0.0100505	   8.19297	      0.01
9.75	 0.0100502	   8.19298	      0.01
9.76	 0.0100499	   8.19299	      0.01
9.77	 0.0100496	   8.19301	      0.01
9.78	 0.0100493	   8.19302	      0.01
9.79	  0.010049	   8.19303	      0.01
9.8	 0.0100487	   8.19305	      0.01
9.81	 0.0100485	   8.19306	      0.01
9.82	 0.0100482	   8.19307	      0.01
9.83	 0.0100479	   8.19309	      0.01
9.84	 0.0100476	    8.1931	      0.01
9.85	 0.0100473	   8.19311	      0.01
9.86	  0.010047	   8.19313	      0.01
9.87	 0.0100467	   8.19314	      0.01
9.88	 0.0100465	   8.19315	      0.01
9.89	 0.0100462	   8.19317	      0.01
9.9	 0.0100459	   8.19318	      0.01
9.91	 0.0100457	   8.19319	      0.01
9.92	 0.0100454	   8.19321	      0.01
9.93	 0.0100451	   8.19322	      0.01
9.94	 0.0100449	   8.19323	      0.01
9.95	 0.0100446	   8.19324	      0.01
9.96	 0.0100443	   8.19326	      0.01
9.97	  0.010044	   8.19327	      0.01
9.98	 0.0100438	   8.19328	      0.01
9.99	 0.0100435	   8.19329	      0.01
10	 0.0100433	    8.1933	      0.01
