Time	PV	OP	SP
         0	 0.0100716	   7.42529	      0.01
      0.01	 0.0100715	   7.42533	      0.01
      0.02	 0.0100714	   7.42537	      0.01
      0.03	 0.0100713	   7.42542	      0.01
      0.04	 0.0100712	   7.42546	      0.01
      0.05	 0.0100711	    7.4255	      0.01
      0.06	  0.010071	   7.42555	      0.01
      0.07	 0.0100709	   7.42559	      0.01
      0.08	 0.0100708	   7.42563	      0.01
      0.09	 0.0100707	   7.42568	      0.01
       0.1	 0.0100706	   7.42572	      0.01
      0.11	 0.0100705	   7.42576	      0.01
      0.12	 0.0100704	   7.42581	      0.01
      0.13	 0.0100703	   7.42585	      0.01
      0.14	 0.0100701	   7.42589	      0.01
      0.15	   0.01007	   7.42594	      0.01
      0.16	 0.0100699	   7.42598	      0.01
      0.17	 0.0100698	   7.42602	      0.01
      0.18	 0.0100697	   7.42607	      0.01
      0.19	 0.0100695	   7.42611	      0.01
       0.2	 0.0100694	   7.42615	      0.01
      0.21	 0.0100693	   7.42619	      0.01
      0.22	 0.0100691	   7.42622	      0.01
      0.23	  0.010069	   7.42626	      0.01
      0.24	 0.0100688	    7.4263	      0.01
      0.25	 0.0100687	   7.42634	      0.01
      0.26	 0.0100686	   7.42637	      0.01
      0.27	 0.0100684	   7.42641	      0.01
      0.28	 0.0100683	   7.42645	      0.01
      0.29	 0.0100681	   7.42648	      0.01
       0.3	  0.010068	   7.42652	      0.01
      0.31	 0.0100678	   7.42656	      0.01
      0.32	 0.0100676	    7.4266	      0.01
      0.33	 0.0100675	   7.42663	      0.01
      0.34	 0.0100673	   7.42667	      0.01
      0.35	 0.0100672	   7.42671	      0.01
      0.36	  0.010067	   7.42675	      0.01
      0.37	 0.0100668	   7.42678	      0.01
      0.38	 0.0100667	   7.42682	      0.01
      0.39	 0.0100665	   7.42686	      0.01
       0.4	 0.0100664	   7.42689	      0.01
      0.41	 0.0100662	   7.42693	      0.01
      0.42	  0.010066	   7.42696	      0.01
      0.43	 0.0100658	   7.42699	      0.01
      0.44	 0.0100656	   7.42703	      0.01
      0.45	 0.0100655	   7.42706	      0.01
      0.46	 0.0100653	   7.42709	      0.01
      0.47	 0.0100651	   7.42712	      0.01
      0.48	 0.0100649	   7.42715	      0.01
      0.49	 0.0100648	   7.42718	      0.01
       0.5	 0.0100646	   7.42721	      0.01
      0.51	 0.0100644	   7.42724	      0.01
      0.52	 0.0100642	   7.42728	      0.01
      0.53	  0.010064	   7.42731	      0.01
      0.54	 0.0100638	   7.42734	      0.01
      0.55	 0.0100636	   7.42737	      0.01
      0.56	 0.0100635	    7.4274	      0.01
      0.57	 0.0100633	   7.42743	      0.01
      0.58	 0.0100631	   7.42746	      0.01
      0.59	 0.0100629	   7.42749	      0.01
       0.6	 0.0100627	   7.42753	      0.01
      0.61	 0.0100625	   7.42756	      0.01
      0.62	 0.0100623	   7.42759	      0.01
      0.63	 0.0100621	   7.42762	      0.01
      0.64	 0.0100619	   7.42765	      0.01
      0.65	 0.0100617	   7.42768	      0.01
      0.66	 0.0100615	   7.42771	      0.01
      0.67	 0.0100613	   7.42774	      0.01
      0.68	 0.0100611	   7.42777	      0.01
      0.69	 0.0100609	    7.4278	      0.01
       0.7	 0.0100607	   7.42782	      0.01
      0.71	 0.0100605	   7.42785	      0.01
      0.72	 0.0100603	   7.42787	      0.01
      0.73	 0.0100601	    7.4279	      0.01
      0.74	 0.0100599	   7.42792	      0.01
      0.75	 0.0100597	   7.42795	      0.01
      0.76	 0.0100595	   7.42798	      0.01
      0.77	 0.0100593	     7.428	      0.01
      0.78	 0.0100591	   7.42803	      0.01
      0.79	 0.0100589	   7.42805	      0.01
       0.8	 0.0100587	   7.42808	      0.01
      0.81	 0.0100585	    7.4281	      0.01
      0.82	 0.0100583	   7.42813	      0.01
      0.83	  0.010058	   7.42816	      0.01
      0.84	 0.0100578	   7.42818	      0.01
      0.85	 0.0100576	   7.42821	      0.01
      0.86	 0.0100574	   7.42823	      0.01
      0.87	 0.0100572	   7.42826	      0.01
      0.88	  0.010057	   7.42828	      0.01
      0.89	 0.0100568	   7.42831	      0.01
       0.9	 0.0100566	   7.42833	      0.01
      0.91	 0.0100564	   7.42836	      0.01
      0.92	 0.0100561	   7.42839	      0.01
      0.93	 0.0100559	   7.42841	      0.01
      0.94	 0.0100557	   7.42844	      0.01
      0.95	 0.0100555	   7.42846	      0.01
      0.96	 0.0100553	   7.42849	      0.01
      0.97	 0.0100551	   7.42851	      0.01
      0.98	 0.0100549	   7.42853	      0.01
      0.99	 0.0100547	   7.42855	      0.01
         1	 0.0100544	   7.42857	      0.01
      1.01	 0.0100542	   7.42858	      0.01
      1.02	  0.010054	    7.4286	      0.01
      1.03	 0.0100536	   7.42849	      0.01
      1.04	 0.0100529	   7.42814	      0.01
      1.05	 0.0100515	   7.42734	      0.01
      1.06	 0.0100492	   7.42603	      0.01
      1.07	 0.0100455	   7.42406	      0.01
      1.08	   0.01004	   7.42121	      0.01
      1.09	 0.0100325	   7.41753	      0.01
       1.1	 0.0100226	   7.41293	      0.01
      1.11	 0.0100103	   7.40746	      0.01
      1.12	0.00999465	   7.40094	      0.01
      1.13	0.00997566	   7.39344	      0.01
      1.14	0.00995344	   7.38509	      0.01
      1.15	0.00992736	   7.37585	      0.01
      1.16	 0.0098976	    7.3659	      0.01
      1.17	 0.0098641	   7.35537	      0.01
      1.18	 0.0098272	   7.34446	      0.01
      1.19	0.00978726	   7.33334	      0.01
       1.2	0.00974435	   7.32223	      0.01
      1.21	0.00969903	   7.31111	      0.01
      1.22	0.00965116	    7.3003	      0.01
      1.23	0.00960137	   7.28979	      0.01
      1.24	0.00955003	   7.27962	      0.01
      1.25	0.00949737	   7.26981	      0.01
      1.26	0.00944367	   7.26033	      0.01
      1.27	0.00938903	   7.25121	      0.01
      1.28	0.00933363	   7.24243	      0.01
      1.29	0.00927774	   7.23393	      0.01
       1.3	0.00922144	    7.2257	      0.01
      1.31	0.00916488	   7.21772	      0.01
      1.32	0.00910832	   7.21003	      0.01
      1.33	0.00905178	   7.20258	      0.01
      1.34	0.00899551	   7.19544	      0.01
      1.35	0.00893956	   7.18855	      0.01
      1.36	0.00888423	   7.18199	      0.01
      1.37	0.00882949	   7.17567	      0.01
      1.38	0.00877548	   7.16961	      0.01
      1.39	0.00872212	   7.16373	      0.01
       1.4	0.00866973	   7.15809	      0.01
      1.41	0.00861827	   7.15262	      0.01
      1.42	0.00856746	   7.14725	      0.01
      1.43	0.00851769	   7.14203	      0.01
      1.44	0.00846893	   7.13694	      0.01
      1.45	0.00842069	   7.13186	      0.01
      1.46	0.00837395	   7.12694	      0.01
      1.47	0.00832739	   7.12203	      0.01
      1.48	0.00828259	   7.11727	      0.01
      1.49	0.00823779	   7.11252	      0.01
       1.5	0.00819481	    7.1079	      0.01
      1.51	0.00815183	   7.10328	      0.01
      1.52	0.00811073	    7.0988	      0.01
      1.53	0.00806974	   7.09432	      0.01
      1.54	0.00803021	   7.08996	      0.01
      1.55	0.00799131	   7.08559	      0.01
      1.56	  0.007953	   7.08128	      0.01
      1.57	0.00791627	   7.07706	      0.01
      1.58	0.00787954	   7.07284	      0.01
      1.59	0.00784435	   7.06872	      0.01
       1.6	0.00780987	    7.0646	      0.01
      1.61	0.00777539	    7.0605	      0.01
      1.62	0.00774306	   7.05653	      0.01
      1.63	0.00771091	   7.05256	      0.01
      1.64	0.00767876	   7.04859	      0.01
      1.65	0.00764894	   7.04477	      0.01
      1.66	0.00761912	   7.04094	      0.01
      1.67	 0.0075893	   7.03712	      0.01
      1.68	0.00756185	   7.03346	      0.01
      1.69	 0.0075344	    7.0298	      0.01
       1.7	0.00750694	   7.02614	      0.01
      1.71	0.00748169	   7.02266	      0.01
      1.72	0.00745665	   7.01917	      0.01
      1.73	 0.0074316	   7.01569	      0.01
      1.74	 0.0074084	   7.01238	      0.01
      1.75	0.00738577	   7.00908	      0.01
      1.76	0.00736315	    7.0058	      0.01
      1.77	0.00734179	   7.00263	      0.01
      1.78	0.00732136	   6.99954	      0.01
      1.79	0.00730093	   6.99645	      0.01
       1.8	0.00728229	   6.99356	      0.01
      1.81	0.00726436	   6.99066	      0.01
      1.82	0.00724644	    6.9878	      0.01
      1.83	0.00722951	   6.98504	      0.01
      1.84	0.00721387	    6.9824	      0.01
      1.85	0.00719823	   6.97976	      0.01
      1.86	0.00718383	   6.97724	      0.01
      1.87	0.00717074	   6.97487	      0.01
      1.88	0.00715765	    6.9725	      0.01
      1.89	0.00714503	   6.97013	      0.01
       1.9	0.00713425	     6.968	      0.01
      1.91	0.00712347	   6.96588	      0.01
      1.92	0.00711333	   6.96375	      0.01
      1.93	0.00710512	   6.96186	      0.01
      1.94	0.00709692	   6.95997	      0.01
      1.95	0.00708871	   6.95809	      0.01
      1.96	0.00708271	   6.95643	      0.01
      1.97	0.00707682	   6.95478	      0.01
      1.98	0.00707093	   6.95313	      0.01
      1.99	0.00706762	   6.95175	      0.01
         2	0.00706431	   6.95036	      0.01
      2.01	0.00706102	   6.94898	      0.01
      2.02	0.00705914	   6.94774	      0.01
      2.03	0.00705815	   6.94659	      0.01
      2.04	0.00705717	   6.94544	      0.01
      2.05	0.00705767	   6.94443	      0.01
      2.06	0.00705929	   6.94355	      0.01
      2.07	0.00706091	   6.94266	      0.01
      2.08	0.00706263	   6.94177	      0.01
      2.09	 0.0070665	   6.94109	      0.01
       2.1	0.00707037	   6.94041	      0.01
      2.11	0.00707424	   6.93973	      0.01
      2.12	0.00708031	   6.93927	      0.01
      2.13	0.00708672	   6.93882	      0.01
      2.14	0.00709313	   6.93837	      0.01
      2.15	0.00709976	   6.93794	      0.01
      2.16	0.00710857	   6.93771	      0.01
      2.17	0.00711738	   6.93747	      0.01
      2.18	0.00712619	   6.93724	      0.01
      2.19	0.00713548	     6.937	      0.01
       2.2	0.00714657	   6.93694	      0.01
      2.21	0.00715767	   6.93687	      0.01
      2.22	0.00716876	    6.9368	      0.01
      2.23	0.00718005	   6.93674	      0.01
      2.24	0.00719323	   6.93681	      0.01
      2.25	 0.0072064	   6.93689	      0.01
      2.26	0.00721958	   6.93697	      0.01
      2.27	0.00723275	   6.93705	      0.01
      2.28	0.00724718	   6.93712	      0.01
      2.29	 0.0072621	   6.93728	      0.01
       2.3	0.00727702	   6.93744	      0.01
      2.31	0.00729195	    6.9376	      0.01
      2.32	0.00730712	   6.93775	      0.01
      2.33	0.00732337	   6.93791	      0.01
      2.34	0.00733963	   6.93809	      0.01
      2.35	0.00735589	   6.93826	      0.01
      2.36	0.00737215	   6.93844	      0.01
      2.37	0.00738894	   6.93861	      0.01
      2.38	0.00740605	   6.93879	      0.01
      2.39	0.00742316	   6.93897	      0.01
       2.4	0.00744026	   6.93914	      0.01
      2.41	0.00745767	   6.93932	      0.01
      2.42	0.00747536	   6.93945	      0.01
      2.43	0.00749305	   6.93959	      0.01
      2.44	0.00751073	   6.93972	      0.01
      2.45	0.00752842	   6.93985	      0.01
      2.46	0.00754633	   6.93999	      0.01
      2.47	0.00756423	   6.94006	      0.01
      2.48	0.00758213	   6.94014	      0.01
      2.49	0.00760003	   6.94021	      0.01
       2.5	0.00761794	   6.94028	      0.01
      2.51	0.00763584	    6.9403	      0.01
      2.52	0.00765374	   6.94032	      0.01
      2.53	0.00767164	   6.94034	      0.01
      2.54	0.00768937	   6.94036	      0.01
      2.55	0.00770709	   6.94031	      0.01
      2.56	0.00772479	   6.94026	      0.01
      2.57	 0.0077425	   6.94021	      0.01
      2.58	0.00775985	   6.94017	      0.01
      2.59	0.00777721	   6.94006	      0.01
       2.6	0.00779457	   6.93996	      0.01
      2.61	0.00781193	   6.93986	      0.01
      2.62	0.00782888	   6.93976	      0.01
      2.63	0.00784583	    6.9396	      0.01
      2.64	0.00786278	   6.93944	      0.01
      2.65	0.00787958	   6.93929	      0.01
      2.66	0.00789599	   6.93913	      0.01
      2.67	0.00791241	   6.93893	      0.01
      2.68	0.00792882	   6.93874	      0.01
      2.69	0.00794513	   6.93854	      0.01
       2.7	0.00796102	   6.93834	      0.01
      2.71	 0.0079769	    6.9381	      0.01
      2.72	0.00799279	   6.93787	      0.01
      2.73	0.00800834	   6.93763	      0.01
      2.74	 0.0080236	   6.93739	      0.01
      2.75	0.00803887	   6.93715	      0.01
      2.76	0.00805413	   6.93689	      0.01
      2.77	0.00806925	   6.93663	      0.01
      2.78	0.00808394	   6.93636	      0.01
      2.79	0.00809862	    6.9361	      0.01
       2.8	0.00811331	   6.93582	      0.01
      2.81	0.00812774	   6.93553	      0.01
      2.82	0.00814173	   6.93525	      0.01
      2.83	0.00815573	   6.93496	      0.01
      2.84	0.00816972	   6.93468	      0.01
      2.85	0.00818372	    6.9344	      0.01
      2.86	0.00819738	    6.9341	      0.01
      2.87	0.00821077	    6.9338	      0.01
      2.88	0.00822416	    6.9335	      0.01
      2.89	0.00823755	    6.9332	      0.01
       2.9	0.00825078	    6.9329	      0.01
      2.91	0.00826352	    6.9326	      0.01
      2.92	0.00827625	    6.9323	      0.01
      2.93	0.00828898	     6.932	      0.01
      2.94	0.00830172	    6.9317	      0.01
      2.95	 0.0083143	    6.9314	      0.01
      2.96	0.00832642	    6.9311	      0.01
      2.97	0.00833854	    6.9308	      0.01
      2.98	0.00835066	    6.9305	      0.01
      2.99	0.00836277	   6.93021	      0.01
         3	0.00837476	   6.92991	      0.01
      3.01	 0.0083863	   6.92961	      0.01
      3.02	0.00839784	   6.92931	      0.01
      3.03	0.00840938	   6.92901	      0.01
      3.04	0.00842092	   6.92871	      0.01
      3.05	0.00843234	   6.92841	      0.01
      3.06	0.00844335	   6.92811	      0.01
      3.07	0.00845436	   6.92781	      0.01
      3.08	0.00846536	   6.92751	      0.01
      3.09	0.00847637	   6.92722	      0.01
       3.1	0.00848726	   6.92692	      0.01
      3.11	0.00849778	   6.92662	      0.01
      3.12	0.00850829	   6.92632	      0.01
      3.13	 0.0085188	   6.92603	      0.01
      3.14	0.00852932	   6.92575	      0.01
      3.15	0.00853972	   6.92547	      0.01
      3.16	0.00854978	   6.92518	      0.01
      3.17	0.00855984	    6.9249	      0.01
      3.18	 0.0085699	   6.92461	      0.01
      3.19	0.00857995	   6.92433	      0.01
       3.2	0.00858991	   6.92404	      0.01
      3.21	0.00859955	   6.92376	      0.01
      3.22	0.00860918	   6.92349	      0.01
      3.23	0.00861882	   6.92322	      0.01
      3.24	0.00862845	   6.92296	      0.01
      3.25	0.00863799	   6.92269	      0.01
      3.26	0.00864722	   6.92242	      0.01
      3.27	0.00865645	   6.92215	      0.01
      3.28	0.00866567	   6.92188	      0.01
      3.29	 0.0086749	   6.92161	      0.01
       3.3	0.00868412	   6.92135	      0.01
      3.31	0.00869298	   6.92108	      0.01
      3.32	0.00870185	   6.92082	      0.01
      3.33	0.00871071	   6.92057	      0.01
      3.34	0.00871957	   6.92032	      0.01
      3.35	0.00872843	   6.92007	      0.01
      3.36	0.00873694	   6.91982	      0.01
      3.37	0.00874546	   6.91956	      0.01
      3.38	0.00875397	   6.91931	      0.01
      3.39	0.00876249	   6.91906	      0.01
       3.4	  0.008771	   6.91881	      0.01
      3.41	0.00877919	   6.91855	      0.01
      3.42	0.00878737	    6.9183	      0.01
      3.43	0.00879556	   6.91805	      0.01
      3.44	0.00880374	   6.91781	      0.01
      3.45	0.00881193	   6.91756	      0.01
      3.46	0.00881979	   6.91731	      0.01
      3.47	0.00882766	   6.91706	      0.01
      3.48	0.00883552	   6.91682	      0.01
      3.49	0.00884339	   6.91657	      0.01
       3.5	0.00885125	   6.91632	      0.01
      3.51	 0.0088588	   6.91607	      0.01
      3.52	0.00886635	   6.91582	      0.01
      3.53	 0.0088739	   6.91558	      0.01
      3.54	0.00888145	   6.91533	      0.01
      3.55	  0.008889	   6.91508	      0.01
      3.56	0.00889623	   6.91483	      0.01
      3.57	0.00890347	   6.91458	      0.01
      3.58	0.00891071	   6.91434	      0.01
      3.59	0.00891794	   6.91409	      0.01
       3.6	0.00892518	   6.91384	      0.01
      3.61	0.00893211	   6.91359	      0.01
      3.62	0.00893903	   6.91335	      0.01
      3.63	0.00894596	    6.9131	      0.01
      3.64	0.00895288	   6.91285	      0.01
      3.65	0.00895981	    6.9126	      0.01
      3.66	0.00896642	   6.91235	      0.01
      3.67	0.00897303	   6.91211	      0.01
      3.68	0.00897964	   6.91186	      0.01
      3.69	0.00898626	   6.91161	      0.01
       3.7	0.00899287	   6.91136	      0.01
      3.71	0.00899917	   6.91111	      0.01
      3.72	0.00900547	   6.91087	      0.01
      3.73	0.00901177	   6.91062	      0.01
      3.74	0.00901807	   6.91035	      0.01
      3.75	0.00902437	   6.91008	      0.01
      3.76	0.00903036	   6.90981	      0.01
      3.77	0.00903635	   6.90954	      0.01
      3.78	0.00904234	   6.90927	      0.01
      3.79	0.00904833	     6.909	      0.01
       3.8	0.00905432	   6.90873	      0.01
      3.81	   0.00906	   6.90846	      0.01
      3.82	0.00906568	   6.90818	      0.01
      3.83	0.00907136	    6.9079	      0.01
      3.84	0.00907705	   6.90761	      0.01
      3.85	0.00908273	   6.90733	      0.01
      3.86	0.00908811	   6.90704	      0.01
      3.87	0.00909349	   6.90676	      0.01
      3.88	0.00909887	   6.90648	      0.01
      3.89	0.00910425	   6.90619	      0.01
       3.9	0.00910963	   6.90591	      0.01
      3.91	0.00911472	   6.90562	      0.01
      3.92	0.00911981	   6.90532	      0.01
      3.93	 0.0091249	   6.90502	      0.01
      3.94	0.00912999	   6.90472	      0.01
      3.95	0.00913508	   6.90443	      0.01
      3.96	0.00913988	   6.90413	      0.01
      3.97	0.00914469	   6.90383	      0.01
      3.98	 0.0091495	   6.90353	      0.01
      3.99	0.00915431	   6.90323	      0.01
         4	0.00915912	   6.90293	      0.01
      4.01	0.00916366	   6.90263	      0.01
      4.02	 0.0091682	   6.90233	      0.01
      4.03	0.00917275	   6.90203	      0.01
      4.04	0.00917729	   6.90173	      0.01
      4.05	0.00918183	   6.90143	      0.01
      4.06	0.00918613	   6.90112	      0.01
      4.07	0.00919042	   6.90082	      0.01
      4.08	0.00919472	   6.90052	      0.01
      4.09	0.00919901	   6.90022	      0.01
       4.1	0.00920331	   6.89991	      0.01
      4.11	0.00920737	   6.89961	      0.01
      4.12	0.00921144	   6.89931	      0.01
      4.13	 0.0092155	     6.899	      0.01
      4.14	0.00921956	    6.8987	      0.01
      4.15	0.00922363	    6.8984	      0.01
      4.16	0.00922748	    6.8981	      0.01
      4.17	0.00923134	   6.89779	      0.01
      4.18	0.00923519	   6.89749	      0.01
      4.19	0.00923905	   6.89719	      0.01
       4.2	 0.0092429	   6.89689	      0.01
      4.21	0.00924656	   6.89658	      0.01
      4.22	0.00925023	   6.89628	      0.01
      4.23	0.00925389	   6.89598	      0.01
      4.24	0.00925756	   6.89567	      0.01
      4.25	0.00926122	   6.89537	      0.01
      4.26	0.00926471	   6.89507	      0.01
      4.27	0.00926821	   6.89477	      0.01
      4.28	 0.0092717	   6.89446	      0.01
      4.29	0.00927519	   6.89416	      0.01
       4.3	0.00927869	   6.89386	      0.01
      4.31	0.00928203	   6.89355	      0.01
      4.32	0.00928537	   6.89325	      0.01
      4.33	0.00928872	   6.89295	      0.01
      4.34	0.00929206	   6.89265	      0.01
      4.35	 0.0092954	   6.89234	      0.01
      4.36	0.00929861	   6.89204	      0.01
      4.37	0.00930182	   6.89174	      0.01
      4.38	0.00930503	   6.89144	      0.01
      4.39	0.00930824	   6.89113	      0.01
       4.4	0.00931145	   6.89085	      0.01
      4.41	0.00931455	   6.89057	      0.01
      4.42	0.00931764	   6.89029	      0.01
      4.43	0.00932074	   6.89001	      0.01
      4.44	0.00932383	   6.88973	      0.01
      4.45	0.00932693	   6.88944	      0.01
      4.46	0.00932992	   6.88916	      0.01
      4.47	0.00933292	   6.88888	      0.01
      4.48	0.00933591	   6.88861	      0.01
      4.49	 0.0093389	   6.88835	      0.01
       4.5	 0.0093419	   6.88808	      0.01
      4.51	0.00934481	   6.88781	      0.01
      4.52	0.00934771	   6.88754	      0.01
      4.53	0.00935062	   6.88727	      0.01
      4.54	0.00935353	   6.88701	      0.01
      4.55	0.00935643	   6.88674	      0.01
      4.56	0.00935926	   6.88647	      0.01
      4.57	0.00936208	   6.88622	      0.01
      4.58	 0.0093649	   6.88596	      0.01
      4.59	0.00936772	   6.88571	      0.01
       4.6	0.00937054	   6.88546	      0.01
      4.61	0.00937336	   6.88521	      0.01
      4.62	0.00937611	   6.88496	      0.01
      4.63	0.00937886	    6.8847	      0.01
      4.64	0.00938162	   6.88445	      0.01
      4.65	0.00938437	    6.8842	      0.01
      4.66	0.00938712	   6.88395	      0.01
      4.67	0.00938982	   6.88371	      0.01
      4.68	0.00939251	   6.88348	      0.01
      4.69	0.00939521	   6.88324	      0.01
       4.7	 0.0093979	     6.883	      0.01
      4.71	 0.0094006	   6.88277	      0.01
      4.72	0.00940324	   6.88253	      0.01
      4.73	0.00940588	    6.8823	      0.01
      4.74	0.00940853	   6.88206	      0.01
      4.75	0.00941117	   6.88182	      0.01
      4.76	0.00941381	   6.88159	      0.01
      4.77	 0.0094164	   6.88137	      0.01
      4.78	  0.009419	   6.88115	      0.01
      4.79	0.00942159	   6.88093	      0.01
       4.8	0.00942418	   6.88071	      0.01
      4.81	0.00942677	   6.88049	      0.01
      4.82	0.00942932	   6.88027	      0.01
      4.83	0.00943187	   6.88004	      0.01
      4.84	0.00943441	   6.87982	      0.01
      4.85	0.00943696	    6.8796	      0.01
      4.86	 0.0094395	   6.87938	      0.01
      4.87	  0.009442	   6.87916	      0.01
      4.88	 0.0094445	   6.87895	      0.01
      4.89	  0.009447	   6.87875	      0.01
       4.9	 0.0094495	   6.87854	      0.01
      4.91	  0.009452	   6.87833	      0.01
      4.92	0.00945446	   6.87812	      0.01
      4.93	0.00945691	   6.87792	      0.01
      4.94	0.00945936	   6.87771	      0.01
      4.95	0.00946182	    6.8775	      0.01
      4.96	0.00946427	    6.8773	      0.01
      4.97	0.00946668	   6.87709	      0.01
      4.98	0.00946908	   6.87688	      0.01
      4.99	0.00947149	   6.87668	      0.01
         5	 0.0094739	   6.87649	      0.01
      5.01	 0.0094763	   6.87629	      0.01
      5.02	0.00947866	   6.87609	      0.01
      5.03	0.00948102	    6.8759	      0.01
      5.04	0.00948338	    6.8757	      0.01
      5.05	0.00948574	    6.8755	      0.01
      5.06	0.00948809	   6.87531	      0.01
      5.07	 0.0094904	   6.87511	      0.01
      5.08	0.00949271	   6.87491	      0.01
      5.09	0.00949502	   6.87472	      0.01
       5.1	0.00949733	   6.87452	      0.01
      5.11	0.00949964	   6.87433	      0.01
      5.12	 0.0095019	   6.87415	      0.01
      5.13	0.00950415	   6.87396	      0.01
      5.14	0.00950641	   6.87377	      0.01
      5.15	0.00950867	   6.87359	      0.01
      5.16	0.00951093	    6.8734	      0.01
      5.17	0.00951313	   6.87321	      0.01
      5.18	0.00951534	   6.87303	      0.01
      5.19	0.00951754	   6.87284	      0.01
       5.2	0.00951975	   6.87265	      0.01
      5.21	0.00952195	   6.87247	      0.01
      5.22	 0.0095241	   6.87228	      0.01
      5.23	0.00952625	   6.87209	      0.01
      5.24	0.00952841	   6.87191	      0.01
      5.25	0.00953056	   6.87172	      0.01
      5.26	0.00953271	   6.87154	      0.01
      5.27	0.00953481	   6.87135	      0.01
      5.28	 0.0095369	   6.87117	      0.01
      5.29	  0.009539	   6.87099	      0.01
       5.3	 0.0095411	   6.87082	      0.01
      5.31	0.00954319	   6.87064	      0.01
      5.32	0.00954524	   6.87046	      0.01
      5.33	0.00954728	   6.87028	      0.01
      5.34	0.00954932	   6.87011	      0.01
      5.35	0.00955136	   6.86993	      0.01
      5.36	 0.0095534	   6.86975	      0.01
      5.37	0.00955539	   6.86957	      0.01
      5.38	0.00955738	    6.8694	      0.01
      5.39	0.00955937	   6.86922	      0.01
       5.4	0.00956135	   6.86904	      0.01
      5.41	0.00956334	   6.86886	      0.01
      5.42	0.00956527	   6.86868	      0.01
      5.43	0.00956721	   6.86851	      0.01
      5.44	0.00956914	   6.86833	      0.01
      5.45	0.00957107	   6.86816	      0.01
      5.46	0.00957301	   6.86799	      0.01
      5.47	0.00957488	   6.86782	      0.01
      5.48	0.00957676	   6.86765	      0.01
      5.49	0.00957864	   6.86748	      0.01
       5.5	0.00958052	   6.86731	      0.01
      5.51	 0.0095824	   6.86714	      0.01
      5.52	0.00958423	   6.86697	      0.01
      5.53	0.00958606	    6.8668	      0.01
      5.54	0.00958789	   6.86664	      0.01
      5.55	0.00958971	   6.86647	      0.01
      5.56	0.00959154	    6.8663	      0.01
      5.57	0.00959332	   6.86613	      0.01
      5.58	 0.0095951	   6.86596	      0.01
      5.59	0.00959687	   6.86579	      0.01
       5.6	0.00959865	   6.86562	      0.01
      5.61	0.00960043	   6.86546	      0.01
      5.62	0.00960216	    6.8653	      0.01
      5.63	0.00960389	   6.86514	      0.01
      5.64	0.00960561	   6.86498	      0.01
      5.65	0.00960734	   6.86482	      0.01
      5.66	0.00960907	   6.86466	      0.01
      5.67	0.00961075	    6.8645	      0.01
      5.68	0.00961244	   6.86434	      0.01
      5.69	0.00961412	   6.86418	      0.01
       5.7	 0.0096158	   6.86402	      0.01
      5.71	0.00961748	   6.86386	      0.01
      5.72	0.00961912	    6.8637	      0.01
      5.73	0.00962075	   6.86354	      0.01
      5.74	0.00962238	   6.86338	      0.01
      5.75	0.00962402	   6.86322	      0.01
      5.76	0.00962565	   6.86306	      0.01
      5.77	0.00962728	    6.8629	      0.01
      5.78	0.00962887	   6.86274	      0.01
      5.79	0.00963046	   6.86259	      0.01
       5.8	0.00963205	   6.86244	      0.01
      5.81	0.00963364	   6.86229	      0.01
      5.82	0.00963522	   6.86214	      0.01
      5.83	0.00963677	   6.86199	      0.01
      5.84	0.00963832	   6.86184	      0.01
      5.85	0.00963987	   6.86169	      0.01
      5.86	0.00964142	   6.86154	      0.01
      5.87	0.00964297	   6.86139	      0.01
      5.88	0.00964448	   6.86124	      0.01
      5.89	  0.009646	   6.86109	      0.01
       5.9	0.00964751	   6.86094	      0.01
      5.91	0.00964902	   6.86078	      0.01
      5.92	0.00965053	   6.86064	      0.01
      5.93	0.00965201	    6.8605	      0.01
      5.94	0.00965349	   6.86036	      0.01
      5.95	0.00965497	   6.86022	      0.01
      5.96	0.00965644	   6.86008	      0.01
      5.97	0.00965792	   6.85994	      0.01
      5.98	0.00965937	    6.8598	      0.01
      5.99	0.00966081	   6.85966	      0.01
         6	0.00966226	   6.85951	      0.01
      6.01	 0.0096637	   6.85937	      0.01
      6.02	0.00966515	   6.85923	      0.01
      6.03	0.00966656	   6.85909	      0.01
      6.04	0.00966797	   6.85895	      0.01
      6.05	0.00966939	   6.85881	      0.01
      6.06	 0.0096708	   6.85867	      0.01
      6.07	0.00967221	   6.85854	      0.01
      6.08	 0.0096736	    6.8584	      0.01
      6.09	0.00967498	   6.85827	      0.01
       6.1	0.00967636	   6.85814	      0.01
      6.11	0.00967774	   6.85801	      0.01
      6.12	0.00967912	   6.85788	      0.01
      6.13	 0.0096805	   6.85775	      0.01
      6.14	0.00968185	   6.85762	      0.01
      6.15	 0.0096832	   6.85749	      0.01
      6.16	0.00968455	   6.85735	      0.01
      6.17	 0.0096859	   6.85722	      0.01
      6.18	0.00968725	   6.85709	      0.01
      6.19	0.00968858	   6.85696	      0.01
       6.2	 0.0096899	   6.85683	      0.01
      6.21	0.00969122	    6.8567	      0.01
      6.22	0.00969255	   6.85658	      0.01
      6.23	0.00969387	   6.85645	      0.01
      6.24	0.00969517	   6.85633	      0.01
      6.25	0.00969647	   6.85621	      0.01
      6.26	0.00969776	   6.85609	      0.01
      6.27	0.00969906	   6.85597	      0.01
      6.28	0.00970036	   6.85585	      0.01
      6.29	0.00970163	   6.85572	      0.01
       6.3	 0.0097029	    6.8556	      0.01
      6.31	0.00970417	   6.85548	      0.01
      6.32	0.00970545	   6.85536	      0.01
      6.33	0.00970672	   6.85524	      0.01
      6.34	0.00970797	   6.85512	      0.01
      6.35	0.00970921	   6.85499	      0.01
      6.36	0.00971046	   6.85487	      0.01
      6.37	0.00971171	   6.85475	      0.01
      6.38	0.00971296	   6.85464	      0.01
      6.39	0.00971418	   6.85453	      0.01
       6.4	0.00971541	   6.85441	      0.01
      6.41	0.00971663	    6.8543	      0.01
      6.42	0.00971785	   6.85419	      0.01
      6.43	0.00971908	   6.85407	      0.01
      6.44	0.00972028	   6.85396	      0.01
      6.45	0.00972148	   6.85385	      0.01
      6.46	0.00972268	   6.85374	      0.01
      6.47	0.00972388	   6.85362	      0.01
      6.48	0.00972508	   6.85351	      0.01
      6.49	0.00972625	    6.8534	      0.01
       6.5	0.00972743	   6.85329	      0.01
      6.51	0.00972861	   6.85317	      0.01
      6.52	0.00972979	   6.85306	      0.01
      6.53	0.00973096	   6.85295	      0.01
      6.54	0.00973211	   6.85284	      0.01
      6.55	0.00973327	   6.85274	      0.01
      6.56	0.00973442	   6.85263	      0.01
      6.57	0.00973557	   6.85253	      0.01
      6.58	0.00973673	   6.85243	      0.01
      6.59	0.00973788	   6.85232	      0.01
       6.6	  0.009739	   6.85222	      0.01
      6.61	0.00974013	   6.85211	      0.01
      6.62	0.00974125	   6.85201	      0.01
      6.63	0.00974238	    6.8519	      0.01
      6.64	0.00974351	    6.8518	      0.01
      6.65	0.00974463	   6.85169	      0.01
      6.66	0.00974572	   6.85159	      0.01
      6.67	0.00974681	   6.85148	      0.01
      6.68	 0.0097479	   6.85138	      0.01
      6.69	0.00974899	   6.85128	      0.01
       6.7	0.00975008	   6.85118	      0.01
      6.71	0.00975117	   6.85108	      0.01
      6.72	0.00975227	   6.85098	      0.01
      6.73	0.00975336	   6.85089	      0.01
      6.74	0.00975445	   6.85079	      0.01
      6.75	0.00975551	   6.85069	      0.01
      6.76	0.00975656	    6.8506	      0.01
      6.77	0.00975762	    6.8505	      0.01
      6.78	0.00975868	    6.8504	      0.01
      6.79	0.00975974	    6.8503	      0.01
       6.8	 0.0097608	   6.85021	      0.01
      6.81	0.00976183	   6.85011	      0.01
      6.82	0.00976285	   6.85001	      0.01
      6.83	0.00976388	   6.84992	      0.01
      6.84	 0.0097649	   6.84982	      0.01
      6.85	0.00976593	   6.84972	      0.01
      6.86	0.00976696	   6.84963	      0.01
      6.87	0.00976798	   6.84954	      0.01
      6.88	0.00976901	   6.84945	      0.01
      6.89	0.00977003	   6.84936	      0.01
       6.9	0.00977103	   6.84927	      0.01
      6.91	0.00977202	   6.84918	      0.01
      6.92	0.00977302	   6.84909	      0.01
      6.93	0.00977401	     6.849	      0.01
      6.94	0.00977501	   6.84892	      0.01
      6.95	0.00977601	   6.84883	      0.01
      6.96	0.00977697	   6.84874	      0.01
      6.97	0.00977793	   6.84865	      0.01
      6.98	 0.0097789	   6.84856	      0.01
      6.99	0.00977986	   6.84847	      0.01
         7	0.00978082	   6.84838	      0.01
      7.01	0.00978179	   6.84829	      0.01
      7.02	0.00978275	    6.8482	      0.01
      7.03	0.00978371	   6.84811	      0.01
      7.04	0.00978468	   6.84802	      0.01
      7.05	0.00978561	   6.84793	      0.01
      7.06	0.00978655	   6.84785	      0.01
      7.07	0.00978748	   6.84777	      0.01
      7.08	0.00978842	   6.84769	      0.01
      7.09	0.00978935	    6.8476	      0.01
       7.1	0.00979029	   6.84752	      0.01
      7.11	0.00979119	   6.84744	      0.01
      7.12	 0.0097921	   6.84736	      0.01
      7.13	  0.009793	   6.84728	      0.01
      7.14	0.00979391	    6.8472	      0.01
      7.15	0.00979481	   6.84712	      0.01
      7.16	0.00979572	   6.84704	      0.01
      7.17	0.00979662	   6.84695	      0.01
      7.18	0.00979753	   6.84687	      0.01
      7.19	0.00979843	   6.84679	      0.01
       7.2	0.00979931	   6.84671	      0.01
      7.21	0.00980019	   6.84663	      0.01
      7.22	0.00980107	   6.84655	      0.01
      7.23	0.00980195	   6.84647	      0.01
      7.24	0.00980283	   6.84638	      0.01
      7.25	 0.0098037	    6.8463	      0.01
      7.26	0.00980455	   6.84622	      0.01
      7.27	 0.0098054	   6.84615	      0.01
      7.28	0.00980625	   6.84607	      0.01
      7.29	 0.0098071	     6.846	      0.01
       7.3	0.00980795	   6.84593	      0.01
      7.31	 0.0098088	   6.84585	      0.01
      7.32	0.00980965	   6.84578	      0.01
      7.33	 0.0098105	    6.8457	      0.01
      7.34	0.00981135	   6.84563	      0.01
      7.35	 0.0098122	   6.84556	      0.01
      7.36	0.00981301	   6.84548	      0.01
      7.37	0.00981383	   6.84541	      0.01
      7.38	0.00981464	   6.84534	      0.01
      7.39	0.00981546	   6.84526	      0.01
       7.4	0.00981627	   6.84519	      0.01
      7.41	0.00981708	   6.84511	      0.01
      7.42	 0.0098179	   6.84504	      0.01
      7.43	0.00981871	   6.84497	      0.01
      7.44	0.00981953	   6.84489	      0.01
      7.45	0.00982034	   6.84482	      0.01
      7.46	0.00982113	   6.84474	      0.01
      7.47	0.00982191	   6.84468	      0.01
      7.48	0.00982269	   6.84461	      0.01
      7.49	0.00982347	   6.84454	      0.01
       7.5	0.00982425	   6.84448	      0.01
      7.51	0.00982504	   6.84441	      0.01
      7.52	0.00982582	   6.84434	      0.01
      7.53	 0.0098266	   6.84428	      0.01
      7.54	0.00982738	   6.84421	      0.01
      7.55	0.00982816	   6.84414	      0.01
      7.56	0.00982891	   6.84408	      0.01
      7.57	0.00982967	   6.84401	      0.01
      7.58	0.00983042	   6.84394	      0.01
      7.59	0.00983117	   6.84388	      0.01
       7.6	0.00983192	   6.84381	      0.01
      7.61	0.00983267	   6.84374	      0.01
      7.62	0.00983342	   6.84368	      0.01
      7.63	0.00983417	   6.84361	      0.01
      7.64	0.00983492	   6.84354	      0.01
      7.65	0.00983567	   6.84348	      0.01
      7.66	0.00983639	   6.84341	      0.01
      7.67	0.00983711	   6.84334	      0.01
      7.68	0.00983783	   6.84328	      0.01
      7.69	0.00983855	   6.84322	      0.01
       7.7	0.00983927	   6.84316	      0.01
      7.71	0.00983999	    6.8431	      0.01
      7.72	0.00984071	   6.84304	      0.01
      7.73	0.00984143	   6.84298	      0.01
      7.74	0.00984215	   6.84292	      0.01
      7.75	0.00984287	   6.84286	      0.01
      7.76	0.00984357	    6.8428	      0.01
      7.77	0.00984426	   6.84274	      0.01
      7.78	0.00984495	   6.84268	      0.01
      7.79	0.00984564	   6.84262	      0.01
       7.8	0.00984633	   6.84256	      0.01
      7.81	0.00984702	    6.8425	      0.01
      7.82	0.00984771	   6.84244	      0.01
      7.83	 0.0098484	   6.84238	      0.01
      7.84	 0.0098491	   6.84232	      0.01
      7.85	0.00984979	   6.84226	      0.01
      7.86	0.00985045	    6.8422	      0.01
      7.87	0.00985111	   6.84214	      0.01
      7.88	0.00985178	   6.84208	      0.01
      7.89	0.00985244	   6.84202	      0.01
       7.9	 0.0098531	   6.84197	      0.01
      7.91	0.00985377	   6.84191	      0.01
      7.92	0.00985443	   6.84186	      0.01
      7.93	0.00985509	    6.8418	      0.01
      7.94	0.00985575	   6.84175	      0.01
      7.95	0.00985642	   6.84169	      0.01
      7.96	0.00985705	   6.84164	      0.01
      7.97	0.00985769	   6.84159	      0.01
      7.98	0.00985833	   6.84153	      0.01
      7.99	0.00985896	   6.84148	      0.01
         8	 0.0098596	   6.84142	      0.01
      8.01	0.00986023	   6.84137	      0.01
      8.02	0.00986087	   6.84131	      0.01
      8.03	 0.0098615	   6.84126	      0.01
      8.04	0.00986214	    6.8412	      0.01
      8.05	0.00986278	   6.84115	      0.01
      8.06	0.00986338	    6.8411	      0.01
      8.07	0.00986399	   6.84104	      0.01
      8.08	 0.0098646	   6.84099	      0.01
      8.09	0.00986521	   6.84093	      0.01
       8.1	0.00986581	   6.84088	      0.01
      8.11	0.00986642	   6.84083	      0.01
      8.12	0.00986703	   6.84079	      0.01
      8.13	0.00986764	   6.84074	      0.01
      8.14	0.00986825	   6.84069	      0.01
      8.15	0.00986885	   6.84064	      0.01
      8.16	0.00986946	   6.84059	      0.01
      8.17	0.00987004	   6.84054	      0.01
      8.18	0.00987062	   6.84049	      0.01
      8.19	0.00987121	   6.84044	      0.01
       8.2	0.00987179	   6.84039	      0.01
      8.21	0.00987237	   6.84034	      0.01
      8.22	0.00987295	    6.8403	      0.01
      8.23	0.00987353	   6.84025	      0.01
      8.24	0.00987411	    6.8402	      0.01
      8.25	0.00987469	   6.84015	      0.01
      8.26	0.00987528	    6.8401	      0.01
      8.27	0.00987583	   6.84005	      0.01
      8.28	0.00987639	      6.84	      0.01
      8.29	0.00987695	   6.83995	      0.01
       8.3	 0.0098775	    6.8399	      0.01
      8.31	0.00987806	   6.83985	      0.01
      8.32	0.00987862	   6.83981	      0.01
      8.33	0.00987917	   6.83976	      0.01
      8.34	0.00987973	   6.83972	      0.01
      8.35	0.00988029	   6.83967	      0.01
      8.36	0.00988084	   6.83963	      0.01
      8.37	0.00988138	   6.83959	      0.01
      8.38	0.00988191	   6.83954	      0.01
      8.39	0.00988244	    6.8395	      0.01
       8.4	0.00988298	   6.83946	      0.01
      8.41	0.00988351	   6.83941	      0.01
      8.42	0.00988404	   6.83937	      0.01
      8.43	0.00988458	   6.83932	      0.01
      8.44	0.00988511	   6.83928	      0.01
      8.45	0.00988564	   6.83924	      0.01
      8.46	0.00988617	   6.83919	      0.01
      8.47	0.00988668	   6.83915	      0.01
      8.48	 0.0098872	   6.83911	      0.01
      8.49	0.00988771	   6.83906	      0.01
       8.5	0.00988822	   6.83902	      0.01
      8.51	0.00988873	   6.83897	      0.01
      8.52	0.00988924	   6.83893	      0.01
      8.53	0.00988975	   6.83889	      0.01
      8.54	0.00989026	   6.83884	      0.01
      8.55	0.00989077	    6.8388	      0.01
      8.56	0.00989128	   6.83876	      0.01
      8.57	0.00989177	   6.83871	      0.01
      8.58	0.00989225	   6.83867	      0.01
      8.59	0.00989274	   6.83864	      0.01
       8.6	0.00989323	    6.8386	      0.01
      8.61	0.00989372	   6.83856	      0.01
      8.62	0.00989421	   6.83852	      0.01
      8.63	 0.0098947	   6.83848	      0.01
      8.64	0.00989518	   6.83844	      0.01
      8.65	0.00989567	    6.8384	      0.01
      8.66	0.00989616	   6.83837	      0.01
      8.67	0.00989663	   6.83833	      0.01
      8.68	0.00989709	   6.83829	      0.01
      8.69	0.00989756	   6.83825	      0.01
       8.7	0.00989802	   6.83821	      0.01
      8.71	0.00989849	   6.83817	      0.01
      8.72	0.00989896	   6.83813	      0.01
      8.73	0.00989942	   6.83809	      0.01
      8.74	0.00989989	   6.83806	      0.01
      8.75	0.00990035	   6.83802	      0.01
      8.76	0.00990082	   6.83798	      0.01
      8.77	0.00990129	   6.83794	      0.01
      8.78	0.00990173	    6.8379	      0.01
      8.79	0.00990218	   6.83786	      0.01
       8.8	0.00990262	   6.83782	      0.01
      8.81	0.00990307	   6.83779	      0.01
      8.82	0.00990351	   6.83775	      0.01
      8.83	0.00990396	   6.83771	      0.01
      8.84	 0.0099044	   6.83767	      0.01
      8.85	0.00990485	   6.83764	      0.01
      8.86	0.00990529	    6.8376	      0.01
      8.87	0.00990574	   6.83757	      0.01
      8.88	0.00990616	   6.83753	      0.01
      8.89	0.00990659	    6.8375	      0.01
       8.9	0.00990701	   6.83747	      0.01
      8.91	0.00990744	   6.83743	      0.01
      8.92	0.00990787	    6.8374	      0.01
      8.93	0.00990829	   6.83737	      0.01
      8.94	0.00990872	   6.83733	      0.01
      8.95	0.00990914	    6.8373	      0.01
      8.96	0.00990957	   6.83726	      0.01
      8.97	0.00990999	   6.83723	      0.01
      8.98	 0.0099104	    6.8372	      0.01
      8.99	0.00991081	   6.83716	      0.01
         9	0.00991122	   6.83713	      0.01
      9.01	0.00991162	   6.83709	      0.01
      9.02	0.00991203	   6.83706	      0.01
      9.03	0.00991244	   6.83703	      0.01
      9.04	0.00991285	   6.83699	      0.01
      9.05	0.00991325	   6.83696	      0.01
      9.06	0.00991366	   6.83692	      0.01
      9.07	0.00991407	   6.83689	      0.01
      9.08	0.00991446	   6.83686	      0.01
      9.09	0.00991485	   6.83682	      0.01
       9.1	0.00991524	   6.83679	      0.01
      9.11	0.00991562	   6.83676	      0.01
      9.12	0.00991601	   6.83673	      0.01
      9.13	 0.0099164	    6.8367	      0.01
      9.14	0.00991679	   6.83667	      0.01
      9.15	0.00991718	   6.83664	      0.01
      9.16	0.00991757	   6.83661	      0.01
      9.17	0.00991796	   6.83658	      0.01
      9.18	0.00991833	   6.83655	      0.01
      9.19	0.00991871	   6.83652	      0.01
       9.2	0.00991908	   6.83649	      0.01
      9.21	0.00991945	   6.83646	      0.01
      9.22	0.00991982	   6.83643	      0.01
      9.23	0.00992019	    6.8364	      0.01
      9.24	0.00992056	   6.83637	      0.01
      9.25	0.00992094	   6.83634	      0.01
      9.26	0.00992131	   6.83631	      0.01
      9.27	0.00992168	   6.83628	      0.01
      9.28	0.00992205	   6.83625	      0.01
      9.29	 0.0099224	   6.83623	      0.01
       9.3	0.00992276	    6.8362	      0.01
      9.31	0.00992311	   6.83617	      0.01
      9.32	0.00992347	   6.83614	      0.01
      9.33	0.00992382	   6.83611	      0.01
      9.34	0.00992418	   6.83608	      0.01
      9.35	0.00992453	   6.83605	      0.01
      9.36	0.00992489	   6.83602	      0.01
      9.37	0.00992524	   6.83599	      0.01
      9.38	 0.0099256	   6.83596	      0.01
      9.39	0.00992593	   6.83593	      0.01
       9.4	0.00992627	    6.8359	      0.01
      9.41	0.00992661	   6.83587	      0.01
      9.42	0.00992695	   6.83584	      0.01
      9.43	0.00992729	   6.83582	      0.01
      9.44	0.00992763	   6.83579	      0.01
      9.45	0.00992797	   6.83577	      0.01
      9.46	0.00992831	   6.83574	      0.01
      9.47	0.00992865	   6.83572	      0.01
      9.48	0.00992899	   6.83569	      0.01
      9.49	0.00992931	   6.83567	      0.01
       9.5	0.00992963	   6.83564	      0.01
      9.51	0.00992996	   6.83561	      0.01
      9.52	0.00993028	   6.83559	      0.01
      9.53	0.00993061	   6.83556	      0.01
      9.54	0.00993093	   6.83554	      0.01
      9.55	0.00993125	   6.83551	      0.01
      9.56	0.00993158	   6.83549	      0.01
      9.57	 0.0099319	   6.83546	      0.01
      9.58	0.00993223	   6.83544	      0.01
      9.59	0.00993253	   6.83541	      0.01
       9.6	0.00993284	   6.83539	      0.01
      9.61	0.00993315	   6.83536	      0.01
      9.62	0.00993346	   6.83534	      0.01
      9.63	0.00993377	   6.83531	      0.01
      9.64	0.00993408	   6.83529	      0.01
      9.65	0.00993439	   6.83526	      0.01
      9.66	 0.0099347	   6.83524	      0.01
      9.67	0.00993501	   6.83521	      0.01
      9.68	0.00993532	   6.83519	      0.01
      9.69	0.00993562	   6.83516	      0.01
       9.7	0.00993592	   6.83513	      0.01
      9.71	0.00993621	   6.83511	      0.01
      9.72	0.00993651	   6.83508	      0.01
      9.73	 0.0099368	   6.83506	      0.01
      9.74	0.00993709	   6.83503	      0.01
      9.75	0.00993739	   6.83501	      0.01
      9.76	0.00993768	   6.83499	      0.01
      9.77	0.00993798	   6.83496	      0.01
      9.78	0.00993827	   6.83494	      0.01
      9.79	0.00993856	   6.83492	      0.01
       9.8	0.00993886	   6.83489	      0.01
      9.81	0.00993914	   6.83487	      0.01
      9.82	0.00993941	   6.83485	      0.01
      9.83	0.00993969	   6.83482	      0.01
      9.84	0.00993997	    6.8348	      0.01
      9.85	0.00994025	   6.83478	      0.01
      9.86	0.00994052	   6.83476	      0.01
      9.87	 0.0099408	   6.83473	      0.01
      9.88	0.00994108	   6.83471	      0.01
      9.89	0.00994135	   6.83469	      0.01
       9.9	0.00994163	   6.83466	      0.01
      9.91	0.00994191	   6.83464	      0.01
      9.92	0.00994219	   6.83462	      0.01
      9.93	0.00994246	   6.83459	      0.01
      9.94	0.00994274	   6.83457	      0.01
      9.95	0.00994301	   6.83455	      0.01
      9.96	0.00994328	   6.83452	      0.01
      9.97	0.00994355	    6.8345	      0.01
      9.98	0.00994382	   6.83448	      0.01
      9.99	0.00994409	   6.83446	      0.01
        10	0.00994436	   6.83443	      0.01
