Time	PV	OP	SP
         0	 0.0100716	   7.42529	      0.01
      0.01	 0.0100715	   7.42533	      0.01
      0.02	 0.0100714	   7.42537	      0.01
      0.03	 0.0100713	   7.42542	      0.01
      0.04	 0.0100712	   7.42546	      0.01
      0.05	 0.0100711	    7.4255	      0.01
      0.06	  0.010071	   7.42555	      0.01
      0.07	 0.0100709	   7.42559	      0.01
      0.08	 0.0100708	   7.42563	      0.01
      0.09	 0.0100707	   7.42568	      0.01
       0.1	 0.0100706	   7.42572	      0.01
      0.11	 0.0100705	   7.42576	      0.01
      0.12	 0.0100704	   7.42581	      0.01
      0.13	 0.0100703	   7.42585	      0.01
      0.14	 0.0100701	   7.42589	      0.01
      0.15	   0.01007	   7.42594	      0.01
      0.16	 0.0100699	   7.42598	      0.01
      0.17	 0.0100698	   7.42602	      0.01
      0.18	 0.0100697	   7.42607	      0.01
      0.19	 0.0100695	   7.42611	      0.01
       0.2	 0.0100694	   7.42615	      0.01
      0.21	 0.0100693	   7.42619	      0.01
      0.22	 0.0100691	   7.42622	      0.01
      0.23	  0.010069	   7.42626	      0.01
      0.24	 0.0100688	    7.4263	      0.01
      0.25	 0.0100687	   7.42634	      0.01
      0.26	 0.0100686	   7.42637	      0.01
      0.27	 0.0100684	   7.42641	      0.01
      0.28	 0.0100683	   7.42645	      0.01
      0.29	 0.0100681	   7.42648	      0.01
       0.3	  0.010068	   7.42652	      0.01
      0.31	 0.0100678	   7.42656	      0.01
      0.32	 0.0100676	    7.4266	      0.01
      0.33	 0.0100675	   7.42663	      0.01
      0.34	 0.0100673	   7.42667	      0.01
      0.35	 0.0100672	   7.42671	      0.01
      0.36	  0.010067	   7.42675	      0.01
      0.37	 0.0100668	   7.42678	      0.01
      0.38	 0.0100667	   7.42682	      0.01
      0.39	 0.0100665	   7.42686	      0.01
       0.4	 0.0100664	   7.42689	      0.01
      0.41	 0.0100662	   7.42693	      0.01
      0.42	  0.010066	   7.42696	      0.01
      0.43	 0.0100658	   7.42699	      0.01
      0.44	 0.0100656	   7.42703	      0.01
      0.45	 0.0100655	   7.42706	      0.01
      0.46	 0.0100653	   7.42709	      0.01
      0.47	 0.0100651	   7.42712	      0.01
      0.48	 0.0100649	   7.42715	      0.01
      0.49	 0.0100648	   7.42718	      0.01
       0.5	 0.0100646	   7.42721	      0.01
      0.51	 0.0100644	   7.42724	      0.01
      0.52	 0.0100642	   7.42728	      0.01
      0.53	  0.010064	   7.42731	      0.01
      0.54	 0.0100638	   7.42734	      0.01
      0.55	 0.0100636	   7.42737	      0.01
      0.56	 0.0100635	    7.4274	      0.01
      0.57	 0.0100633	   7.42743	      0.01
      0.58	 0.0100631	   7.42746	      0.01
      0.59	 0.0100629	   7.42749	      0.01
       0.6	 0.0100627	   7.42753	      0.01
      0.61	 0.0100625	   7.42756	      0.01
      0.62	 0.0100623	   7.42759	      0.01
      0.63	 0.0100621	   7.42762	      0.01
      0.64	 0.0100619	   7.42765	      0.01
      0.65	 0.0100617	   7.42768	      0.01
      0.66	 0.0100615	   7.42771	      0.01
      0.67	 0.0100613	   7.42774	      0.01
      0.68	 0.0100611	   7.42777	      0.01
      0.69	 0.0100609	    7.4278	      0.01
       0.7	 0.0100607	   7.42782	      0.01
      0.71	 0.0100605	   7.42785	      0.01
      0.72	 0.0100603	   7.42787	      0.01
      0.73	 0.0100601	    7.4279	      0.01
      0.74	 0.0100599	   7.42792	      0.01
      0.75	 0.0100597	   7.42795	      0.01
      0.76	 0.0100595	   7.42798	      0.01
      0.77	 0.0100593	     7.428	      0.01
      0.78	 0.0100591	   7.42803	      0.01
      0.79	 0.0100589	   7.42805	      0.01
       0.8	 0.0100587	   7.42808	      0.01
      0.81	 0.0100585	    7.4281	      0.01
      0.82	 0.0100583	   7.42813	      0.01
      0.83	  0.010058	   7.42816	      0.01
      0.84	 0.0100578	   7.42818	      0.01
      0.85	 0.0100576	   7.42821	      0.01
      0.86	 0.0100574	   7.42823	      0.01
      0.87	 0.0100572	   7.42826	      0.01
      0.88	  0.010057	   7.42828	      0.01
      0.89	 0.0100568	   7.42831	      0.01
       0.9	 0.0100566	   7.42833	      0.01
      0.91	 0.0100564	   7.42836	      0.01
      0.92	 0.0100561	   7.42839	      0.01
      0.93	 0.0100559	   7.42841	      0.01
      0.94	 0.0100557	   7.42844	      0.01
      0.95	 0.0100555	   7.42846	      0.01
      0.96	 0.0100553	   7.42849	      0.01
      0.97	 0.0100551	   7.42851	      0.01
      0.98	 0.0100549	   7.42853	      0.01
      0.99	 0.0100547	   7.42855	      0.01
         1	 0.0100544	   7.42857	      0.01
      1.01	 0.0100542	   7.42859	      0.01
      1.02	  0.010054	   7.42861	      0.01
      1.03	 0.0100538	   7.42863	      0.01
      1.04	 0.0100534	   7.42852	      0.01
      1.05	 0.0100527	   7.42822	      0.01
      1.06	 0.0100517	   7.42777	      0.01
      1.07	 0.0100498	   7.42688	      0.01
      1.08	 0.0100473	   7.42572	      0.01
      1.09	 0.0100439	   7.42421	      0.01
       1.1	 0.0100391	   7.42215	      0.01
      1.11	 0.0100336	   7.41985	      0.01
      1.12	  0.010026	   7.41688	      0.01
      1.13	 0.0100173	   7.41363	      0.01
      1.14	 0.0100068	   7.40989	      0.01
      1.15	0.00999464	   7.40578	      0.01
      1.16	0.00998088	   7.40132	      0.01
      1.17	0.00996518	   7.39652	      0.01
      1.18	  0.009948	   7.39145	      0.01
      1.19	 0.0099291	   7.38613	      0.01
       1.2	0.00990888	   7.38063	      0.01
      1.21	0.00988616	   7.37485	      0.01
      1.22	0.00986269	   7.36899	      0.01
      1.23	0.00983719	   7.36294	      0.01
      1.24	0.00981097	   7.35689	      0.01
      1.25	0.00978219	   7.35067	      0.01
      1.26	0.00975316	   7.34445	      0.01
      1.27	0.00972222	   7.33816	      0.01
      1.28	 0.0096909	   7.33188	      0.01
      1.29	0.00965738	    7.3256	      0.01
       1.3	0.00962386	   7.31932	      0.01
      1.31	0.00958891	   7.31304	      0.01
      1.32	0.00955368	   7.30676	      0.01
      1.33	0.00951716	   7.30048	      0.01
      1.34	 0.0094803	   7.29419	      0.01
      1.35	0.00944278	   7.28805	      0.01
      1.36	0.00940462	   7.28191	      0.01
      1.37	0.00936601	   7.27587	      0.01
      1.38	0.00932704	   7.26984	      0.01
      1.39	0.00928765	   7.26389	      0.01
       1.4	0.00924789	   7.25806	      0.01
      1.41	0.00920795	   7.25223	      0.01
      1.42	0.00916785	   7.24648	      0.01
      1.43	0.00912753	   7.24085	      0.01
      1.44	0.00908722	   7.23522	      0.01
      1.45	0.00904687	   7.22968	      0.01
      1.46	0.00900652	   7.22424	      0.01
      1.47	0.00896622	   7.21879	      0.01
      1.48	0.00892613	   7.21348	      0.01
      1.49	0.00888604	   7.20816	      0.01
       1.5	0.00884626	   7.20296	      0.01
      1.51	0.00880663	   7.19777	      0.01
      1.52	0.00876725	   7.19265	      0.01
      1.53	0.00872825	   7.18762	      0.01
      1.54	0.00868926	   7.18259	      0.01
      1.55	0.00865108	   7.17772	      0.01
      1.56	 0.0086129	   7.17284	      0.01
      1.57	0.00857508	   7.16797	      0.01
      1.58	0.00853799	   7.16323	      0.01
      1.59	0.00850089	   7.15849	      0.01
       1.6	0.00846444	   7.15383	      0.01
      1.61	0.00842861	   7.14925	      0.01
      1.62	0.00839278	   7.14466	      0.01
      1.63	0.00835769	   7.14015	      0.01
      1.64	0.00832333	   7.13574	      0.01
      1.65	0.00828897	   7.13132	      0.01
      1.66	0.00825511	    7.1269	      0.01
      1.67	0.00822241	   7.12263	      0.01
      1.68	 0.0081897	   7.11835	      0.01
      1.69	  0.008157	   7.11407	      0.01
       1.7	0.00812593	   7.10994	      0.01
      1.71	0.00809505	   7.10581	      0.01
      1.72	0.00806417	   7.10169	      0.01
      1.73	0.00803388	   7.09761	      0.01
      1.74	0.00800494	   7.09364	      0.01
      1.75	0.00797601	   7.08967	      0.01
      1.76	0.00794707	   7.08571	      0.01
      1.77	0.00791925	   7.08186	      0.01
      1.78	0.00789233	   7.07801	      0.01
      1.79	 0.0078654	   7.07419	      0.01
       1.8	0.00783848	   7.07038	      0.01
      1.81	0.00781303	   7.06669	      0.01
      1.82	0.00778813	     7.063	      0.01
      1.83	0.00776322	   7.05934	      0.01
      1.84	0.00773832	   7.05567	      0.01
      1.85	0.00771505	   7.05214	      0.01
      1.86	0.00769196	    7.0486	      0.01
      1.87	0.00766887	   7.04506	      0.01
      1.88	 0.0076467	    7.0416	      0.01
      1.89	0.00762561	    7.0382	      0.01
       1.9	0.00760451	   7.03481	      0.01
      1.91	0.00758341	   7.03142	      0.01
      1.92	0.00756341	   7.02813	      0.01
      1.93	0.00754409	   7.02484	      0.01
      1.94	0.00752477	   7.02159	      0.01
      1.95	0.00750573	   7.01833	      0.01
      1.96	 0.0074883	   7.01521	      0.01
      1.97	0.00747086	   7.01209	      0.01
      1.98	0.00745343	   7.00897	      0.01
      1.99	0.00743662	   7.00584	      0.01
         2	0.00742084	   7.00282	      0.01
      2.01	0.00740505	    6.9998	      0.01
      2.02	0.00738927	   6.99678	      0.01
      2.03	0.00737523	   6.99388	      0.01
      2.04	0.00736119	   6.99098	      0.01
      2.05	0.00734715	   6.98807	      0.01
      2.06	0.00733347	   6.98517	      0.01
      2.07	0.00732094	   6.98236	      0.01
      2.08	 0.0073084	   6.97954	      0.01
      2.09	0.00729587	   6.97672	      0.01
       2.1	0.00728473	   6.97399	      0.01
      2.11	 0.0072738	   6.97126	      0.01
      2.12	0.00726288	   6.96853	      0.01
      2.13	0.00725195	    6.9658	      0.01
      2.14	0.00724237	   6.96315	      0.01
      2.15	0.00723278	   6.96049	      0.01
      2.16	0.00722319	   6.95783	      0.01
      2.17	0.00721434	   6.95517	      0.01
      2.18	0.00720618	   6.95258	      0.01
      2.19	0.00719802	   6.94998	      0.01
       2.2	0.00718986	   6.94738	      0.01
      2.21	 0.0071822	   6.94478	      0.01
      2.22	 0.0071753	   6.94218	      0.01
      2.23	0.00716841	   6.93961	      0.01
      2.24	0.00716151	   6.93704	      0.01
      2.25	0.00715484	   6.93447	      0.01
      2.26	 0.0071491	   6.93191	      0.01
      2.27	0.00714335	   6.92934	      0.01
      2.28	0.00713761	   6.92677	      0.01
      2.29	0.00713187	    6.9242	      0.01
       2.3	0.00712677	   6.92163	      0.01
      2.31	0.00712202	   6.91906	      0.01
      2.32	0.00711727	   6.91648	      0.01
      2.33	0.00711252	    6.9139	      0.01
      2.34	0.00710777	   6.91132	      0.01
      2.35	0.00710364	   6.90875	      0.01
      2.36	0.00709969	   6.90617	      0.01
      2.37	0.00709574	   6.90359	      0.01
      2.38	0.00709179	   6.90099	      0.01
      2.39	0.00708783	   6.89839	      0.01
       2.4	0.00708436	   6.89579	      0.01
      2.41	0.00708103	   6.89319	      0.01
      2.42	 0.0070777	   6.89059	      0.01
      2.43	0.00707436	   6.88798	      0.01
      2.44	0.00707103	   6.88536	      0.01
      2.45	0.00706805	   6.88274	      0.01
      2.46	0.00706516	   6.88012	      0.01
      2.47	0.00706228	    6.8775	      0.01
      2.48	0.00705939	   6.87488	      0.01
      2.49	0.00705662	   6.87226	      0.01
       2.5	0.00705416	   6.86965	      0.01
      2.51	 0.0070517	   6.86703	      0.01
      2.52	0.00704923	   6.86441	      0.01
      2.53	0.00704677	    6.8618	      0.01
      2.54	0.00704444	   6.85918	      0.01
      2.55	0.00704232	   6.85657	      0.01
      2.56	0.00704021	   6.85395	      0.01
      2.57	0.00703809	   6.85133	      0.01
      2.58	0.00703597	   6.84872	      0.01
      2.59	0.00703423	   6.84615	      0.01
       2.6	0.00703248	   6.84358	      0.01
      2.61	0.00703074	   6.84101	      0.01
      2.62	0.00702899	   6.83845	      0.01
      2.63	0.00702741	   6.83588	      0.01
      2.64	0.00702603	   6.83331	      0.01
      2.65	0.00702464	   6.83078	      0.01
      2.66	0.00702325	   6.82825	      0.01
      2.67	0.00702201	   6.82572	      0.01
      2.68	0.00702108	   6.82325	      0.01
      2.69	0.00702015	   6.82079	      0.01
       2.7	0.00701922	   6.81833	      0.01
      2.71	0.00701829	   6.81586	      0.01
      2.72	0.00701766	    6.8134	      0.01
      2.73	0.00701718	     6.811	      0.01
      2.74	 0.0070167	   6.80861	      0.01
      2.75	0.00701621	   6.80621	      0.01
      2.76	0.00701603	   6.80381	      0.01
      2.77	0.00701616	   6.80151	      0.01
      2.78	0.00701628	    6.7992	      0.01
      2.79	0.00701641	    6.7969	      0.01
       2.8	0.00701653	   6.79459	      0.01
      2.81	0.00701698	   6.79229	      0.01
      2.82	0.00701776	   6.79008	      0.01
      2.83	0.00701855	   6.78787	      0.01
      2.84	0.00701933	   6.78566	      0.01
      2.85	0.00702012	   6.78346	      0.01
      2.86	0.00702125	   6.78125	      0.01
      2.87	0.00702273	   6.77914	      0.01
      2.88	0.00702422	   6.77704	      0.01
      2.89	0.00702571	   6.77493	      0.01
       2.9	0.00702719	   6.77283	      0.01
      2.91	0.00702903	   6.77072	      0.01
      2.92	0.00703125	   6.76871	      0.01
      2.93	0.00703346	   6.76671	      0.01
      2.94	0.00703567	    6.7647	      0.01
      2.95	0.00703788	    6.7627	      0.01
      2.96	0.00704046	    6.7607	      0.01
      2.97	 0.0070434	   6.75879	      0.01
      2.98	0.00704635	   6.75688	      0.01
      2.99	 0.0070493	   6.75498	      0.01
         3	0.00705225	   6.75307	      0.01
      3.01	0.00705556	   6.75117	      0.01
      3.02	0.00705923	   6.74936	      0.01
      3.03	0.00706291	   6.74755	      0.01
      3.04	0.00706659	   6.74574	      0.01
      3.05	0.00707026	   6.74392	      0.01
      3.06	0.00707429	   6.74211	      0.01
      3.07	0.00707867	   6.74039	      0.01
      3.08	0.00708306	   6.73867	      0.01
      3.09	0.00708744	   6.73695	      0.01
       3.1	0.00709183	   6.73523	      0.01
      3.11	0.00709654	   6.73351	      0.01
      3.12	 0.0071016	   6.73187	      0.01
      3.13	0.00710665	   6.73024	      0.01
      3.14	0.00711171	    6.7286	      0.01
      3.15	0.00711677	   6.72696	      0.01
      3.16	0.00712213	   6.72532	      0.01
      3.17	0.00712781	   6.72376	      0.01
      3.18	0.00713349	    6.7222	      0.01
      3.19	0.00713918	   6.72064	      0.01
       3.2	0.00714486	   6.71908	      0.01
      3.21	0.00715082	   6.71752	      0.01
      3.22	0.00715707	   6.71603	      0.01
      3.23	0.00716333	   6.71453	      0.01
      3.24	0.00716958	   6.71304	      0.01
      3.25	0.00717583	   6.71155	      0.01
      3.26	0.00718233	   6.71006	      0.01
      3.27	0.00718909	   6.70862	      0.01
      3.28	0.00719585	   6.70719	      0.01
      3.29	0.00720261	   6.70576	      0.01
       3.3	0.00720937	   6.70433	      0.01
      3.31	0.00721634	    6.7029	      0.01
      3.32	0.00722354	   6.70152	      0.01
      3.33	0.00723074	   6.70014	      0.01
      3.34	0.00723794	   6.69876	      0.01
      3.35	0.00724513	   6.69738	      0.01
      3.36	0.00725251	     6.696	      0.01
      3.37	0.00726008	   6.69468	      0.01
      3.38	0.00726765	   6.69335	      0.01
      3.39	0.00727522	   6.69202	      0.01
       3.4	0.00728278	    6.6907	      0.01
      3.41	 0.0072905	   6.68937	      0.01
      3.42	0.00729837	   6.68804	      0.01
      3.43	0.00730623	   6.68676	      0.01
      3.44	 0.0073141	   6.68547	      0.01
      3.45	0.00732197	   6.68418	      0.01
      3.46	0.00732995	    6.6829	      0.01
      3.47	0.00733806	   6.68161	      0.01
      3.48	0.00734616	   6.68036	      0.01
      3.49	0.00735426	   6.67911	      0.01
       3.5	0.00736237	   6.67786	      0.01
      3.51	0.00737056	    6.6766	      0.01
      3.52	0.00737885	   6.67535	      0.01
      3.53	0.00738714	   6.67413	      0.01
      3.54	0.00739543	   6.67291	      0.01
      3.55	0.00740372	   6.67169	      0.01
      3.56	0.00741201	   6.67046	      0.01
      3.57	0.00742043	   6.66924	      0.01
      3.58	0.00742884	   6.66805	      0.01
      3.59	0.00743725	   6.66686	      0.01
       3.6	0.00744567	   6.66566	      0.01
      3.61	0.00745408	   6.66447	      0.01
      3.62	0.00746257	   6.66328	      0.01
      3.63	0.00747107	   6.66211	      0.01
      3.64	0.00747956	   6.66095	      0.01
      3.65	0.00748805	   6.65979	      0.01
      3.66	0.00749655	   6.65862	      0.01
      3.67	 0.0075051	   6.65746	      0.01
      3.68	0.00751364	   6.65632	      0.01
      3.69	0.00752219	   6.65519	      0.01
       3.7	0.00753074	   6.65405	      0.01
      3.71	0.00753929	   6.65292	      0.01
      3.72	0.00754784	   6.65178	      0.01
      3.73	0.00755642	   6.65068	      0.01
      3.74	  0.007565	   6.64957	      0.01
      3.75	0.00757359	   6.64847	      0.01
      3.76	0.00758217	   6.64737	      0.01
      3.77	0.00759075	   6.64626	      0.01
      3.78	0.00759933	   6.64519	      0.01
      3.79	0.00760792	   6.64412	      0.01
       3.8	0.00761652	   6.64305	      0.01
      3.81	0.00762512	   6.64198	      0.01
      3.82	0.00763372	   6.64091	      0.01
      3.83	0.00764233	   6.63988	      0.01
      3.84	0.00765093	   6.63885	      0.01
      3.85	0.00765953	   6.63781	      0.01
      3.86	0.00766816	   6.63678	      0.01
      3.87	0.00767678	   6.63575	      0.01
      3.88	 0.0076854	   6.63475	      0.01
      3.89	0.00769403	   6.63376	      0.01
       3.9	0.00770265	   6.63276	      0.01
      3.91	0.00771127	   6.63177	      0.01
      3.92	0.00771993	   6.63077	      0.01
      3.93	0.00772858	   6.62982	      0.01
      3.94	0.00773723	   6.62886	      0.01
      3.95	0.00774589	   6.62791	      0.01
      3.96	0.00775454	   6.62696	      0.01
      3.97	0.00776319	     6.626	      0.01
      3.98	0.00777185	   6.62509	      0.01
      3.99	0.00778053	   6.62418	      0.01
         4	0.00778921	   6.62327	      0.01
      4.01	 0.0077979	   6.62236	      0.01
      4.02	0.00780658	   6.62145	      0.01
      4.03	 0.0078153	   6.62058	      0.01
      4.04	0.00782401	   6.61971	      0.01
      4.05	0.00783273	   6.61885	      0.01
      4.06	0.00784144	   6.61798	      0.01
      4.07	0.00785016	   6.61711	      0.01
      4.08	0.00785891	   6.61629	      0.01
      4.09	0.00786767	   6.61546	      0.01
       4.1	0.00787642	   6.61464	      0.01
      4.11	0.00788517	   6.61381	      0.01
      4.12	0.00789393	   6.61299	      0.01
      4.13	0.00790272	    6.6122	      0.01
      4.14	0.00791151	   6.61142	      0.01
      4.15	 0.0079203	   6.61064	      0.01
      4.16	 0.0079291	   6.60986	      0.01
      4.17	0.00793789	   6.60908	      0.01
      4.18	0.00794672	   6.60834	      0.01
      4.19	0.00795555	   6.60759	      0.01
       4.2	0.00796438	   6.60685	      0.01
      4.21	0.00797321	   6.60611	      0.01
      4.22	0.00798204	   6.60537	      0.01
      4.23	0.00799087	   6.60467	      0.01
      4.24	0.00799974	   6.60397	      0.01
      4.25	 0.0080086	   6.60326	      0.01
      4.26	0.00801746	   6.60256	      0.01
      4.27	0.00802632	   6.60186	      0.01
      4.28	0.00803518	   6.60119	      0.01
      4.29	0.00804404	   6.60053	      0.01
       4.3	0.00805291	   6.59986	      0.01
      4.31	0.00806178	   6.59919	      0.01
      4.32	0.00807064	   6.59853	      0.01
      4.33	0.00807951	   6.59789	      0.01
      4.34	0.00808838	   6.59726	      0.01
      4.35	0.00809724	   6.59663	      0.01
      4.36	0.00810611	     6.596	      0.01
      4.37	0.00811497	   6.59536	      0.01
      4.38	0.00812384	   6.59476	      0.01
      4.39	0.00813271	   6.59416	      0.01
       4.4	0.00814157	   6.59355	      0.01
      4.41	0.00815044	   6.59295	      0.01
      4.42	0.00815931	   6.59235	      0.01
      4.43	0.00816817	   6.59178	      0.01
      4.44	0.00817704	    6.5912	      0.01
      4.45	0.00818586	   6.59063	      0.01
      4.46	0.00819468	   6.59006	      0.01
      4.47	0.00820349	   6.58948	      0.01
      4.48	0.00821228	   6.58891	      0.01
      4.49	0.00822107	   6.58836	      0.01
       4.5	0.00822985	   6.58782	      0.01
      4.51	0.00823864	   6.58727	      0.01
      4.52	0.00824736	   6.58672	      0.01
      4.53	0.00825608	   6.58617	      0.01
      4.54	0.00826479	   6.58565	      0.01
      4.55	0.00827351	   6.58512	      0.01
      4.56	0.00828223	   6.58459	      0.01
      4.57	0.00829086	   6.58407	      0.01
      4.58	0.00829949	   6.58354	      0.01
      4.59	0.00830811	   6.58303	      0.01
       4.6	0.00831674	   6.58253	      0.01
      4.61	0.00832537	   6.58202	      0.01
      4.62	0.00833389	   6.58151	      0.01
      4.63	0.00834241	   6.58101	      0.01
      4.64	0.00835093	    6.5805	      0.01
      4.65	0.00835945	   6.58001	      0.01
      4.66	0.00836797	   6.57952	      0.01
      4.67	0.00837636	   6.57903	      0.01
      4.68	0.00838475	   6.57854	      0.01
      4.69	0.00839315	   6.57806	      0.01
       4.7	0.00840154	   6.57758	      0.01
      4.71	0.00840993	   6.57711	      0.01
      4.72	0.00841818	   6.57663	      0.01
      4.73	0.00842644	   6.57616	      0.01
      4.74	0.00843469	   6.57569	      0.01
      4.75	0.00844294	   6.57521	      0.01
      4.76	0.00845119	   6.57476	      0.01
      4.77	0.00845929	    6.5743	      0.01
      4.78	0.00846739	   6.57385	      0.01
      4.79	0.00847549	   6.57339	      0.01
       4.8	0.00848359	   6.57293	      0.01
      4.81	0.00849169	   6.57248	      0.01
      4.82	0.00849963	   6.57202	      0.01
      4.83	0.00850757	   6.57158	      0.01
      4.84	0.00851551	   6.57115	      0.01
      4.85	0.00852345	   6.57071	      0.01
      4.86	0.00853139	   6.57027	      0.01
      4.87	0.00853916	   6.56983	      0.01
      4.88	0.00854693	   6.56939	      0.01
      4.89	 0.0085547	   6.56896	      0.01
       4.9	0.00856247	   6.56852	      0.01
      4.91	0.00857024	    6.5681	      0.01
      4.92	0.00857784	   6.56768	      0.01
      4.93	0.00858544	   6.56726	      0.01
      4.94	0.00859304	   6.56684	      0.01
      4.95	0.00860064	   6.56642	      0.01
      4.96	0.00860824	     6.566	      0.01
      4.97	0.00861567	   6.56558	      0.01
      4.98	 0.0086231	   6.56518	      0.01
      4.99	0.00863053	   6.56478	      0.01
         5	0.00863796	   6.56438	      0.01
      5.01	0.00864539	   6.56398	      0.01
      5.02	0.00865265	   6.56358	      0.01
      5.03	 0.0086599	   6.56317	      0.01
      5.04	0.00866716	   6.56277	      0.01
      5.05	0.00867442	   6.56237	      0.01
      5.06	0.00868168	   6.56199	      0.01
      5.07	0.00868877	   6.56161	      0.01
      5.08	0.00869586	   6.56123	      0.01
      5.09	0.00870295	   6.56084	      0.01
       5.1	0.00871005	   6.56046	      0.01
      5.11	0.00871714	   6.56008	      0.01
      5.12	0.00872406	    6.5597	      0.01
      5.13	0.00873099	   6.55934	      0.01
      5.14	0.00873792	   6.55897	      0.01
      5.15	0.00874485	   6.55861	      0.01
      5.16	0.00875177	   6.55825	      0.01
      5.17	0.00875854	   6.55788	      0.01
      5.18	0.00876531	   6.55752	      0.01
      5.19	0.00877208	   6.55716	      0.01
       5.2	0.00877885	   6.55679	      0.01
      5.21	0.00878562	   6.55645	      0.01
      5.22	0.00879223	   6.55611	      0.01
      5.23	0.00879885	   6.55577	      0.01
      5.24	0.00880546	   6.55542	      0.01
      5.25	0.00881207	   6.55508	      0.01
      5.26	0.00881869	   6.55474	      0.01
      5.27	0.00882515	    6.5544	      0.01
      5.28	0.00883162	   6.55407	      0.01
      5.29	0.00883808	   6.55375	      0.01
       5.3	0.00884455	   6.55342	      0.01
      5.31	0.00885101	    6.5531	      0.01
      5.32	0.00885733	   6.55278	      0.01
      5.33	0.00886365	   6.55245	      0.01
      5.34	0.00886997	   6.55213	      0.01
      5.35	0.00887629	    6.5518	      0.01
      5.36	0.00888261	    6.5515	      0.01
      5.37	0.00888878	   6.55119	      0.01
      5.38	0.00889496	   6.55089	      0.01
      5.39	0.00890114	   6.55059	      0.01
       5.4	0.00890731	   6.55028	      0.01
      5.41	0.00891349	   6.54998	      0.01
      5.42	0.00891953	   6.54967	      0.01
      5.43	0.00892557	   6.54938	      0.01
      5.44	 0.0089316	   6.54909	      0.01
      5.45	0.00893764	   6.54881	      0.01
      5.46	0.00894368	   6.54852	      0.01
      5.47	0.00894958	   6.54823	      0.01
      5.48	0.00895548	   6.54794	      0.01
      5.49	0.00896138	   6.54765	      0.01
       5.5	0.00896728	   6.54736	      0.01
      5.51	0.00897318	   6.54709	      0.01
      5.52	0.00897895	   6.54682	      0.01
      5.53	0.00898471	   6.54655	      0.01
      5.54	0.00899048	   6.54628	      0.01
      5.55	0.00899624	   6.54601	      0.01
      5.56	0.00900201	   6.54574	      0.01
      5.57	0.00900764	   6.54547	      0.01
      5.58	0.00901327	    6.5452	      0.01
      5.59	 0.0090189	   6.54494	      0.01
       5.6	0.00902453	   6.54469	      0.01
      5.61	0.00903015	   6.54443	      0.01
      5.62	0.00903565	   6.54417	      0.01
      5.63	0.00904114	   6.54392	      0.01
      5.64	0.00904664	   6.54366	      0.01
      5.65	0.00905213	    6.5434	      0.01
      5.66	0.00905763	   6.54315	      0.01
      5.67	0.00906299	    6.5429	      0.01
      5.68	0.00906835	   6.54266	      0.01
      5.69	0.00907371	   6.54242	      0.01
       5.7	0.00907907	   6.54218	      0.01
      5.71	0.00908443	   6.54194	      0.01
      5.72	0.00908965	    6.5417	      0.01
      5.73	0.00909488	   6.54146	      0.01
      5.74	 0.0091001	   6.54122	      0.01
      5.75	0.00910533	   6.54098	      0.01
      5.76	0.00911055	   6.54074	      0.01
      5.77	0.00911564	   6.54049	      0.01
      5.78	0.00912073	   6.54027	      0.01
      5.79	0.00912582	   6.54004	      0.01
       5.8	0.00913091	   6.53982	      0.01
      5.81	  0.009136	   6.53959	      0.01
      5.82	0.00914095	   6.53936	      0.01
      5.83	0.00914591	   6.53914	      0.01
      5.84	0.00915086	   6.53891	      0.01
      5.85	0.00915581	   6.53868	      0.01
      5.86	0.00916077	   6.53846	      0.01
      5.87	0.00916559	   6.53823	      0.01
      5.88	0.00917041	   6.53801	      0.01
      5.89	0.00917523	   6.53779	      0.01
       5.9	0.00918004	   6.53758	      0.01
      5.91	0.00918486	   6.53736	      0.01
      5.92	0.00918955	   6.53715	      0.01
      5.93	0.00919423	   6.53694	      0.01
      5.94	0.00919892	   6.53672	      0.01
      5.95	 0.0092036	   6.53651	      0.01
      5.96	0.00920829	    6.5363	      0.01
      5.97	0.00921284	   6.53608	      0.01
      5.98	0.00921739	   6.53587	      0.01
      5.99	0.00922194	   6.53565	      0.01
         6	 0.0092265	   6.53545	      0.01
      6.01	0.00923105	   6.53525	      0.01
      6.02	0.00923547	   6.53504	      0.01
      6.03	0.00923989	   6.53484	      0.01
      6.04	0.00924431	   6.53464	      0.01
      6.05	0.00924873	   6.53444	      0.01
      6.06	0.00925315	   6.53423	      0.01
      6.07	0.00925744	   6.53403	      0.01
      6.08	0.00926173	   6.53383	      0.01
      6.09	0.00926602	   6.53362	      0.01
       6.1	0.00927031	   6.53343	      0.01
      6.11	 0.0092746	   6.53324	      0.01
      6.12	0.00927877	   6.53304	      0.01
      6.13	0.00928293	   6.53285	      0.01
      6.14	0.00928709	   6.53266	      0.01
      6.15	0.00929126	   6.53246	      0.01
      6.16	0.00929542	   6.53227	      0.01
      6.17	0.00929946	   6.53208	      0.01
      6.18	 0.0093035	   6.53188	      0.01
      6.19	0.00930754	   6.53169	      0.01
       6.2	0.00931158	   6.53151	      0.01
      6.21	0.00931562	   6.53132	      0.01
      6.22	0.00931954	   6.53114	      0.01
      6.23	0.00932346	   6.53095	      0.01
      6.24	0.00932738	   6.53077	      0.01
      6.25	 0.0093313	   6.53059	      0.01
      6.26	0.00933522	    6.5304	      0.01
      6.27	0.00933902	   6.53022	      0.01
      6.28	0.00934283	   6.53003	      0.01
      6.29	0.00934663	   6.52985	      0.01
       6.3	0.00935043	   6.52968	      0.01
      6.31	0.00935424	    6.5295	      0.01
      6.32	0.00935793	   6.52933	      0.01
      6.33	0.00936162	   6.52915	      0.01
      6.34	0.00936531	   6.52898	      0.01
      6.35	  0.009369	   6.52881	      0.01
      6.36	0.00937269	   6.52863	      0.01
      6.37	0.00937627	   6.52846	      0.01
      6.38	0.00937985	   6.52828	      0.01
      6.39	0.00938343	   6.52811	      0.01
       6.4	0.00938701	   6.52794	      0.01
      6.41	0.00939059	   6.52778	      0.01
      6.42	0.00939407	   6.52761	      0.01
      6.43	0.00939754	   6.52745	      0.01
      6.44	0.00940102	   6.52728	      0.01
      6.45	0.00940449	   6.52712	      0.01
      6.46	0.00940797	   6.52695	      0.01
      6.47	0.00941134	   6.52679	      0.01
      6.48	0.00941472	   6.52662	      0.01
      6.49	0.00941809	   6.52646	      0.01
       6.5	0.00942146	    6.5263	      0.01
      6.51	0.00942484	   6.52615	      0.01
      6.52	0.00942811	   6.52599	      0.01
      6.53	0.00943139	   6.52584	      0.01
      6.54	0.00943466	   6.52568	      0.01
      6.55	0.00943794	   6.52553	      0.01
      6.56	0.00944121	   6.52537	      0.01
      6.57	0.00944439	   6.52522	      0.01
      6.58	0.00944757	   6.52506	      0.01
      6.59	0.00945075	   6.52491	      0.01
       6.6	0.00945393	   6.52475	      0.01
      6.61	0.00945711	    6.5246	      0.01
      6.62	 0.0094602	   6.52446	      0.01
      6.63	0.00946329	   6.52431	      0.01
      6.64	0.00946638	   6.52417	      0.01
      6.65	0.00946946	   6.52402	      0.01
      6.66	0.00947255	   6.52388	      0.01
      6.67	0.00947555	   6.52373	      0.01
      6.68	0.00947855	   6.52359	      0.01
      6.69	0.00948155	   6.52344	      0.01
       6.7	0.00948454	    6.5233	      0.01
      6.71	0.00948754	   6.52315	      0.01
      6.72	0.00949046	   6.52301	      0.01
      6.73	0.00949337	   6.52287	      0.01
      6.74	0.00949628	   6.52274	      0.01
      6.75	0.00949919	    6.5226	      0.01
      6.76	 0.0095021	   6.52246	      0.01
      6.77	0.00950493	   6.52233	      0.01
      6.78	0.00950776	   6.52219	      0.01
      6.79	0.00951058	   6.52206	      0.01
       6.8	0.00951341	   6.52192	      0.01
      6.81	0.00951624	   6.52179	      0.01
      6.82	0.00951898	   6.52165	      0.01
      6.83	0.00952173	   6.52152	      0.01
      6.84	0.00952447	   6.52138	      0.01
      6.85	0.00952722	   6.52125	      0.01
      6.86	0.00952996	   6.52111	      0.01
      6.87	0.00953263	   6.52098	      0.01
      6.88	0.00953529	   6.52086	      0.01
      6.89	0.00953796	   6.52073	      0.01
       6.9	0.00954062	   6.52061	      0.01
      6.91	0.00954329	   6.52048	      0.01
      6.92	0.00954587	   6.52036	      0.01
      6.93	0.00954846	   6.52023	      0.01
      6.94	0.00955105	   6.52011	      0.01
      6.95	0.00955363	   6.51998	      0.01
      6.96	0.00955622	   6.51986	      0.01
      6.97	0.00955873	   6.51973	      0.01
      6.98	0.00956124	   6.51961	      0.01
      6.99	0.00956375	   6.51948	      0.01
         7	0.00956626	   6.51936	      0.01
      7.01	0.00956877	   6.51923	      0.01
      7.02	 0.0095712	   6.51911	      0.01
      7.03	0.00957364	   6.51899	      0.01
      7.04	0.00957607	   6.51887	      0.01
      7.05	0.00957851	   6.51876	      0.01
      7.06	0.00958095	   6.51864	      0.01
      7.07	0.00958331	   6.51853	      0.01
      7.08	0.00958567	   6.51841	      0.01
      7.09	0.00958803	   6.51829	      0.01
       7.1	 0.0095904	   6.51818	      0.01
      7.11	0.00959276	   6.51806	      0.01
      7.12	0.00959505	   6.51795	      0.01
      7.13	0.00959734	   6.51783	      0.01
      7.14	0.00959963	   6.51771	      0.01
      7.15	0.00960192	    6.5176	      0.01
      7.16	0.00960421	   6.51748	      0.01
      7.17	0.00960644	   6.51736	      0.01
      7.18	0.00960866	   6.51725	      0.01
      7.19	0.00961088	   6.51714	      0.01
       7.2	 0.0096131	   6.51703	      0.01
      7.21	0.00961532	   6.51692	      0.01
      7.22	0.00961748	   6.51682	      0.01
      7.23	0.00961963	   6.51671	      0.01
      7.24	0.00962179	    6.5166	      0.01
      7.25	0.00962394	   6.51649	      0.01
      7.26	 0.0096261	   6.51639	      0.01
      7.27	0.00962818	   6.51628	      0.01
      7.28	0.00963025	   6.51617	      0.01
      7.29	0.00963233	   6.51606	      0.01
       7.3	0.00963441	   6.51595	      0.01
      7.31	0.00963649	   6.51585	      0.01
      7.32	0.00963857	   6.51574	      0.01
      7.33	0.00964058	   6.51563	      0.01
      7.34	 0.0096426	   6.51552	      0.01
      7.35	0.00964461	   6.51542	      0.01
      7.36	0.00964662	   6.51532	      0.01
      7.37	0.00964863	   6.51522	      0.01
      7.38	0.00965059	   6.51512	      0.01
      7.39	0.00965254	   6.51502	      0.01
       7.4	0.00965449	   6.51492	      0.01
      7.41	0.00965644	   6.51482	      0.01
      7.42	0.00965839	   6.51472	      0.01
      7.43	0.00966028	   6.51462	      0.01
      7.44	0.00966217	   6.51452	      0.01
      7.45	0.00966407	   6.51442	      0.01
      7.46	0.00966596	   6.51431	      0.01
      7.47	0.00966785	   6.51421	      0.01
      7.48	0.00966968	   6.51411	      0.01
      7.49	0.00967152	   6.51401	      0.01
       7.5	0.00967335	   6.51392	      0.01
      7.51	0.00967519	   6.51383	      0.01
      7.52	0.00967702	   6.51373	      0.01
      7.53	 0.0096788	   6.51364	      0.01
      7.54	0.00968058	   6.51354	      0.01
      7.55	0.00968236	   6.51345	      0.01
      7.56	0.00968414	   6.51336	      0.01
      7.57	0.00968592	   6.51326	      0.01
      7.58	0.00968764	   6.51317	      0.01
      7.59	0.00968937	   6.51308	      0.01
       7.6	0.00969109	   6.51298	      0.01
      7.61	0.00969282	   6.51289	      0.01
      7.62	0.00969454	    6.5128	      0.01
      7.63	0.00969622	    6.5127	      0.01
      7.64	0.00969789	   6.51261	      0.01
      7.65	0.00969956	   6.51251	      0.01
      7.66	0.00970124	   6.51243	      0.01
      7.67	0.00970291	   6.51234	      0.01
      7.68	0.00970453	   6.51226	      0.01
      7.69	0.00970616	   6.51217	      0.01
       7.7	0.00970778	   6.51208	      0.01
      7.71	 0.0097094	     6.512	      0.01
      7.72	0.00971103	   6.51191	      0.01
      7.73	 0.0097126	   6.51182	      0.01
      7.74	0.00971418	   6.51174	      0.01
      7.75	0.00971575	   6.51165	      0.01
      7.76	0.00971733	   6.51156	      0.01
      7.77	 0.0097189	   6.51148	      0.01
      7.78	0.00972043	   6.51139	      0.01
      7.79	0.00972196	    6.5113	      0.01
       7.8	0.00972349	   6.51122	      0.01
      7.81	0.00972502	   6.51113	      0.01
      7.82	0.00972655	   6.51105	      0.01
      7.83	0.00972803	   6.51097	      0.01
      7.84	0.00972951	   6.51089	      0.01
      7.85	  0.009731	   6.51081	      0.01
      7.86	0.00973248	   6.51073	      0.01
      7.87	0.00973396	   6.51065	      0.01
      7.88	 0.0097354	   6.51057	      0.01
      7.89	0.00973684	   6.51049	      0.01
       7.9	0.00973828	   6.51041	      0.01
      7.91	0.00973972	   6.51033	      0.01
      7.92	0.00974116	   6.51025	      0.01
      7.93	0.00974256	   6.51017	      0.01
      7.94	0.00974396	   6.51009	      0.01
      7.95	0.00974536	   6.51001	      0.01
      7.96	0.00974675	   6.50994	      0.01
      7.97	0.00974815	   6.50986	      0.01
      7.98	0.00974951	   6.50978	      0.01
      7.99	0.00975087	    6.5097	      0.01
         8	0.00975222	   6.50962	      0.01
      8.01	0.00975358	   6.50954	      0.01
      8.02	0.00975494	   6.50947	      0.01
      8.03	0.00975625	   6.50939	      0.01
      8.04	0.00975756	   6.50932	      0.01
      8.05	0.00975888	   6.50925	      0.01
      8.06	0.00976019	   6.50918	      0.01
      8.07	 0.0097615	   6.50911	      0.01
      8.08	0.00976282	   6.50903	      0.01
      8.09	0.00976409	   6.50896	      0.01
       8.1	0.00976536	   6.50889	      0.01
      8.11	0.00976663	   6.50882	      0.01
      8.12	 0.0097679	   6.50875	      0.01
      8.13	0.00976917	   6.50867	      0.01
      8.14	0.00977041	    6.5086	      0.01
      8.15	0.00977164	   6.50853	      0.01
      8.16	0.00977288	   6.50846	      0.01
      8.17	0.00977411	   6.50838	      0.01
      8.18	0.00977535	   6.50831	      0.01
      8.19	0.00977655	   6.50824	      0.01
       8.2	0.00977774	   6.50817	      0.01
      8.21	0.00977894	    6.5081	      0.01
      8.22	0.00978014	   6.50802	      0.01
      8.23	0.00978134	   6.50796	      0.01
      8.24	 0.0097825	   6.50789	      0.01
      8.25	0.00978367	   6.50783	      0.01
      8.26	0.00978483	   6.50776	      0.01
      8.27	  0.009786	    6.5077	      0.01
      8.28	0.00978716	   6.50763	      0.01
      8.29	0.00978829	   6.50757	      0.01
       8.3	0.00978942	    6.5075	      0.01
      8.31	0.00979055	   6.50743	      0.01
      8.32	0.00979168	   6.50737	      0.01
      8.33	0.00979281	    6.5073	      0.01
      8.34	0.00979391	   6.50724	      0.01
      8.35	0.00979501	   6.50717	      0.01
      8.36	 0.0097961	   6.50711	      0.01
      8.37	 0.0097972	   6.50704	      0.01
      8.38	 0.0097983	   6.50698	      0.01
      8.39	0.00979936	   6.50691	      0.01
       8.4	0.00980043	   6.50684	      0.01
      8.41	0.00980149	   6.50678	      0.01
      8.42	0.00980256	   6.50671	      0.01
      8.43	0.00980362	   6.50665	      0.01
      8.44	0.00980466	   6.50659	      0.01
      8.45	0.00980569	   6.50653	      0.01
      8.46	0.00980673	   6.50647	      0.01
      8.47	0.00980776	   6.50641	      0.01
      8.48	 0.0098088	   6.50635	      0.01
      8.49	 0.0098098	   6.50629	      0.01
       8.5	0.00981081	   6.50623	      0.01
      8.51	0.00981181	   6.50617	      0.01
      8.52	0.00981282	   6.50611	      0.01
      8.53	0.00981382	   6.50605	      0.01
      8.54	 0.0098148	   6.50599	      0.01
      8.55	0.00981577	   6.50593	      0.01
      8.56	0.00981675	   6.50587	      0.01
      8.57	0.00981772	   6.50581	      0.01
      8.58	 0.0098187	   6.50575	      0.01
      8.59	0.00981965	   6.50569	      0.01
       8.6	0.00982059	   6.50563	      0.01
      8.61	0.00982154	   6.50558	      0.01
      8.62	0.00982248	   6.50552	      0.01
      8.63	0.00982343	   6.50546	      0.01
      8.64	0.00982437	    6.5054	      0.01
      8.65	0.00982529	   6.50534	      0.01
      8.66	 0.0098262	   6.50529	      0.01
      8.67	0.00982712	   6.50523	      0.01
      8.68	0.00982803	   6.50518	      0.01
      8.69	0.00982895	   6.50513	      0.01
       8.7	0.00982984	   6.50507	      0.01
      8.71	0.00983073	   6.50502	      0.01
      8.72	0.00983162	   6.50496	      0.01
      8.73	0.00983251	   6.50491	      0.01
      8.74	0.00983339	   6.50485	      0.01
      8.75	0.00983426	    6.5048	      0.01
      8.76	0.00983512	   6.50475	      0.01
      8.77	0.00983599	   6.50469	      0.01
      8.78	0.00983685	   6.50464	      0.01
      8.79	0.00983771	   6.50458	      0.01
       8.8	0.00983855	   6.50453	      0.01
      8.81	0.00983939	   6.50447	      0.01
      8.82	0.00984023	   6.50442	      0.01
      8.83	0.00984107	   6.50437	      0.01
      8.84	0.00984191	   6.50431	      0.01
      8.85	0.00984273	   6.50426	      0.01
      8.86	0.00984354	   6.50421	      0.01
      8.87	0.00984436	   6.50416	      0.01
      8.88	0.00984517	   6.50411	      0.01
      8.89	0.00984599	   6.50406	      0.01
       8.9	0.00984678	   6.50401	      0.01
      8.91	0.00984758	   6.50397	      0.01
      8.92	0.00984837	   6.50392	      0.01
      8.93	0.00984916	   6.50387	      0.01
      8.94	0.00984995	   6.50382	      0.01
      8.95	0.00985072	   6.50377	      0.01
      8.96	0.00985149	   6.50372	      0.01
      8.97	0.00985226	   6.50367	      0.01
      8.98	0.00985303	   6.50362	      0.01
      8.99	 0.0098538	   6.50358	      0.01
         9	0.00985457	   6.50353	      0.01
      9.01	0.00985531	   6.50348	      0.01
      9.02	0.00985605	   6.50343	      0.01
      9.03	0.00985679	   6.50338	      0.01
      9.04	0.00985753	   6.50333	      0.01
      9.05	0.00985827	   6.50328	      0.01
      9.06	0.00985901	   6.50323	      0.01
      9.07	0.00985975	   6.50318	      0.01
      9.08	0.00986047	   6.50314	      0.01
      9.09	0.00986118	   6.50309	      0.01
       9.1	0.00986189	   6.50304	      0.01
      9.11	 0.0098626	     6.503	      0.01
      9.12	0.00986331	   6.50296	      0.01
      9.13	0.00986402	   6.50291	      0.01
      9.14	0.00986473	   6.50287	      0.01
      9.15	0.00986544	   6.50282	      0.01
      9.16	0.00986613	   6.50278	      0.01
      9.17	0.00986681	   6.50274	      0.01
      9.18	0.00986749	   6.50269	      0.01
      9.19	0.00986817	   6.50265	      0.01
       9.2	0.00986885	   6.50261	      0.01
      9.21	0.00986953	   6.50256	      0.01
      9.22	0.00987021	   6.50252	      0.01
      9.23	0.00987087	   6.50248	      0.01
      9.24	0.00987152	   6.50243	      0.01
      9.25	0.00987217	   6.50239	      0.01
      9.26	0.00987283	   6.50234	      0.01
      9.27	0.00987348	    6.5023	      0.01
      9.28	0.00987414	   6.50226	      0.01
      9.29	0.00987479	   6.50221	      0.01
       9.3	0.00987545	   6.50217	      0.01
      9.31	0.00987607	   6.50213	      0.01
      9.32	 0.0098767	   6.50208	      0.01
      9.33	0.00987733	   6.50204	      0.01
      9.34	0.00987795	     6.502	      0.01
      9.35	0.00987858	   6.50196	      0.01
      9.36	0.00987921	   6.50193	      0.01
      9.37	0.00987983	   6.50189	      0.01
      9.38	0.00988044	   6.50185	      0.01
      9.39	0.00988104	   6.50181	      0.01
       9.4	0.00988164	   6.50177	      0.01
      9.41	0.00988224	   6.50173	      0.01
      9.42	0.00988284	   6.50169	      0.01
      9.43	0.00988344	   6.50165	      0.01
      9.44	0.00988404	   6.50161	      0.01
      9.45	0.00988464	   6.50158	      0.01
      9.46	0.00988524	   6.50154	      0.01
      9.47	0.00988582	    6.5015	      0.01
      9.48	0.00988639	   6.50146	      0.01
      9.49	0.00988696	   6.50142	      0.01
       9.5	0.00988753	   6.50138	      0.01
      9.51	 0.0098881	   6.50134	      0.01
      9.52	0.00988867	    6.5013	      0.01
      9.53	0.00988924	   6.50126	      0.01
      9.54	0.00988981	   6.50123	      0.01
      9.55	0.00989038	   6.50119	      0.01
      9.56	0.00989095	   6.50115	      0.01
      9.57	0.00989149	   6.50111	      0.01
      9.58	0.00989203	   6.50107	      0.01
      9.59	0.00989257	   6.50103	      0.01
       9.6	0.00989311	     6.501	      0.01
      9.61	0.00989365	   6.50096	      0.01
      9.62	0.00989419	   6.50093	      0.01
      9.63	0.00989473	   6.50089	      0.01
      9.64	0.00989527	   6.50086	      0.01
      9.65	0.00989581	   6.50082	      0.01
      9.66	0.00989635	   6.50079	      0.01
      9.67	0.00989686	   6.50076	      0.01
      9.68	0.00989737	   6.50072	      0.01
      9.69	0.00989788	   6.50069	      0.01
       9.7	0.00989839	   6.50065	      0.01
      9.71	 0.0098989	   6.50062	      0.01
      9.72	0.00989942	   6.50058	      0.01
      9.73	0.00989993	   6.50055	      0.01
      9.74	0.00990044	   6.50052	      0.01
      9.75	0.00990095	   6.50048	      0.01
      9.76	0.00990146	   6.50045	      0.01
      9.77	0.00990195	   6.50041	      0.01
      9.78	0.00990243	   6.50038	      0.01
      9.79	0.00990292	   6.50034	      0.01
       9.8	 0.0099034	   6.50031	      0.01
      9.81	0.00990389	   6.50028	      0.01
      9.82	0.00990437	   6.50024	      0.01
      9.83	0.00990486	   6.50021	      0.01
      9.84	0.00990534	   6.50017	      0.01
      9.85	0.00990583	   6.50014	      0.01
      9.86	0.00990631	    6.5001	      0.01
      9.87	0.00990677	   6.50007	      0.01
      9.88	0.00990723	   6.50004	      0.01
      9.89	0.00990768	   6.50001	      0.01
       9.9	0.00990814	   6.49998	      0.01
      9.91	 0.0099086	   6.49994	      0.01
      9.92	0.00990906	   6.49991	      0.01
      9.93	0.00990952	   6.49988	      0.01
      9.94	0.00990997	   6.49985	      0.01
      9.95	0.00991043	   6.49982	      0.01
      9.96	0.00991089	   6.49978	      0.01
      9.97	0.00991135	   6.49975	      0.01
      9.98	0.00991179	   6.49972	      0.01
      9.99	0.00991223	   6.49969	      0.01
        10	0.00991268	   6.49966	      0.01
