Time	PV	OP	SP
         0	   49.7701	   11143.2	   49.7637
      0.01	   49.7701	   11143.3	   49.7637
      0.02	   49.7701	   11143.4	   49.7637
      0.03	     49.77	   11143.5	   49.7637
      0.04	     49.77	   11143.6	   49.7637
      0.05	     49.77	   11143.7	   49.7637
      0.06	     49.77	   11143.9	   49.7637
      0.07	   49.7699	     11144	   49.7637
      0.08	   49.7699	   11144.1	   49.7637
      0.09	   49.7699	   11144.2	   49.7637
       0.1	   49.7698	   11144.3	   49.7637
      0.11	   49.7698	   11144.4	   49.7637
      0.12	   49.7698	   11144.5	   49.7637
      0.13	   49.7698	   11144.6	   49.7637
      0.14	   49.7697	   11144.7	   49.7637
      0.15	   49.7697	   11144.8	   49.7637
      0.16	   49.7697	   11144.9	   49.7637
      0.17	   49.7697	     11145	   49.7637
      0.18	   49.7696	   11145.1	   49.7637
      0.19	   49.7696	   11145.2	   49.7637
       0.2	   49.7696	   11145.3	   49.7637
      0.21	   49.7695	   11145.4	   49.7637
      0.22	   49.7695	   11145.5	   49.7637
      0.23	   49.7695	   11145.6	   49.7637
      0.24	   49.7695	   11145.7	   49.7637
      0.25	   49.7694	   11145.8	   49.7637
      0.26	   49.7694	   11145.8	   49.7637
      0.27	   49.7694	   11145.9	   49.7637
      0.28	   49.7694	     11146	   49.7637
      0.29	   49.7693	   11146.1	   49.7637
       0.3	   49.7693	   11146.2	   49.7637
      0.31	   49.7693	   11146.3	   49.7637
      0.32	   49.7692	   11146.4	   49.7637
      0.33	   49.7692	   11146.5	   49.7637
      0.34	   49.7692	   11146.6	   49.7637
      0.35	   49.7692	   11146.7	   49.7637
      0.36	   49.7691	   11146.8	   49.7637
      0.37	   49.7691	   11146.8	   49.7637
      0.38	   49.7691	   11146.9	   49.7637
      0.39	   49.7691	     11147	   49.7637
       0.4	    49.769	   11147.1	   49.7637
      0.41	    49.769	   11147.2	   49.7637
      0.42	    49.769	   11147.3	   49.7637
      0.43	    49.769	   11147.3	   49.7637
      0.44	   49.7689	   11147.4	   49.7637
      0.45	   49.7689	   11147.5	   49.7637
      0.46	   49.7689	   11147.6	   49.7637
      0.47	   49.7689	   11147.7	   49.7637
      0.48	   49.7689	   11147.8	   49.7637
      0.49	   49.7688	   11147.8	   49.7637
       0.5	   49.7688	   11147.9	   49.7637
      0.51	   49.7688	     11148	   49.7637
      0.52	   49.7688	   11148.1	   49.7637
      0.53	   49.7687	   11148.2	   49.7637
      0.54	   49.7687	   11148.3	   49.7637
      0.55	   49.7687	   11148.3	   49.7637
      0.56	   49.7687	   11148.4	   49.7637
      0.57	   49.7686	   11148.5	   49.7637
      0.58	   49.7686	   11148.5	   49.7637
      0.59	   49.7686	   11148.6	   49.7637
       0.6	   49.7686	   11148.7	   49.7637
      0.61	   49.7685	   11148.8	   49.7637
      0.62	   49.7685	   11148.8	   49.7637
      0.63	   49.7685	   11148.9	   49.7637
      0.64	   49.7685	     11149	   49.7637
      0.65	   49.7685	   11149.1	   49.7637
      0.66	   49.7684	   11149.1	   49.7637
      0.67	   49.7684	   11149.2	   49.7637
      0.68	   49.7684	   11149.3	   49.7637
      0.69	   49.7684	   11149.4	   49.7637
       0.7	   49.7683	   11149.4	   49.7637
      0.71	   49.7683	   11149.5	   49.7637
      0.72	   49.7683	   11149.6	   49.7637
      0.73	   49.7683	   11149.6	   49.7637
      0.74	   49.7682	   11149.7	   49.7637
      0.75	   49.7682	   11149.8	   49.7637
      0.76	   49.7682	   11149.9	   49.7637
      0.77	   49.7682	   11149.9	   49.7637
      0.78	   49.7681	     11150	   49.7637
      0.79	   49.7681	   11150.1	   49.7637
       0.8	   49.7681	   11150.1	   49.7637
      0.81	   49.7681	   11150.2	   49.7637
      0.82	   49.7681	   11150.3	   49.7637
      0.83	    49.768	   11150.3	   49.7637
      0.84	    49.768	   11150.4	   49.7637
      0.85	    49.768	   11150.5	   49.7637
      0.86	    49.768	   11150.5	   49.7637
      0.87	   49.7679	   11150.6	   49.7637
      0.88	   49.7679	   11150.7	   49.7637
      0.89	   49.7679	   11150.7	   49.7637
       0.9	   49.7679	   11150.8	   49.7637
      0.91	   49.7678	   11150.9	   49.7637
      0.92	   49.7678	   11150.9	   49.7637
      0.93	   49.7678	     11151	   49.7637
      0.94	   49.7678	   11151.1	   49.7637
      0.95	   49.7678	   11151.1	   49.7637
      0.96	   49.7677	   11151.2	   49.7637
      0.97	   49.7677	   11151.3	   49.7637
      0.98	   49.7677	   11151.3	   49.7637
      0.99	   49.7677	   11151.4	   49.7637
         1	   49.7676	   11151.5	   49.7637
      1.01	   49.7676	   11151.4	   49.7637
      1.02	   49.7676	   11151.8	   49.7637
      1.03	   49.7697	   11153.9	   49.7637
      1.04	   49.7766	   11159.8	   49.7637
      1.05	   49.7892	   11169.7	   49.7637
      1.06	   49.8061	   11182.5	   49.7637
      1.07	   49.8328	   11201.5	   49.7637
      1.08	   49.8641	   11223.3	   49.7637
      1.09	   49.9012	   11248.8	   49.7637
       1.1	   49.9455	   11278.6	   49.7637
      1.11	   49.9925	   11310.2	   49.7637
      1.12	    50.046	     11346	   49.7637
      1.13	   50.1011	   11382.9	   49.7637
      1.14	   50.1592	   11422.1	   49.7637
      1.15	   50.2179	   11462.1	   49.7637
      1.16	   50.2771	   11502.9	   49.7637
      1.17	   50.3351	   11543.7	   49.7637
      1.18	    50.392	   11584.4	   49.7637
      1.19	   50.4463	   11624.3	   49.7637
       1.2	   50.4984	   11663.5	   49.7637
      1.21	   50.5459	   11701.5	   49.7637
      1.22	   50.5919	   11739.1	   49.7637
      1.23	   50.6319	   11774.1	   49.7637
      1.24	   50.6698	   11808.1	   49.7637
      1.25	      50.7	   11839.3	   49.7637
      1.26	   50.7293	   11870.3	   49.7637
      1.27	   50.7512	   11897.8	   49.7637
      1.28	   50.7715	   11924.5	   49.7637
      1.29	   50.7827	   11947.4	   49.7637
       1.3	    50.794	   11970.2	   49.7637
      1.31	   50.7982	   11989.5	   49.7637
      1.32	    50.801	   12008.1	   49.7637
      1.33	   50.7971	   12023.4	   49.7637
      1.34	   50.7912	   12037.7	   49.7637
      1.35	   50.7815	   12049.9	   49.7637
      1.36	   50.7676	   12059.8	   49.7637
      1.37	   50.7505	   12067.8	   49.7637
      1.38	   50.7305	   12074.1	   49.7637
      1.39	   50.7072	   12078.5	   49.7637
       1.4	     50.68	   12080.2	   49.7637
      1.41	   50.6506	   12080.5	   49.7637
      1.42	   50.6193	   12079.6	   49.7637
      1.43	   50.5843	   12075.8	   49.7637
      1.44	   50.5481	     12071	   49.7637
      1.45	   50.5099	   12064.6	   49.7637
      1.46	   50.4697	   12056.3	   49.7637
      1.47	   50.4286	   12047.1	   49.7637
      1.48	   50.3856	   12035.8	   49.7637
      1.49	    50.342	   12023.9	   49.7637
       1.5	   50.2972	   12010.1	   49.7637
      1.51	   50.2515	   11995.5	   49.7637
      1.52	   50.2059	   11979.8	   49.7637
      1.53	   50.1595	   11962.7	   49.7637
      1.54	   50.1131	   11945.6	   49.7637
      1.55	   50.0667	   11926.3	   49.7637
      1.56	   50.0202	     11907	   49.7637
      1.57	   49.9738	     11887	   49.7637
      1.58	   49.9274	   11865.8	   49.7637
      1.59	   49.8815	   11844.6	   49.7637
       1.6	   49.8366	   11822.6	   49.7637
      1.61	   49.7925	     11800	   49.7637
      1.62	   49.7484	   11777.3	   49.7637
      1.63	   49.7057	   11754.1	   49.7637
      1.64	   49.6643	   11730.4	   49.7637
      1.65	   49.6229	   11706.7	   49.7637
      1.66	   49.5826	   11682.9	   49.7637
      1.67	   49.5448	   11658.6	   49.7637
      1.68	    49.507	   11634.3	   49.7637
      1.69	   49.4691	   11610.1	   49.7637
       1.7	   49.4353	   11585.8	   49.7637
      1.71	   49.4015	   11561.5	   49.7637
      1.72	   49.3679	   11537.2	   49.7637
      1.73	   49.3357	   11512.9	   49.7637
      1.74	   49.3068	   11488.9	   49.7637
      1.75	   49.2779	   11464.9	   49.7637
      1.76	    49.249	   11440.9	   49.7637
      1.77	   49.2228	   11417.3	   49.7637
      1.78	   49.1988	     11394	   49.7637
      1.79	   49.1748	   11370.8	   49.7637
       1.8	   49.1508	   11347.5	   49.7637
      1.81	   49.1303	     11325	   49.7637
      1.82	   49.1111	   11302.7	   49.7637
      1.83	   49.0919	   11280.4	   49.7637
      1.84	   49.0727	   11258.2	   49.7637
      1.85	   49.0576	     11237	   49.7637
      1.86	   49.0425	   11215.9	   49.7637
      1.87	   49.0276	   11194.9	   49.7637
      1.88	   49.0146	   11174.4	   49.7637
      1.89	   49.0039	   11154.6	   49.7637
       1.9	   48.9932	   11134.7	   49.7637
      1.91	   48.9826	   11114.9	   49.7637
      1.92	   48.9744	   11096.1	   49.7637
      1.93	   48.9678	     11078	   49.7637
      1.94	   48.9612	   11059.8	   49.7637
      1.95	   48.9552	   11041.9	   49.7637
      1.96	   48.9524	   11025.4	   49.7637
      1.97	   48.9496	   11008.9	   49.7637
      1.98	   48.9469	   10992.5	   49.7637
      1.99	   48.9455	   10976.7	   49.7637
         2	   48.9462	     10962	   49.7637
      2.01	    48.947	   10947.3	   49.7637
      2.02	   48.9477	   10932.6	   49.7637
      2.03	    48.952	     10920	   49.7637
      2.04	   48.9562	   10907.4	   49.7637
      2.05	   48.9605	   10894.7	   49.7637
      2.06	   48.9654	   10882.6	   49.7637
      2.07	   48.9727	   10871.8	   49.7637
      2.08	   48.9799	   10861.1	   49.7637
      2.09	   48.9871	   10850.4	   49.7637
       2.1	   48.9974	   10841.8	   49.7637
      2.11	   49.0076	   10833.5	   49.7637
      2.12	   49.0181	   10825.1	   49.7637
      2.13	   49.0285	   10816.8	   49.7637
      2.14	   49.0413	   10810.5	   49.7637
      2.15	   49.0541	   10804.1	   49.7637
      2.16	   49.0669	   10797.7	   49.7637
      2.17	   49.0811	   10792.7	   49.7637
      2.18	   49.0967	   10788.9	   49.7637
      2.19	   49.1122	   10785.1	   49.7637
       2.2	   49.1277	   10781.4	   49.7637
      2.21	   49.1439	   10778.4	   49.7637
      2.22	   49.1613	   10776.8	   49.7637
      2.23	   49.1786	   10775.1	   49.7637
      2.24	   49.1959	   10773.4	   49.7637
      2.25	   49.2132	   10772.2	   49.7637
      2.26	   49.2318	   10772.7	   49.7637
      2.27	   49.2503	   10773.2	   49.7637
      2.28	   49.2689	   10773.7	   49.7637
      2.29	   49.2875	   10774.2	   49.7637
       2.3	    49.306	   10775.8	   49.7637
      2.31	   49.3246	     10778	   49.7637
      2.32	   49.3431	   10780.1	   49.7637
      2.33	   49.3617	   10782.3	   49.7637
      2.34	   49.3803	   10784.5	   49.7637
      2.35	    49.398	   10787.4	   49.7637
      2.36	   49.4156	   10790.6	   49.7637
      2.37	   49.4333	   10793.7	   49.7637
      2.38	   49.4509	   10796.9	   49.7637
      2.39	   49.4684	   10800.1	   49.7637
       2.4	   49.4842	   10803.5	   49.7637
      2.41	   49.4999	     10807	   49.7637
      2.42	   49.5154	   10810.4	   49.7637
      2.43	   49.5309	   10813.9	   49.7637
      2.44	   49.5463	   10817.4	   49.7637
      2.45	   49.5597	   10820.6	   49.7637
      2.46	   49.5726	   10823.7	   49.7637
      2.47	   49.5854	   10826.8	   49.7637
      2.48	   49.5982	     10830	   49.7637
      2.49	   49.6101	   10832.9	   49.7637
       2.5	   49.6198	   10835.3	   49.7637
      2.51	   49.6295	   10837.7	   49.7637
      2.52	   49.6392	   10840.1	   49.7637
      2.53	   49.6488	   10842.5	   49.7637
      2.54	   49.6572	   10844.4	   49.7637
      2.55	   49.6634	   10845.5	   49.7637
      2.56	   49.6697	   10846.7	   49.7637
      2.57	   49.6759	   10847.8	   49.7637
      2.58	   49.6822	   10848.9	   49.7637
      2.59	   49.6852	   10848.7	   49.7637
       2.6	   49.6883	   10848.5	   49.7637
      2.61	   49.6913	   10848.3	   49.7637
      2.62	   49.6943	   10848.1	   49.7637
      2.63	    49.696	   10847.3	   49.7637
      2.64	   49.6962	   10845.6	   49.7637
      2.65	   49.6963	   10843.9	   49.7637
      2.66	   49.6964	   10842.3	   49.7637
      2.67	   49.6957	   10840.1	   49.7637
      2.68	    49.693	   10836.9	   49.7637
      2.69	   49.6904	   10833.7	   49.7637
       2.7	   49.6878	   10830.5	   49.7637
      2.71	   49.6852	   10827.3	   49.7637
      2.72	   49.6812	   10823.1	   49.7637
      2.73	   49.6765	   10818.6	   49.7637
      2.74	   49.6719	     10814	   49.7637
      2.75	   49.6672	   10809.5	   49.7637
      2.76	   49.6617	   10804.2	   49.7637
      2.77	   49.6551	   10798.2	   49.7637
      2.78	   49.6486	   10792.2	   49.7637
      2.79	   49.6421	   10786.2	   49.7637
       2.8	   49.6355	   10780.2	   49.7637
      2.81	    49.629	   10773.6	   49.7637
      2.82	   49.6215	   10766.6	   49.7637
      2.83	    49.614	   10759.5	   49.7637
      2.84	   49.6066	   10752.4	   49.7637
      2.85	   49.5991	   10745.3	   49.7637
      2.86	   49.5916	   10737.8	   49.7637
      2.87	   49.5842	   10729.9	   49.7637
      2.88	   49.5766	     10722	   49.7637
      2.89	   49.5689	   10714.1	   49.7637
       2.9	   49.5613	   10706.2	   49.7637
      2.91	   49.5537	     10698	   49.7637
      2.92	   49.5461	   10689.6	   49.7637
      2.93	   49.5387	   10681.2	   49.7637
      2.94	   49.5314	   10672.7	   49.7637
      2.95	   49.5241	   10664.3	   49.7637
      2.96	   49.5167	   10655.9	   49.7637
      2.97	     49.51	   10647.3	   49.7637
      2.98	   49.5033	   10638.6	   49.7637
      2.99	   49.4966	     10630	   49.7637
         3	   49.4899	   10621.4	   49.7637
      3.01	   49.4838	   10612.8	   49.7637
      3.02	   49.4782	   10604.2	   49.7637
      3.03	   49.4726	   10595.6	   49.7637
      3.04	    49.467	   10587.1	   49.7637
      3.05	   49.4613	   10578.5	   49.7637
      3.06	   49.4564	     10570	   49.7637
      3.07	   49.4521	   10561.8	   49.7637
      3.08	   49.4478	   10553.5	   49.7637
      3.09	   49.4435	   10545.2	   49.7637
       3.1	   49.4392	   10536.9	   49.7637
      3.11	   49.4356	   10528.8	   49.7637
      3.12	   49.4328	     10521	   49.7637
      3.13	   49.4299	   10513.2	   49.7637
      3.14	   49.4271	   10505.4	   49.7637
      3.15	   49.4242	   10497.6	   49.7637
      3.16	   49.4221	   10490.1	   49.7637
      3.17	   49.4207	   10482.9	   49.7637
      3.18	   49.4194	   10475.7	   49.7637
      3.19	    49.418	   10468.5	   49.7637
       3.2	   49.4166	   10461.3	   49.7637
      3.21	    49.416	   10454.5	   49.7637
      3.22	    49.416	     10448	   49.7637
      3.23	   49.4161	   10441.5	   49.7637
      3.24	   49.4162	     10435	   49.7637
      3.25	   49.4162	   10428.6	   49.7637
      3.26	   49.4169	   10422.5	   49.7637
      3.27	   49.4183	   10416.8	   49.7637
      3.28	   49.4197	   10411.1	   49.7637
      3.29	    49.421	   10405.4	   49.7637
       3.3	   49.4224	   10399.7	   49.7637
      3.31	   49.4243	   10394.4	   49.7637
      3.32	   49.4269	   10389.5	   49.7637
      3.33	   49.4295	   10384.6	   49.7637
      3.34	   49.4321	   10379.8	   49.7637
      3.35	   49.4347	   10374.9	   49.7637
      3.36	   49.4373	   10370.3	   49.7637
      3.37	   49.4408	   10366.2	   49.7637
      3.38	   49.4443	   10362.1	   49.7637
      3.39	   49.4478	     10358	   49.7637
       3.4	   49.4513	   10353.8	   49.7637
      3.41	   49.4548	   10350.1	   49.7637
      3.42	   49.4589	   10346.6	   49.7637
      3.43	   49.4631	   10343.2	   49.7637
      3.44	   49.4672	   10339.8	   49.7637
      3.45	   49.4713	   10336.4	   49.7637
      3.46	   49.4755	   10333.2	   49.7637
      3.47	     49.48	   10330.4	   49.7637
      3.48	   49.4846	   10327.6	   49.7637
      3.49	   49.4892	   10324.8	   49.7637
       3.5	   49.4937	     10322	   49.7637
      3.51	   49.4983	   10319.4	   49.7637
      3.52	   49.5028	   10317.1	   49.7637
      3.53	   49.5074	   10314.7	   49.7637
      3.54	    49.512	   10312.4	   49.7637
      3.55	   49.5166	   10310.1	   49.7637
      3.56	   49.5212	   10307.9	   49.7637
      3.57	   49.5258	     10306	   49.7637
      3.58	   49.5303	     10304	   49.7637
      3.59	   49.5349	     10302	   49.7637
       3.6	   49.5395	   10300.1	   49.7637
      3.61	   49.5438	   10298.2	   49.7637
      3.62	   49.5481	   10296.5	   49.7637
      3.63	   49.5524	   10294.7	   49.7637
      3.64	   49.5567	     10293	   49.7637
      3.65	   49.5608	   10291.3	   49.7637
      3.66	   49.5649	   10289.5	   49.7637
      3.67	   49.5687	   10287.9	   49.7637
      3.68	   49.5724	   10286.2	   49.7637
      3.69	   49.5761	   10284.6	   49.7637
       3.7	   49.5798	   10282.9	   49.7637
      3.71	   49.5835	   10281.3	   49.7637
      3.72	   49.5866	   10279.6	   49.7637
      3.73	   49.5898	     10278	   49.7637
      3.74	   49.5929	   10276.3	   49.7637
      3.75	    49.596	   10274.7	   49.7637
      3.76	   49.5991	     10273	   49.7637
      3.77	   49.6016	   10271.3	   49.7637
      3.78	    49.604	   10269.5	   49.7637
      3.79	   49.6065	   10267.7	   49.7637
       3.8	   49.6089	     10266	   49.7637
      3.81	   49.6114	   10264.2	   49.7637
      3.82	   49.6132	   10262.3	   49.7637
      3.83	    49.615	   10260.4	   49.7637
      3.84	   49.6168	   10258.4	   49.7637
      3.85	   49.6186	   10256.5	   49.7637
      3.86	   49.6203	   10254.6	   49.7637
      3.87	   49.6215	   10252.5	   49.7637
      3.88	   49.6227	   10250.3	   49.7637
      3.89	   49.6238	   10248.2	   49.7637
       3.9	    49.625	   10246.1	   49.7637
      3.91	   49.6262	   10243.9	   49.7637
      3.92	   49.6268	   10241.6	   49.7637
      3.93	   49.6274	   10239.2	   49.7637
      3.94	    49.628	   10236.9	   49.7637
      3.95	   49.6286	   10234.5	   49.7637
      3.96	   49.6292	   10232.2	   49.7637
      3.97	   49.6294	   10229.7	   49.7637
      3.98	   49.6296	   10227.1	   49.7637
      3.99	   49.6297	   10224.6	   49.7637
         4	   49.6299	   10222.1	   49.7637
      4.01	   49.6301	   10219.5	   49.7637
      4.02	   49.6299	   10216.8	   49.7637
      4.03	   49.6297	   10214.1	   49.7637
      4.04	   49.6295	   10211.4	   49.7637
      4.05	   49.6293	   10208.7	   49.7637
      4.06	   49.6291	     10206	   49.7637
      4.07	   49.6289	   10203.1	   49.7637
      4.08	   49.6285	   10200.3	   49.7637
      4.09	   49.6281	   10197.5	   49.7637
       4.1	   49.6276	   10194.6	   49.7637
      4.11	   49.6272	   10191.8	   49.7637
      4.12	   49.6268	   10188.9	   49.7637
      4.13	   49.6264	     10186	   49.7637
      4.14	    49.626	   10183.1	   49.7637
      4.15	   49.6256	   10180.2	   49.7637
      4.16	   49.6252	   10177.2	   49.7637
      4.17	   49.6248	   10174.3	   49.7637
      4.18	   49.6243	   10171.4	   49.7637
      4.19	   49.6239	   10168.5	   49.7637
       4.2	   49.6235	   10165.6	   49.7637
      4.21	   49.6231	   10162.7	   49.7637
      4.22	   49.6227	   10159.8	   49.7637
      4.23	   49.6223	   10156.9	   49.7637
      4.24	   49.6219	     10154	   49.7637
      4.25	   49.6217	   10151.1	   49.7637
      4.26	   49.6214	   10148.2	   49.7637
      4.27	   49.6212	   10145.4	   49.7637
      4.28	    49.621	   10142.6	   49.7637
      4.29	   49.6209	   10139.8	   49.7637
       4.3	   49.6208	     10137	   49.7637
      4.31	   49.6207	   10134.2	   49.7637
      4.32	   49.6206	   10131.5	   49.7637
      4.33	   49.6208	   10128.9	   49.7637
      4.34	   49.6209	   10126.2	   49.7637
      4.35	    49.621	   10123.5	   49.7637
      4.36	   49.6212	   10120.9	   49.7637
      4.37	   49.6213	   10118.3	   49.7637
      4.38	   49.6217	   10115.8	   49.7637
      4.39	   49.6221	   10113.3	   49.7637
       4.4	   49.6225	   10110.8	   49.7637
      4.41	   49.6229	   10108.3	   49.7637
      4.42	   49.6232	     10106	   49.7637
      4.43	   49.6239	   10103.7	   49.7637
      4.44	   49.6245	   10101.3	   49.7637
      4.45	   49.6252	     10099	   49.7637
      4.46	   49.6258	   10096.7	   49.7637
      4.47	   49.6264	   10094.6	   49.7637
      4.48	   49.6273	   10092.4	   49.7637
      4.49	   49.6282	   10090.3	   49.7637
       4.5	   49.6291	   10088.2	   49.7637
      4.51	   49.6299	   10086.1	   49.7637
      4.52	   49.6308	   10084.1	   49.7637
      4.53	   49.6319	   10082.2	   49.7637
      4.54	    49.633	   10080.3	   49.7637
      4.55	   49.6341	   10078.4	   49.7637
      4.56	   49.6352	   10076.5	   49.7637
      4.57	   49.6363	   10074.7	   49.7637
      4.58	   49.6374	     10073	   49.7637
      4.59	   49.6386	   10071.3	   49.7637
       4.6	   49.6399	   10069.6	   49.7637
      4.61	   49.6412	   10067.8	   49.7637
      4.62	   49.6425	   10066.3	   49.7637
      4.63	   49.6437	   10064.7	   49.7637
      4.64	    49.645	   10063.2	   49.7637
      4.65	   49.6464	   10061.7	   49.7637
      4.66	   49.6477	   10060.1	   49.7637
      4.67	   49.6491	   10058.7	   49.7637
      4.68	   49.6505	   10057.3	   49.7637
      4.69	   49.6519	     10056	   49.7637
       4.7	   49.6533	   10054.6	   49.7637
      4.71	   49.6547	   10053.2	   49.7637
      4.72	    49.656	   10051.9	   49.7637
      4.73	   49.6574	   10050.7	   49.7637
      4.74	   49.6588	   10049.5	   49.7637
      4.75	   49.6601	   10048.2	   49.7637
      4.76	   49.6615	     10047	   49.7637
      4.77	   49.6629	   10045.8	   49.7637
      4.78	   49.6643	   10044.7	   49.7637
      4.79	   49.6656	   10043.5	   49.7637
       4.8	    49.667	   10042.4	   49.7637
      4.81	   49.6684	   10041.2	   49.7637
      4.82	   49.6697	   10040.2	   49.7637
      4.83	   49.6711	   10039.1	   49.7637
      4.84	   49.6723	   10038.1	   49.7637
      4.85	   49.6736	     10037	   49.7637
      4.86	   49.6748	     10036	   49.7637
      4.87	    49.676	   10034.9	   49.7637
      4.88	   49.6773	   10033.9	   49.7637
      4.89	   49.6785	   10032.9	   49.7637
       4.9	   49.6797	   10031.9	   49.7637
      4.91	   49.6808	   10030.9	   49.7637
      4.92	   49.6818	   10029.9	   49.7637
      4.93	   49.6829	   10028.9	   49.7637
      4.94	    49.684	     10028	   49.7637
      4.95	    49.685	     10027	   49.7637
      4.96	   49.6861	     10026	   49.7637
      4.97	   49.6869	     10025	   49.7637
      4.98	   49.6878	     10024	   49.7637
      4.99	   49.6887	     10023	   49.7637
         5	   49.6895	     10022	   49.7637
      5.01	   49.6904	   10021.1	   49.7637
      5.02	   49.6912	   10020.1	   49.7637
      5.03	   49.6921	   10019.1	   49.7637
      5.04	   49.6928	   10018.1	   49.7637
      5.05	   49.6935	   10017.1	   49.7637
      5.06	   49.6942	   10016.1	   49.7637
      5.07	   49.6949	   10015.2	   49.7637
      5.08	   49.6955	   10014.2	   49.7637
      5.09	   49.6961	   10013.2	   49.7637
       5.1	   49.6966	   10012.2	   49.7637
      5.11	   49.6972	   10011.2	   49.7637
      5.12	   49.6977	   10010.2	   49.7637
      5.13	   49.6982	   10009.3	   49.7637
      5.14	   49.6988	   10008.3	   49.7637
      5.15	   49.6992	   10007.3	   49.7637
      5.16	   49.6996	   10006.3	   49.7637
      5.17	      49.7	   10005.3	   49.7637
      5.18	   49.7004	   10004.2	   49.7637
      5.19	   49.7008	   10003.2	   49.7637
       5.2	   49.7011	   10002.2	   49.7637
      5.21	   49.7014	   10001.1	   49.7637
      5.22	   49.7017	   10000.1	   49.7637
      5.23	    49.702	   9999.06	   49.7637
      5.24	   49.7023	   9998.03	   49.7637
      5.25	   49.7026	   9996.99	   49.7637
      5.26	   49.7028	   9995.96	   49.7637
      5.27	    49.703	   9994.91	   49.7637
      5.28	   49.7032	   9993.86	   49.7637
      5.29	   49.7034	   9992.81	   49.7637
       5.3	   49.7036	   9991.77	   49.7637
      5.31	   49.7038	   9990.72	   49.7637
      5.32	    49.704	   9989.67	   49.7637
      5.33	   49.7042	   9988.63	   49.7637
      5.34	   49.7044	   9987.58	   49.7637
      5.35	   49.7046	   9986.53	   49.7637
      5.36	   49.7048	   9985.49	   49.7637
      5.37	   49.7049	   9984.44	   49.7637
      5.38	   49.7051	   9983.39	   49.7637
      5.39	   49.7053	   9982.35	   49.7637
       5.4	   49.7055	    9981.3	   49.7637
      5.41	   49.7057	   9980.25	   49.7637
      5.42	   49.7058	    9979.2	   49.7637
      5.43	    49.706	   9978.16	   49.7637
      5.44	   49.7062	   9977.11	   49.7637
      5.45	   49.7064	    9976.1	   49.7637
      5.46	   49.7066	   9975.09	   49.7637
      5.47	   49.7067	   9974.08	   49.7637
      5.48	   49.7069	   9973.07	   49.7637
      5.49	   49.7071	   9972.06	   49.7637
       5.5	   49.7073	   9971.08	   49.7637
      5.51	   49.7075	    9970.1	   49.7637
      5.52	   49.7076	   9969.12	   49.7637
      5.53	   49.7078	   9968.14	   49.7637
      5.54	    49.708	   9967.19	   49.7637
      5.55	   49.7082	   9966.24	   49.7637
      5.56	   49.7083	   9965.29	   49.7637
      5.57	   49.7085	   9964.34	   49.7637
      5.58	   49.7087	   9963.43	   49.7637
      5.59	   49.7089	   9962.52	   49.7637
       5.6	   49.7091	   9961.61	   49.7637
      5.61	   49.7094	    9960.7	   49.7637
      5.62	   49.7097	   9959.79	   49.7637
      5.63	     49.71	   9958.92	   49.7637
      5.64	   49.7103	   9958.06	   49.7637
      5.65	   49.7105	    9957.2	   49.7637
      5.66	   49.7108	   9956.34	   49.7637
      5.67	   49.7111	   9955.48	   49.7637
      5.68	   49.7114	   9954.66	   49.7637
      5.69	   49.7117	   9953.85	   49.7637
       5.7	    49.712	   9953.04	   49.7637
      5.71	   49.7123	   9952.23	   49.7637
      5.72	   49.7127	   9951.42	   49.7637
      5.73	   49.7131	   9950.66	   49.7637
      5.74	   49.7135	    9949.9	   49.7637
      5.75	   49.7138	   9949.14	   49.7637
      5.76	   49.7142	   9948.38	   49.7637
      5.77	   49.7146	   9947.62	   49.7637
      5.78	    49.715	   9946.91	   49.7637
      5.79	   49.7154	    9946.2	   49.7637
       5.8	   49.7158	   9945.49	   49.7637
      5.81	   49.7161	   9944.78	   49.7637
      5.82	   49.7165	   9944.06	   49.7637
      5.83	   49.7169	    9943.4	   49.7637
      5.84	   49.7173	   9942.74	   49.7637
      5.85	   49.7177	   9942.07	   49.7637
      5.86	    49.718	   9941.41	   49.7637
      5.87	   49.7184	   9940.74	   49.7637
      5.88	   49.7188	   9940.13	   49.7637
      5.89	   49.7192	   9939.51	   49.7637
       5.9	   49.7196	   9938.89	   49.7637
      5.91	     49.72	   9938.27	   49.7637
      5.92	   49.7204	   9937.66	   49.7637
      5.93	   49.7208	   9937.04	   49.7637
      5.94	   49.7212	   9936.46	   49.7637
      5.95	   49.7216	   9935.88	   49.7637
      5.96	    49.722	   9935.31	   49.7637
      5.97	   49.7224	   9934.73	   49.7637
      5.98	   49.7227	   9934.15	   49.7637
      5.99	   49.7231	    9933.6	   49.7637
         6	   49.7235	   9933.06	   49.7637
      6.01	   49.7239	   9932.51	   49.7637
      6.02	   49.7243	   9931.97	   49.7637
      6.03	   49.7247	   9931.42	   49.7637
      6.04	   49.7251	   9930.88	   49.7637
      6.05	   49.7255	   9930.36	   49.7637
      6.06	   49.7259	   9929.84	   49.7637
      6.07	   49.7263	   9929.32	   49.7637
      6.08	   49.7267	    9928.8	   49.7637
      6.09	   49.7271	   9928.29	   49.7637
       6.1	   49.7275	   9927.79	   49.7637
      6.11	   49.7279	   9927.29	   49.7637
      6.12	   49.7282	   9926.79	   49.7637
      6.13	   49.7285	   9926.29	   49.7637
      6.14	   49.7288	   9925.79	   49.7637
      6.15	   49.7291	   9925.29	   49.7637
      6.16	   49.7294	   9924.81	   49.7637
      6.17	   49.7297	   9924.33	   49.7637
      6.18	     49.73	   9923.85	   49.7637
      6.19	   49.7303	   9923.38	   49.7637
       6.2	   49.7306	    9922.9	   49.7637
      6.21	   49.7309	   9922.42	   49.7637
      6.22	   49.7312	   9921.94	   49.7637
      6.23	   49.7315	   9921.46	   49.7637
      6.24	   49.7318	   9920.98	   49.7637
      6.25	   49.7321	   9920.52	   49.7637
      6.26	   49.7323	   9920.05	   49.7637
      6.27	   49.7325	   9919.59	   49.7637
      6.28	   49.7327	   9919.12	   49.7637
      6.29	    49.733	   9918.66	   49.7637
       6.3	   49.7332	   9918.19	   49.7637
      6.31	   49.7334	   9917.73	   49.7637
      6.32	   49.7336	   9917.26	   49.7637
      6.33	   49.7338	    9916.8	   49.7637
      6.34	    49.734	   9916.33	   49.7637
      6.35	   49.7343	   9915.87	   49.7637
      6.36	   49.7345	   9915.42	   49.7637
      6.37	   49.7347	   9914.96	   49.7637
      6.38	   49.7349	   9914.51	   49.7637
      6.39	   49.7351	   9914.06	   49.7637
       6.4	   49.7352	   9913.61	   49.7637
      6.41	   49.7354	   9913.16	   49.7637
      6.42	   49.7355	    9912.7	   49.7637
      6.43	   49.7357	   9912.25	   49.7637
      6.44	   49.7358	    9911.8	   49.7637
      6.45	    49.736	   9911.35	   49.7637
      6.46	   49.7361	    9910.9	   49.7637
      6.47	   49.7363	   9910.44	   49.7637
      6.48	   49.7364	   9909.99	   49.7637
      6.49	   49.7366	   9909.54	   49.7637
       6.5	   49.7367	   9909.09	   49.7637
      6.51	   49.7369	   9908.65	   49.7637
      6.52	    49.737	   9908.21	   49.7637
      6.53	   49.7372	   9907.78	   49.7637
      6.54	   49.7373	   9907.34	   49.7637
      6.55	   49.7374	   9906.91	   49.7637
      6.56	   49.7376	   9906.47	   49.7637
      6.57	   49.7377	   9906.03	   49.7637
      6.58	   49.7378	    9905.6	   49.7637
      6.59	   49.7379	   9905.16	   49.7637
       6.6	   49.7381	   9904.72	   49.7637
      6.61	   49.7382	   9904.29	   49.7637
      6.62	   49.7383	   9903.87	   49.7637
      6.63	   49.7384	   9903.46	   49.7637
      6.64	   49.7386	   9903.04	   49.7637
      6.65	   49.7387	   9902.63	   49.7637
      6.66	   49.7388	   9902.21	   49.7637
      6.67	   49.7389	    9901.8	   49.7637
      6.68	   49.7391	   9901.38	   49.7637
      6.69	   49.7392	   9900.97	   49.7637
       6.7	   49.7393	   9900.55	   49.7637
      6.71	   49.7394	   9900.14	   49.7637
      6.72	   49.7395	   9899.72	   49.7637
      6.73	   49.7397	   9899.33	   49.7637
      6.74	   49.7398	   9898.94	   49.7637
      6.75	   49.7399	   9898.55	   49.7637
      6.76	     49.74	   9898.16	   49.7637
      6.77	   49.7402	   9897.77	   49.7637
      6.78	   49.7403	   9897.38	   49.7637
      6.79	   49.7404	   9896.99	   49.7637
       6.8	   49.7405	    9896.6	   49.7637
      6.81	   49.7407	    9896.2	   49.7637
      6.82	   49.7408	   9895.84	   49.7637
      6.83	   49.7409	   9895.48	   49.7637
      6.84	    49.741	   9895.12	   49.7637
      6.85	   49.7412	   9894.75	   49.7637
      6.86	   49.7413	   9894.39	   49.7637
      6.87	   49.7414	   9894.03	   49.7637
      6.88	   49.7415	   9893.66	   49.7637
      6.89	   49.7416	    9893.3	   49.7637
       6.9	   49.7418	   9892.94	   49.7637
      6.91	   49.7419	   9892.58	   49.7637
      6.92	    49.742	   9892.24	   49.7637
      6.93	   49.7421	   9891.91	   49.7637
      6.94	   49.7423	   9891.58	   49.7637
      6.95	   49.7424	   9891.24	   49.7637
      6.96	   49.7425	   9890.91	   49.7637
      6.97	   49.7426	   9890.58	   49.7637
      6.98	   49.7428	   9890.25	   49.7637
      6.99	   49.7429	   9889.91	   49.7637
         7	    49.743	   9889.58	   49.7637
      7.01	   49.7431	   9889.25	   49.7637
      7.02	   49.7433	   9888.94	   49.7637
      7.03	   49.7434	   9888.64	   49.7637
      7.04	   49.7435	   9888.33	   49.7637
      7.05	   49.7436	   9888.03	   49.7637
      7.06	   49.7437	   9887.72	   49.7637
      7.07	   49.7439	   9887.42	   49.7637
      7.08	    49.744	   9887.11	   49.7637
      7.09	   49.7441	   9886.81	   49.7637
       7.1	   49.7442	    9886.5	   49.7637
      7.11	   49.7444	    9886.2	   49.7637
      7.12	   49.7445	   9885.92	   49.7637
      7.13	   49.7446	   9885.64	   49.7637
      7.14	   49.7447	   9885.36	   49.7637
      7.15	   49.7449	   9885.09	   49.7637
      7.16	    49.745	   9884.81	   49.7637
      7.17	   49.7451	   9884.53	   49.7637
      7.18	   49.7452	   9884.25	   49.7637
      7.19	   49.7454	   9883.97	   49.7637
       7.2	   49.7455	   9883.69	   49.7637
      7.21	   49.7456	   9883.41	   49.7637
      7.22	   49.7457	   9883.13	   49.7637
      7.23	   49.7458	   9882.88	   49.7637
      7.24	    49.746	   9882.62	   49.7637
      7.25	   49.7461	   9882.36	   49.7637
      7.26	   49.7462	    9882.1	   49.7637
      7.27	   49.7463	   9881.85	   49.7637
      7.28	   49.7465	   9881.59	   49.7637
      7.29	   49.7466	   9881.33	   49.7637
       7.3	   49.7467	   9881.07	   49.7637
      7.31	   49.7468	   9880.82	   49.7637
      7.32	    49.747	   9880.56	   49.7637
      7.33	   49.7471	    9880.3	   49.7637
      7.34	   49.7472	   9880.06	   49.7637
      7.35	   49.7473	   9879.82	   49.7637
      7.36	   49.7475	   9879.58	   49.7637
      7.37	   49.7476	   9879.34	   49.7637
      7.38	   49.7477	   9879.09	   49.7637
      7.39	   49.7478	   9878.85	   49.7637
       7.4	    49.748	   9878.61	   49.7637
      7.41	   49.7481	   9878.37	   49.7637
      7.42	   49.7482	   9878.13	   49.7637
      7.43	   49.7483	   9877.89	   49.7637
      7.44	   49.7484	   9877.65	   49.7637
      7.45	   49.7486	   9877.41	   49.7637
      7.46	   49.7487	   9877.18	   49.7637
      7.47	   49.7488	   9876.95	   49.7637
      7.48	   49.7489	   9876.73	   49.7637
      7.49	   49.7491	    9876.5	   49.7637
       7.5	   49.7492	   9876.27	   49.7637
      7.51	   49.7493	   9876.04	   49.7637
      7.52	   49.7494	   9875.82	   49.7637
      7.53	   49.7495	   9875.59	   49.7637
      7.54	   49.7495	   9875.36	   49.7637
      7.55	   49.7496	   9875.14	   49.7637
      7.56	   49.7497	   9874.91	   49.7637
      7.57	   49.7497	   9874.68	   49.7637
      7.58	   49.7498	   9874.46	   49.7637
      7.59	   49.7499	   9874.23	   49.7637
       7.6	     49.75	   9874.01	   49.7637
      7.61	     49.75	    9873.8	   49.7637
      7.62	   49.7501	   9873.59	   49.7637
      7.63	   49.7502	   9873.37	   49.7637
      7.64	   49.7503	   9873.16	   49.7637
      7.65	   49.7503	   9872.94	   49.7637
      7.66	   49.7504	   9872.73	   49.7637
      7.67	   49.7505	   9872.51	   49.7637
      7.68	   49.7505	    9872.3	   49.7637
      7.69	   49.7506	   9872.08	   49.7637
       7.7	   49.7507	   9871.87	   49.7637
      7.71	   49.7508	   9871.65	   49.7637
      7.72	   49.7508	   9871.44	   49.7637
      7.73	   49.7509	   9871.22	   49.7637
      7.74	    49.751	   9871.02	   49.7637
      7.75	   49.7511	   9870.82	   49.7637
      7.76	   49.7511	   9870.62	   49.7637
      7.77	   49.7512	   9870.42	   49.7637
      7.78	   49.7513	   9870.21	   49.7637
      7.79	   49.7513	   9870.01	   49.7637
       7.8	   49.7514	   9869.81	   49.7637
      7.81	   49.7515	   9869.61	   49.7637
      7.82	   49.7516	   9869.41	   49.7637
      7.83	   49.7516	    9869.2	   49.7637
      7.84	   49.7517	      9869	   49.7637
      7.85	   49.7517	    9868.8	   49.7637
      7.86	   49.7518	    9868.6	   49.7637
      7.87	   49.7519	    9868.4	   49.7637
      7.88	   49.7519	   9868.21	   49.7637
      7.89	    49.752	   9868.02	   49.7637
       7.9	    49.752	   9867.83	   49.7637
      7.91	   49.7521	   9867.64	   49.7637
      7.92	   49.7521	   9867.45	   49.7637
      7.93	   49.7522	   9867.27	   49.7637
      7.94	   49.7522	   9867.08	   49.7637
      7.95	   49.7523	   9866.89	   49.7637
      7.96	   49.7523	    9866.7	   49.7637
      7.97	   49.7524	   9866.51	   49.7637
      7.98	   49.7525	   9866.32	   49.7637
      7.99	   49.7525	   9866.14	   49.7637
         8	   49.7526	   9865.95	   49.7637
      8.01	   49.7526	   9865.76	   49.7637
      8.02	   49.7527	   9865.59	   49.7637
      8.03	   49.7527	   9865.41	   49.7637
      8.04	   49.7528	   9865.24	   49.7637
      8.05	   49.7528	   9865.07	   49.7637
      8.06	   49.7529	    9864.9	   49.7637
      8.07	   49.7529	   9864.72	   49.7637
      8.08	    49.753	   9864.55	   49.7637
      8.09	   49.7531	   9864.38	   49.7637
       8.1	   49.7531	   9864.21	   49.7637
      8.11	   49.7532	   9864.03	   49.7637
      8.12	   49.7532	   9863.86	   49.7637
      8.13	   49.7533	   9863.69	   49.7637
      8.14	   49.7533	   9863.52	   49.7637
      8.15	   49.7534	   9863.34	   49.7637
      8.16	   49.7534	   9863.17	   49.7637
      8.17	   49.7535	   9863.01	   49.7637
      8.18	   49.7535	   9862.86	   49.7637
      8.19	   49.7536	    9862.7	   49.7637
       8.2	   49.7537	   9862.54	   49.7637
      8.21	   49.7537	   9862.39	   49.7637
      8.22	   49.7538	   9862.23	   49.7637
      8.23	   49.7538	   9862.07	   49.7637
      8.24	   49.7539	   9861.92	   49.7637
      8.25	   49.7539	   9861.76	   49.7637
      8.26	    49.754	    9861.6	   49.7637
      8.27	    49.754	   9861.45	   49.7637
      8.28	   49.7541	   9861.29	   49.7637
      8.29	   49.7541	   9861.13	   49.7637
       8.3	   49.7542	   9860.98	   49.7637
      8.31	   49.7542	   9860.82	   49.7637
      8.32	   49.7543	   9860.68	   49.7637
      8.33	   49.7544	   9860.54	   49.7637
      8.34	   49.7544	    9860.4	   49.7637
      8.35	   49.7545	   9860.25	   49.7637
      8.36	   49.7545	   9860.11	   49.7637
      8.37	   49.7546	   9859.97	   49.7637
      8.38	   49.7546	   9859.83	   49.7637
      8.39	   49.7547	   9859.69	   49.7637
       8.4	   49.7547	   9859.54	   49.7637
      8.41	   49.7548	    9859.4	   49.7637
      8.42	   49.7548	   9859.26	   49.7637
      8.43	   49.7549	   9859.12	   49.7637
      8.44	    49.755	   9858.98	   49.7637
      8.45	    49.755	   9858.84	   49.7637
      8.46	   49.7551	   9858.69	   49.7637
      8.47	   49.7551	   9858.55	   49.7637
      8.48	   49.7552	   9858.41	   49.7637
      8.49	   49.7552	   9858.28	   49.7637
       8.5	   49.7553	   9858.15	   49.7637
      8.51	   49.7553	   9858.02	   49.7637
      8.52	   49.7554	   9857.89	   49.7637
      8.53	   49.7554	   9857.76	   49.7637
      8.54	   49.7555	   9857.63	   49.7637
      8.55	   49.7556	   9857.51	   49.7637
      8.56	   49.7556	   9857.38	   49.7637
      8.57	   49.7557	   9857.25	   49.7637
      8.58	   49.7557	   9857.12	   49.7637
      8.59	   49.7558	   9856.99	   49.7637
       8.6	   49.7558	   9856.86	   49.7637
      8.61	   49.7559	   9856.73	   49.7637
      8.62	   49.7559	    9856.6	   49.7637
      8.63	    49.756	   9856.47	   49.7637
      8.64	    49.756	   9856.34	   49.7637
      8.65	   49.7561	   9856.22	   49.7637
      8.66	   49.7561	    9856.1	   49.7637
      8.67	   49.7561	   9855.98	   49.7637
      8.68	   49.7562	   9855.86	   49.7637
      8.69	   49.7562	   9855.75	   49.7637
       8.7	   49.7562	   9855.63	   49.7637
      8.71	   49.7563	   9855.51	   49.7637
      8.72	   49.7563	   9855.39	   49.7637
      8.73	   49.7563	   9855.27	   49.7637
      8.74	   49.7564	   9855.15	   49.7637
      8.75	   49.7564	   9855.03	   49.7637
      8.76	   49.7564	   9854.91	   49.7637
      8.77	   49.7565	   9854.79	   49.7637
      8.78	   49.7565	   9854.67	   49.7637
      8.79	   49.7566	   9854.55	   49.7637
       8.8	   49.7566	   9854.43	   49.7637
      8.81	   49.7566	   9854.31	   49.7637
      8.82	   49.7567	    9854.2	   49.7637
      8.83	   49.7567	    9854.1	   49.7637
      8.84	   49.7567	   9853.99	   49.7637
      8.85	   49.7568	   9853.88	   49.7637
      8.86	   49.7568	   9853.77	   49.7637
      8.87	   49.7568	   9853.66	   49.7637
      8.88	   49.7569	   9853.55	   49.7637
      8.89	   49.7569	   9853.44	   49.7637
       8.9	   49.7569	   9853.33	   49.7637
      8.91	    49.757	   9853.22	   49.7637
      8.92	    49.757	   9853.11	   49.7637
      8.93	    49.757	      9853	   49.7637
      8.94	   49.7571	   9852.89	   49.7637
      8.95	   49.7571	   9852.79	   49.7637
      8.96	   49.7571	   9852.68	   49.7637
      8.97	   49.7572	   9852.57	   49.7637
      8.98	   49.7572	   9852.46	   49.7637
      8.99	   49.7573	   9852.35	   49.7637
         9	   49.7573	   9852.24	   49.7637
      9.01	   49.7573	   9852.13	   49.7637
      9.02	   49.7574	   9852.02	   49.7637
      9.03	   49.7574	   9851.92	   49.7637
      9.04	   49.7574	   9851.82	   49.7637
      9.05	   49.7575	   9851.72	   49.7637
      9.06	   49.7575	   9851.63	   49.7637
      9.07	   49.7575	   9851.53	   49.7637
      9.08	   49.7576	   9851.43	   49.7637
      9.09	   49.7576	   9851.33	   49.7637
       9.1	   49.7576	   9851.23	   49.7637
      9.11	   49.7577	   9851.13	   49.7637
      9.12	   49.7577	   9851.03	   49.7637
      9.13	   49.7577	   9850.93	   49.7637
      9.14	   49.7578	   9850.83	   49.7637
      9.15	   49.7578	   9850.73	   49.7637
      9.16	   49.7578	   9850.64	   49.7637
      9.17	   49.7579	   9850.54	   49.7637
      9.18	   49.7579	   9850.44	   49.7637
      9.19	   49.7579	   9850.34	   49.7637
       9.2	    49.758	   9850.24	   49.7637
      9.21	    49.758	   9850.14	   49.7637
      9.22	    49.758	   9850.04	   49.7637
      9.23	   49.7581	   9849.95	   49.7637
      9.24	   49.7581	   9849.86	   49.7637
      9.25	   49.7581	   9849.78	   49.7637
      9.26	   49.7581	   9849.69	   49.7637
      9.27	   49.7582	    9849.6	   49.7637
      9.28	   49.7582	   9849.51	   49.7637
      9.29	   49.7582	   9849.42	   49.7637
       9.3	   49.7583	   9849.33	   49.7637
      9.31	   49.7583	   9849.24	   49.7637
      9.32	   49.7583	   9849.15	   49.7637
      9.33	   49.7583	   9849.06	   49.7637
      9.34	   49.7584	   9848.98	   49.7637
      9.35	   49.7584	   9848.89	   49.7637
      9.36	   49.7584	    9848.8	   49.7637
      9.37	   49.7585	   9848.71	   49.7637
      9.38	   49.7585	   9848.62	   49.7637
      9.39	   49.7585	   9848.53	   49.7637
       9.4	   49.7586	   9848.44	   49.7637
      9.41	   49.7586	   9848.35	   49.7637
      9.42	   49.7586	   9848.26	   49.7637
      9.43	   49.7586	   9848.18	   49.7637
      9.44	   49.7587	    9848.1	   49.7637
      9.45	   49.7587	   9848.02	   49.7637
      9.46	   49.7587	   9847.94	   49.7637
      9.47	   49.7588	   9847.86	   49.7637
      9.48	   49.7588	   9847.78	   49.7637
      9.49	   49.7588	    9847.7	   49.7637
       9.5	   49.7588	   9847.62	   49.7637
      9.51	   49.7589	   9847.54	   49.7637
      9.52	   49.7589	   9847.46	   49.7637
      9.53	   49.7589	   9847.38	   49.7637
      9.54	    49.759	    9847.3	   49.7637
      9.55	    49.759	   9847.22	   49.7637
      9.56	    49.759	   9847.14	   49.7637
      9.57	    49.759	   9847.06	   49.7637
      9.58	   49.7591	   9846.98	   49.7637
      9.59	   49.7591	   9846.91	   49.7637
       9.6	   49.7591	   9846.83	   49.7637
      9.61	   49.7592	   9846.75	   49.7637
      9.62	   49.7592	   9846.67	   49.7637
      9.63	   49.7592	   9846.59	   49.7637
      9.64	   49.7592	   9846.51	   49.7637
      9.65	   49.7593	   9846.44	   49.7637
      9.66	   49.7593	   9846.37	   49.7637
      9.67	   49.7593	    9846.3	   49.7637
      9.68	   49.7594	   9846.22	   49.7637
      9.69	   49.7594	   9846.15	   49.7637
       9.7	   49.7594	   9846.08	   49.7637
      9.71	   49.7594	   9846.01	   49.7637
      9.72	   49.7595	   9845.94	   49.7637
      9.73	   49.7595	   9845.87	   49.7637
      9.74	   49.7595	    9845.8	   49.7637
      9.75	   49.7596	   9845.73	   49.7637
      9.76	   49.7596	   9845.66	   49.7637
      9.77	   49.7596	   9845.59	   49.7637
      9.78	   49.7597	   9845.51	   49.7637
      9.79	   49.7597	   9845.44	   49.7637
       9.8	   49.7597	   9845.37	   49.7637
      9.81	   49.7597	    9845.3	   49.7637
      9.82	   49.7598	   9845.23	   49.7637
      9.83	   49.7598	   9845.16	   49.7637
      9.84	   49.7598	   9845.09	   49.7637
      9.85	   49.7599	   9845.02	   49.7637
      9.86	   49.7599	   9844.95	   49.7637
      9.87	   49.7599	   9844.88	   49.7637
      9.88	   49.7599	   9844.81	   49.7637
      9.89	     49.76	   9844.75	   49.7637
       9.9	     49.76	   9844.68	   49.7637
      9.91	     49.76	   9844.61	   49.7637
      9.92	   49.7601	   9844.55	   49.7637
      9.93	   49.7601	   9844.48	   49.7637
      9.94	   49.7601	   9844.42	   49.7637
      9.95	   49.7601	   9844.35	   49.7637
      9.96	   49.7602	   9844.28	   49.7637
      9.97	   49.7602	   9844.22	   49.7637
      9.98	   49.7602	   9844.15	   49.7637
      9.99	   49.7603	   9844.08	   49.7637
        10	   49.7603	   9844.02	   49.7637
