Time	IDX
         0	7.40922e-17
      0.01	1.07624e-16
      0.02	1.4557e-16
      0.03	1.95097e-16
      0.04	2.58432e-16
      0.05	3.27447e-16
      0.06	4.22324e-16
      0.07	5.17202e-16
      0.08	6.41991e-16
      0.09	7.95366e-16
       0.1	9.48742e-16
      0.11	1.10212e-15
      0.12	1.3379e-15
      0.13	1.61484e-15
      0.14	1.89177e-15
      0.15	2.1687e-15
      0.16	2.44563e-15
      0.17	2.84567e-15
      0.18	3.30718e-15
      0.19	3.76868e-15
       0.2	4.23018e-15
      0.21	4.69168e-15
      0.22	5.29271e-15
      0.23	5.96339e-15
      0.24	6.63408e-15
      0.25	7.30477e-15
      0.26	7.97545e-15
      0.27	8.79109e-15
      0.28	9.67911e-15
      0.29	1.05671e-14
       0.3	1.14551e-14
      0.31	1.23432e-14
      0.32	1.33834e-14
      0.33	1.44996e-14
      0.34	1.56158e-14
      0.35	1.6732e-14
      0.36	1.78483e-14
      0.37	1.91302e-14
      0.38	2.0495e-14
      0.39	2.18597e-14
       0.4	2.32245e-14
      0.41	2.45892e-14
      0.42	2.61293e-14
      0.43	2.77568e-14
      0.44	2.93844e-14
      0.45	3.10119e-14
      0.46	3.26395e-14
      0.47	3.44621e-14
      0.48	3.6382e-14
      0.49	3.8302e-14
       0.5	4.0222e-14
      0.51	4.2142e-14
      0.52	4.42719e-14
      0.53	4.65067e-14
      0.54	4.87415e-14
      0.55	5.09762e-14
      0.56	5.3211e-14
      0.57	5.56645e-14
      0.58	5.82273e-14
      0.59	6.07901e-14
       0.6	6.33529e-14
      0.61	6.59157e-14
      0.62	6.86993e-14
      0.63	7.15933e-14
      0.64	7.44872e-14
      0.65	7.73812e-14
      0.66	8.02751e-14
      0.67	8.33858e-14
      0.68	8.66047e-14
      0.69	8.98236e-14
       0.7	9.30424e-14
      0.71	9.62613e-14
      0.72	9.96873e-14
      0.73	1.03217e-13
      0.74	1.06746e-13
      0.75	1.10276e-13
      0.76	1.13805e-13
      0.77	1.17527e-13
      0.78	1.21346e-13
      0.79	1.25164e-13
       0.8	1.28982e-13
      0.81	1.32801e-13
      0.82	1.36793e-13
      0.83	1.40872e-13
      0.84	1.44952e-13
      0.85	1.49031e-13
      0.86	1.5311e-13
      0.87	1.57341e-13
      0.88	1.61647e-13
      0.89	1.65954e-13
       0.9	1.7026e-13
      0.91	1.74567e-13
      0.92	1.78998e-13
      0.93	1.83493e-13
      0.94	1.87987e-13
      0.95	1.92482e-13
      0.96	1.96976e-13
      0.97	2.01567e-13
      0.98	2.06207e-13
      0.99	2.10846e-13
         1	2.15486e-13
      1.01	3.40268e-10
      1.02	1.54635e-09
      1.03	3.78695e-09
      1.04	6.58218e-09
      1.05	8.55296e-09
      1.06	9.53001e-09
      1.07	7.01948e-09
      1.08	4.61458e-09
      1.09	2.87324e-09
       1.1	1.1319e-09
      1.11	1.16341e-08
      1.12	2.64418e-08
      1.13	4.12494e-08
      1.14	8.76152e-08
      1.15	1.58363e-07
      1.16	2.2911e-07
      1.17	2.99857e-07
      1.18	3.89737e-07
      1.19	5.92237e-07
       1.2	7.94738e-07
      1.21	9.97238e-07
      1.22	1.19974e-06
      1.23	1.43324e-06
      1.24	1.84922e-06
      1.25	2.26521e-06
      1.26	2.68119e-06
      1.27	3.09718e-06
      1.28	3.55026e-06
      1.29	4.22173e-06
       1.3	4.89319e-06
      1.31	5.56466e-06
      1.32	6.23612e-06
      1.33	6.94226e-06
      1.34	7.85251e-06
      1.35	8.76276e-06
      1.36	9.67301e-06
      1.37	1.05833e-05
      1.38	1.15191e-05
      1.39	1.26056e-05
       1.4	1.36921e-05
      1.41	1.47786e-05
      1.42	1.5865e-05
      1.43	1.69656e-05
      1.44	1.81488e-05
      1.45	1.93321e-05
      1.46	2.05154e-05
      1.47	2.16986e-05
      1.48	2.2885e-05
      1.49	 2.409e-05
       1.5	2.52949e-05
      1.51	2.64999e-05
      1.52	2.77048e-05
      1.53	2.89038e-05
      1.54	3.00672e-05
      1.55	3.12306e-05
      1.56	3.23941e-05
      1.57	3.35575e-05
      1.58	3.47074e-05
      1.59	3.57775e-05
       1.6	3.68476e-05
      1.61	3.79177e-05
      1.62	3.89878e-05
      1.63	4.00382e-05
      1.64	4.09728e-05
      1.65	4.19075e-05
      1.66	4.28421e-05
      1.67	4.37767e-05
      1.68	4.46869e-05
      1.69	4.54529e-05
       1.7	4.6219e-05
      1.71	4.6985e-05
      1.72	4.7751e-05
      1.73	4.84891e-05
      1.74	4.90625e-05
      1.75	4.96359e-05
      1.76	5.02093e-05
      1.77	5.07828e-05
      1.78	5.13261e-05
      1.79	5.16924e-05
       1.8	5.20587e-05
      1.81	5.2425e-05
      1.82	5.27913e-05
      1.83	5.31268e-05
      1.84	5.32811e-05
      1.85	5.34353e-05
      1.86	5.35896e-05
      1.87	5.37438e-05
      1.88	5.38678e-05
      1.89	5.3814e-05
       1.9	5.37603e-05
      1.91	5.37065e-05
      1.92	5.36527e-05
      1.93	5.35704e-05
      1.94	5.33207e-05
      1.95	5.30709e-05
      1.96	5.28211e-05
      1.97	5.25714e-05
      1.98	5.22959e-05
      1.99	5.1869e-05
         2	5.1442e-05
      2.01	5.10151e-05
      2.02	5.05882e-05
      2.03	5.01391e-05
      2.04	4.95591e-05
      2.05	4.89791e-05
      2.06	4.83992e-05
      2.07	4.78192e-05
      2.08	4.72211e-05
      2.09	4.6516e-05
       2.1	4.58109e-05
      2.11	4.51058e-05
      2.12	4.44008e-05
      2.13	4.36819e-05
      2.14	4.2882e-05
      2.15	4.2082e-05
      2.16	4.12821e-05
      2.17	4.04821e-05
      2.18	3.96729e-05
      2.19	3.88093e-05
       2.2	3.79456e-05
      2.21	3.7082e-05
      2.22	3.62184e-05
      2.23	3.53499e-05
      2.24	3.44533e-05
      2.25	3.35566e-05
      2.26	3.26599e-05
      2.27	3.17632e-05
      2.28	3.0866e-05
      2.29	2.99655e-05
       2.3	2.9065e-05
      2.31	2.81645e-05
      2.32	2.7264e-05
      2.33	2.63668e-05
      2.34	2.54891e-05
      2.35	2.46114e-05
      2.36	2.37337e-05
      2.37	2.2856e-05
      2.38	2.1985e-05
      2.39	2.11535e-05
       2.4	2.03219e-05
      2.41	1.94904e-05
      2.42	1.86589e-05
      2.43	1.78369e-05
      2.44	1.7071e-05
      2.45	1.63051e-05
      2.46	1.55391e-05
      2.47	1.47732e-05
      2.48	1.40191e-05
      2.49	1.3334e-05
       2.5	1.2649e-05
      2.51	1.1964e-05
      2.52	1.1279e-05
      2.53	1.06073e-05
      2.54	1.0014e-05
      2.55	9.42073e-06
      2.56	8.82746e-06
      2.57	8.23419e-06
      2.58	7.6552e-06
      2.59	7.16024e-06
       2.6	6.66528e-06
      2.61	6.17032e-06
      2.62	5.67536e-06
      2.63	5.19502e-06
      2.64	4.80077e-06
      2.65	4.40653e-06
      2.66	4.01228e-06
      2.67	3.61804e-06
      2.68	3.23822e-06
      2.69	2.94331e-06
       2.7	2.6484e-06
      2.71	2.35349e-06
      2.72	2.05858e-06
      2.73	1.77741e-06
      2.74	1.57713e-06
      2.75	1.37685e-06
      2.76	1.17657e-06
      2.77	9.76284e-07
      2.78	7.88649e-07
      2.79	6.75463e-07
       2.8	5.62277e-07
      2.81	4.49091e-07
      2.82	3.35905e-07
      2.83	2.33956e-07
      2.84	1.98153e-07
      2.85	1.62349e-07
      2.86	1.26545e-07
      2.87	9.07419e-08
      2.88	6.45311e-08
      2.89	9.47881e-08
       2.9	1.25045e-07
      2.91	1.55302e-07
      2.92	1.85559e-07
      2.93	2.23621e-07
      2.94	3.07626e-07
      2.95	3.9163e-07
      2.96	4.75635e-07
      2.97	5.5964e-07
      2.98	6.49601e-07
      2.99	7.74626e-07
         3	8.99652e-07
      3.01	1.02468e-06
      3.02	1.1497e-06
      3.03	1.27885e-06
      3.04	1.43229e-06
      3.05	1.58572e-06
      3.06	1.73915e-06
      3.07	1.89258e-06
      3.08	2.04839e-06
      3.09	2.2182e-06
       3.1	 2.388e-06
      3.11	2.55781e-06
      3.12	2.72761e-06
      3.13	2.89819e-06
      3.14	3.07329e-06
      3.15	3.2484e-06
      3.16	3.4235e-06
      3.17	3.59861e-06
      3.18	3.77306e-06
      3.19	3.94366e-06
       3.2	4.11426e-06
      3.21	4.28486e-06
      3.22	4.45547e-06
      3.23	4.62421e-06
      3.24	4.78199e-06
      3.25	4.93977e-06
      3.26	5.09755e-06
      3.27	5.25534e-06
      3.28	5.41028e-06
      3.29	5.54855e-06
       3.3	5.68681e-06
      3.31	5.82508e-06
      3.32	5.96334e-06
      3.33	6.09804e-06
      3.34	6.21177e-06
      3.35	6.32549e-06
      3.36	6.43922e-06
      3.37	6.55294e-06
      3.38	6.66261e-06
      3.39	6.74843e-06
       3.4	6.83424e-06
      3.41	6.92006e-06
      3.42	7.00588e-06
      3.43	7.08738e-06
      3.44	7.1435e-06
      3.45	7.19961e-06
      3.46	7.25573e-06
      3.47	7.31185e-06
      3.48	7.3636e-06
      3.49	7.38967e-06
       3.5	7.41574e-06
      3.51	7.44181e-06
      3.52	7.46788e-06
      3.53	7.48972e-06
      3.54	7.48666e-06
      3.55	7.48361e-06
      3.56	7.48055e-06
      3.57	7.4775e-06
      3.58	7.47051e-06
      3.59	7.44033e-06
       3.6	7.41015e-06
      3.61	7.37997e-06
      3.62	7.34979e-06
      3.63	7.31609e-06
      3.64	7.26164e-06
      3.65	7.20719e-06
      3.66	7.15274e-06
      3.67	7.09829e-06
      3.68	7.04083e-06
      3.69	6.9656e-06
       3.7	6.89038e-06
      3.71	6.81515e-06
      3.72	6.73992e-06
      3.73	6.66225e-06
      3.74	6.57016e-06
      3.75	6.47808e-06
      3.76	6.38599e-06
      3.77	6.2939e-06
      3.78	6.19996e-06
      3.79	6.09514e-06
       3.8	5.99032e-06
      3.81	5.8855e-06
      3.82	5.78068e-06
      3.83	5.67461e-06
      3.84	5.56122e-06
      3.85	5.44782e-06
      3.86	5.33442e-06
      3.87	5.22103e-06
      3.88	5.10697e-06
      3.89	4.98902e-06
       3.9	4.87108e-06
      3.91	4.75313e-06
      3.92	4.63519e-06
      3.93	4.51713e-06
      3.94	4.39839e-06
      3.95	4.27965e-06
      3.96	4.16091e-06
      3.97	4.04217e-06
      3.98	3.9238e-06
      3.99	3.80764e-06
         4	3.69149e-06
      4.01	3.57533e-06
      4.02	3.45917e-06
      4.03	3.34381e-06
      4.04	3.23316e-06
      4.05	3.1225e-06
      4.06	3.01185e-06
      4.07	2.9012e-06
      4.08	2.79169e-06
      4.09	2.68895e-06
       4.1	2.58621e-06
      4.11	2.48348e-06
      4.12	2.38074e-06
      4.13	2.27942e-06
      4.14	2.18647e-06
      4.15	2.09353e-06
      4.16	2.00058e-06
      4.17	1.90764e-06
      4.18	1.81631e-06
      4.19	1.7345e-06
       4.2	1.65268e-06
      4.21	1.57087e-06
      4.22	1.48906e-06
      4.23	1.40899e-06
      4.24	1.33914e-06
      4.25	1.26929e-06
      4.26	1.19943e-06
      4.27	1.12958e-06
      4.28	1.06152e-06
      4.29	1.00397e-06
       4.3	9.46422e-07
      4.31	8.88873e-07
      4.32	8.31324e-07
      4.33	7.75549e-07
      4.34	7.30212e-07
      4.35	6.84875e-07
      4.36	6.39538e-07
      4.37	5.94201e-07
      4.38	5.50569e-07
      4.39	5.16978e-07
       4.4	4.83386e-07
      4.41	4.49795e-07
      4.42	4.16204e-07
      4.43	3.84205e-07
      4.44	3.61581e-07
      4.45	3.38958e-07
      4.46	3.16334e-07
      4.47	2.93711e-07
      4.48	2.72532e-07
      4.49	2.59855e-07
       4.5	2.47177e-07
      4.51	 2.345e-07
      4.52	2.21823e-07
      4.53	2.10416e-07
      4.54	2.06485e-07
      4.55	2.02555e-07
      4.56	1.98624e-07
      4.57	1.94694e-07
      4.58	1.91843e-07
      4.59	1.95347e-07
       4.6	1.98851e-07
      4.61	2.02355e-07
      4.62	2.05858e-07
      4.63	2.10243e-07
      4.64	2.19816e-07
      4.65	2.29388e-07
      4.66	2.3896e-07
      4.67	2.48533e-07
      4.68	2.58788e-07
      4.69	2.73063e-07
       4.7	2.87338e-07
      4.71	3.01613e-07
      4.72	3.15888e-07
      4.73	3.30654e-07
      4.74	3.48312e-07
      4.75	3.6597e-07
      4.76	3.83629e-07
      4.77	4.01287e-07
      4.78	4.19257e-07
      4.79	4.39064e-07
       4.8	4.58871e-07
      4.81	4.78678e-07
      4.82	4.98485e-07
      4.83	5.18441e-07
      4.84	5.39277e-07
      4.85	5.60112e-07
      4.86	5.80948e-07
      4.87	6.01783e-07
      4.88	6.22625e-07
      4.89	6.43506e-07
       4.9	6.64386e-07
      4.91	6.85267e-07
      4.92	7.06147e-07
      4.93	7.26913e-07
      4.94	7.47006e-07
      4.95	7.67098e-07
      4.96	7.8719e-07
      4.97	8.07282e-07
      4.98	8.27162e-07
      4.99	8.45789e-07
         5	8.64416e-07
      5.01	8.83044e-07
      5.02	9.01671e-07
      5.03	9.2001e-07
      5.04	9.36653e-07
      5.05	9.53296e-07
      5.06	9.69939e-07
      5.07	9.86581e-07
      5.08	1.00288e-06
      5.09	1.01717e-06
       5.1	1.03146e-06
      5.11	1.04575e-06
      5.12	1.06004e-06
      5.13	1.07396e-06
      5.14	1.08567e-06
      5.15	1.09738e-06
      5.16	1.10909e-06
      5.17	1.1208e-06
      5.18	1.13212e-06
      5.19	1.14115e-06
       5.2	1.15018e-06
      5.21	1.15921e-06
      5.22	1.16824e-06
      5.23	1.17688e-06
      5.24	1.18324e-06
      5.25	1.18961e-06
      5.26	1.19597e-06
      5.27	1.20233e-06
      5.28	1.20832e-06
      5.29	1.21212e-06
       5.3	1.21592e-06
      5.31	1.21972e-06
      5.32	1.22352e-06
      5.33	1.22698e-06
      5.34	1.2284e-06
      5.35	1.22981e-06
      5.36	1.23123e-06
      5.37	1.23265e-06
      5.38	1.23376e-06
      5.39	1.23303e-06
       5.4	1.23231e-06
      5.41	1.23158e-06
      5.42	1.23086e-06
      5.43	1.22986e-06
      5.44	1.22727e-06
      5.45	1.22467e-06
      5.46	1.22208e-06
      5.47	1.21949e-06
      5.48	1.21667e-06
      5.49	1.21251e-06
       5.5	1.20835e-06
      5.51	1.20419e-06
      5.52	1.20003e-06
      5.53	1.19569e-06
      5.54	1.19028e-06
      5.55	1.18486e-06
      5.56	1.17944e-06
      5.57	1.17403e-06
      5.58	1.16847e-06
      5.59	1.1621e-06
       5.6	1.15574e-06
      5.61	1.14937e-06
      5.62	 1.143e-06
      5.63	1.13654e-06
      5.64	1.12951e-06
      5.65	1.12248e-06
      5.66	1.11546e-06
      5.67	1.10843e-06
      5.68	1.10135e-06
      5.69	1.09394e-06
       5.7	1.08652e-06
      5.71	1.07911e-06
      5.72	1.0717e-06
      5.73	1.06426e-06
      5.74	1.05671e-06
      5.75	1.04915e-06
      5.76	1.04159e-06
      5.77	1.03404e-06
      5.78	1.02649e-06
      5.79	1.01901e-06
       5.8	1.01153e-06
      5.81	1.00404e-06
      5.82	9.96559e-07
      5.83	9.89112e-07
      5.84	9.81883e-07
      5.85	9.74654e-07
      5.86	9.674239e-07
      5.87	9.601951e-07
      5.88	9.53025e-07
      5.89	9.46202e-07
       5.9	9.39378e-07
      5.91	9.32554e-07
      5.92	9.25731e-07
      5.93	9.18984e-07
      5.94	9.12686e-07
      5.95	9.06389e-07
      5.96	9.00092e-07
      5.97	8.93794e-07
      5.98	8.87587e-07
      5.99	8.81908e-07
         6	8.7623e-07
      6.01	8.70552e-07
      6.02	8.64873e-07
      6.03	8.59295e-07
      6.04	8.54304e-07
      6.05	8.49313e-07
      6.06	8.44322e-07
      6.07	8.39331e-07
      6.08	8.34447e-07
      6.09	8.30191e-07
       6.1	8.25936e-07
      6.11	8.2168e-07
      6.12	8.17424e-07
      6.13	8.1328e-07
      6.14	8.0979e-07
      6.15	8.06301e-07
      6.16	8.02811e-07
      6.17	7.99322e-07
      6.18	7.95947e-07
      6.19	7.93242e-07
       6.2	7.90538e-07
      6.21	7.87833e-07
      6.22	7.85128e-07
      6.23	7.82539e-07
      6.24	7.8063e-07
      6.25	7.7872e-07
      6.26	7.7681e-07
      6.27	 7.749e-07
      6.28	7.73106e-07
      6.29	7.71996e-07
       6.3	7.70885e-07
      6.31	7.69774e-07
      6.32	7.68664e-07
      6.33	7.67669e-07
      6.34	7.6736e-07
      6.35	7.67051e-07
      6.36	7.66741e-07
      6.37	7.66432e-07
      6.38	7.66239e-07
      6.39	7.66733e-07
       6.4	7.67227e-07
      6.41	7.67721e-07
      6.42	7.68215e-07
      6.43	7.68826e-07
      6.44	7.70127e-07
      6.45	7.71428e-07
      6.46	7.72729e-07
      6.47	7.7403e-07
      6.48	7.7545e-07
      6.49	7.77565e-07
       6.5	7.7968e-07
      6.51	7.81795e-07
      6.52	7.8391e-07
      6.53	7.86144e-07
      6.54	7.89084e-07
      6.55	7.92023e-07
      6.56	7.94962e-07
      6.57	7.97901e-07
      6.58	8.00962e-07
      6.59	8.04739e-07
       6.6	8.08516e-07
      6.61	8.12292e-07
      6.62	8.16069e-07
      6.63	8.1997e-07
      6.64	8.24601e-07
      6.65	8.29233e-07
      6.66	8.33864e-07
      6.67	8.38495e-07
      6.68	8.43253e-07
      6.69	8.48757e-07
       6.7	8.54261e-07
      6.71	8.59765e-07
      6.72	8.6527e-07
      6.73	8.70903e-07
      6.74	 8.773e-07
      6.75	8.83697e-07
      6.76	8.90093e-07
      6.77	8.9649e-07
      6.78	9.03019e-07
      6.79	9.10327e-07
       6.8	9.17635e-07
      6.81	9.24944e-07
      6.82	9.32252e-07
      6.83	9.39695e-07
      6.84	9.47932e-07
      6.85	9.561689e-07
      6.86	9.64405e-07
      6.87	9.726421e-07
      6.88	9.81016e-07
      6.89	9.90195e-07
       6.9	9.99374e-07
      6.91	1.00855e-06
      6.92	1.01773e-06
      6.93	1.02705e-06
      6.94	1.03718e-06
      6.95	1.04731e-06
      6.96	1.05744e-06
      6.97	1.06757e-06
      6.98	1.07784e-06
      6.99	1.08892e-06
         7	1.10001e-06
