Time	IDX
         0	7.40922e-17
      0.01	1.07624e-16
      0.02	1.4557e-16
      0.03	1.95097e-16
      0.04	2.58432e-16
      0.05	3.27447e-16
      0.06	4.22324e-16
      0.07	5.17202e-16
      0.08	6.41991e-16
      0.09	7.95366e-16
       0.1	9.48742e-16
      0.11	1.10212e-15
      0.12	1.3379e-15
      0.13	1.61484e-15
      0.14	1.89177e-15
      0.15	2.1687e-15
      0.16	2.44563e-15
      0.17	2.84567e-15
      0.18	3.30718e-15
      0.19	3.76868e-15
       0.2	4.23018e-15
      0.21	4.69168e-15
      0.22	5.29271e-15
      0.23	5.9634e-15
      0.24	6.63408e-15
      0.25	7.30477e-15
      0.26	7.97545e-15
      0.27	8.79109e-15
      0.28	9.67911e-15
      0.29	1.05671e-14
       0.3	1.14551e-14
      0.31	1.23432e-14
      0.32	1.33834e-14
      0.33	1.44996e-14
      0.34	1.56158e-14
      0.35	1.6732e-14
      0.36	1.78483e-14
      0.37	1.91302e-14
      0.38	2.0495e-14
      0.39	2.18597e-14
       0.4	2.32245e-14
      0.41	2.45892e-14
      0.42	2.61293e-14
      0.43	2.77568e-14
      0.44	2.93844e-14
      0.45	3.10119e-14
      0.46	3.26395e-14
      0.47	3.44621e-14
      0.48	3.6382e-14
      0.49	3.8302e-14
       0.5	4.0222e-14
      0.51	4.2142e-14
      0.52	4.42719e-14
      0.53	4.65067e-14
      0.54	4.87415e-14
      0.55	5.09762e-14
      0.56	5.3211e-14
      0.57	5.56645e-14
      0.58	5.82273e-14
      0.59	6.07901e-14
       0.6	6.33529e-14
      0.61	6.59157e-14
      0.62	6.86993e-14
      0.63	7.15933e-14
      0.64	7.44872e-14
      0.65	7.73812e-14
      0.66	8.02751e-14
      0.67	8.33858e-14
      0.68	8.66047e-14
      0.69	8.98236e-14
       0.7	9.30424e-14
      0.71	9.62613e-14
      0.72	9.96873e-14
      0.73	1.03217e-13
      0.74	1.06746e-13
      0.75	1.10276e-13
      0.76	1.13805e-13
      0.77	1.17527e-13
      0.78	1.21346e-13
      0.79	1.25164e-13
       0.8	1.28982e-13
      0.81	1.32801e-13
      0.82	1.36793e-13
      0.83	1.40872e-13
      0.84	1.44952e-13
      0.85	1.49031e-13
      0.86	1.5311e-13
      0.87	1.57341e-13
      0.88	1.61647e-13
      0.89	1.65954e-13
       0.9	1.7026e-13
      0.91	1.74567e-13
      0.92	1.78998e-13
      0.93	1.83493e-13
      0.94	1.87987e-13
      0.95	1.92482e-13
      0.96	1.96976e-13
      0.97	2.01567e-13
      0.98	2.06207e-13
      0.99	2.10846e-13
         1	2.15486e-13
      1.01	1.60519e-13
      1.02	8.91259e-14
      1.03	2.02404e-14
      1.04	2.57436e-13
      1.05	9.26308e-13
      1.06	5.9219e-12
      1.07	1.09175e-11
      1.08	2.86708e-11
      1.09	5.86165e-11
       1.1	8.85622e-11
      1.11	1.18508e-10
      1.12	1.93199e-10
      1.13	2.9023e-10
      1.14	3.87261e-10
      1.15	4.84292e-10
      1.16	5.81323e-10
      1.17	7.48411e-10
      1.18	9.50476e-10
      1.19	1.15254e-09
       1.2	1.35461e-09
      1.21	1.55667e-09
      1.22	1.8403e-09
      1.23	2.16464e-09
      1.24	2.48899e-09
      1.25	2.81333e-09
      1.26	3.13768e-09
      1.27	3.5373e-09
      1.28	3.97451e-09
      1.29	4.41171e-09
       1.3	4.84892e-09
      1.31	5.28612e-09
      1.32	5.77128e-09
      1.33	6.28037e-09
      1.34	6.78946e-09
      1.35	7.29856e-09
      1.36	7.80765e-09
      1.37	8.31823e-09
      1.38	8.82954e-09
      1.39	9.34086e-09
       1.4	9.85218e-09
      1.41	1.03635e-08
      1.42	1.08179e-08
      1.43	1.12438e-08
      1.44	1.16698e-08
      1.45	1.20957e-08
      1.46	1.25217e-08
      1.47	1.28324e-08
      1.48	1.30856e-08
      1.49	1.33388e-08
       1.5	1.3592e-08
      1.51	1.38452e-08
      1.52	1.39398e-08
      1.53	1.39553e-08
      1.54	1.39708e-08
      1.55	1.39863e-08
      1.56	1.40017e-08
      1.57	1.38436e-08
      1.58	1.35987e-08
      1.59	1.33539e-08
       1.6	1.3109e-08
      1.61	1.28642e-08
      1.62	1.24666e-08
      1.63	1.19928e-08
      1.64	1.15189e-08
      1.65	1.10451e-08
      1.66	1.05713e-08
      1.67	1.00009e-08
      1.68	9.38231e-09
      1.69	8.76374e-09
       1.7	8.14517e-09
      1.71	7.52659e-09
      1.72	6.89383e-09
      1.73	6.25397e-09
      1.74	5.61412e-09
      1.75	4.97426e-09
      1.76	4.33441e-09
      1.77	3.77307e-09
      1.78	3.25093e-09
      1.79	2.7288e-09
       1.8	2.20666e-09
      1.81	1.68453e-09
      1.82	1.32508e-09
      1.83	1.04685e-09
      1.84	7.68619e-10
      1.85	4.9039e-10
      1.86	2.12161e-10
      1.87	1.54053e-10
      1.88	2.05844e-10
      1.89	2.57636e-10
       1.9	3.09427e-10
      1.91	3.61219e-10
      1.92	6.49983e-10
      1.93	1.05706e-09
      1.94	1.46414e-09
      1.95	1.87121e-09
      1.96	2.27829e-09
      1.97	2.89175e-09
      1.98	3.60824e-09
      1.99	4.32474e-09
         2	5.04124e-09
      2.01	5.75773e-09
      2.02	6.60418e-09
      2.03	7.51551e-09
      2.04	8.42684e-09
      2.05	9.33817e-09
      2.06	1.02495e-08
      2.07	1.11788e-08
      2.08	1.21171e-08
      2.09	1.30554e-08
       2.1	1.39936e-08
      2.11	1.49319e-08
      2.12	1.57587e-08
      2.13	1.65297e-08
      2.14	1.73008e-08
      2.15	1.80718e-08
      2.16	1.88429e-08
      2.17	1.93792e-08
      2.18	1.97984e-08
      2.19	2.02176e-08
       2.2	2.06368e-08
      2.21	2.1056e-08
      2.22	2.11511e-08
      2.23	2.10844e-08
      2.24	2.10177e-08
      2.25	2.0951e-08
      2.26	2.08843e-08
      2.27	2.0466e-08
      2.28	1.98722e-08
      2.29	1.92783e-08
       2.3	1.86845e-08
      2.31	1.80907e-08
      2.32	1.72059e-08
      2.33	1.61758e-08
      2.34	1.51458e-08
      2.35	1.41157e-08
      2.36	1.30856e-08
      2.37	1.19353e-08
      2.38	1.07248e-08
      2.39	9.51437e-09
       2.4	8.30392e-09
      2.41	7.09348e-09
      2.42	6.05904e-09
      2.43	5.11249e-09
      2.44	4.16594e-09
      2.45	3.21938e-09
      2.46	2.27283e-09
      2.47	1.93228e-09
      2.48	1.89429e-09
      2.49	1.8563e-09
       2.5	1.8183e-09
      2.51	1.78031e-09
      2.52	2.91156e-09
      2.53	4.62657e-09
      2.54	6.34158e-09
      2.55	8.05659e-09
      2.56	9.7716e-09
      2.57	1.33434e-08
      2.58	1.78423e-08
      2.59	2.23411e-08
       2.6	 2.684e-08
      2.61	3.13388e-08
      2.62	3.84894e-08
      2.63	4.69639e-08
      2.64	5.54384e-08
      2.65	6.39129e-08
      2.66	7.23874e-08
      2.67	8.43919e-08
      2.68	9.81587e-08
      2.69	1.11926e-07
       2.7	1.25692e-07
      2.71	1.39459e-07
      2.72	1.57688e-07
      2.73	1.78144e-07
      2.74	1.98601e-07
      2.75	2.19057e-07
      2.76	2.39513e-07
      2.77	2.65383e-07
      2.78	2.93956e-07
      2.79	3.22528e-07
       2.8	3.51101e-07
      2.81	3.79673e-07
      2.82	4.14595e-07
      2.83	4.52686e-07
      2.84	4.90777e-07
      2.85	5.28868e-07
      2.86	5.66959e-07
      2.87	6.12282e-07
      2.88	6.61215e-07
      2.89	7.10149e-07
       2.9	7.59082e-07
      2.91	8.08015e-07
      2.92	8.64974e-07
      2.93	9.25941e-07
      2.94	9.86908e-07
      2.95	1.04787e-06
      2.96	1.10884e-06
      2.97	1.17851e-06
      2.98	1.25252e-06
      2.99	1.32653e-06
         3	1.40055e-06
      3.01	1.47456e-06
      3.02	1.5578e-06
      3.03	1.64564e-06
      3.04	1.73349e-06
      3.05	1.82134e-06
      3.06	1.90918e-06
      3.07	2.00661e-06
      3.08	2.10883e-06
      3.09	2.21104e-06
       3.1	2.31326e-06
      3.11	2.41547e-06
      3.12	2.52744e-06
      3.13	2.64428e-06
      3.14	2.76112e-06
      3.15	2.87795e-06
      3.16	2.99479e-06
      3.17	3.12135e-06
      3.18	3.25277e-06
      3.19	3.38418e-06
       3.2	3.5156e-06
      3.21	3.64702e-06
      3.22	3.78793e-06
      3.23	3.93358e-06
      3.24	4.07924e-06
      3.25	4.22489e-06
      3.26	4.37055e-06
      3.27	4.52528e-06
      3.28	4.68453e-06
      3.29	4.84379e-06
       3.3	5.00305e-06
      3.31	5.1623e-06
      3.32	5.33002e-06
      3.33	5.50196e-06
      3.34	5.6739e-06
      3.35	5.84584e-06
      3.36	6.01778e-06
      3.37	6.1974e-06
      3.38	6.38086e-06
      3.39	6.56431e-06
       3.4	6.74776e-06
      3.41	6.93121e-06
      3.42	7.12141e-06
      3.43	7.31497e-06
      3.44	7.50853e-06
      3.45	7.70209e-06
      3.46	7.89565e-06
      3.47	8.09489e-06
      3.48	8.29697e-06
      3.49	8.49904e-06
       3.5	8.70112e-06
      3.51	8.9032e-06
      3.52	9.10979e-06
      3.53	9.31863e-06
      3.54	9.52748e-06
      3.55	9.73632e-06
      3.56	9.94517e-06
      3.57	1.01573e-05
      3.58	1.0371e-05
      3.59	1.05848e-05
       3.6	1.07986e-05
      3.61	1.10123e-05
      3.62	1.12281e-05
      3.63	1.14448e-05
      3.64	1.16616e-05
      3.65	1.18783e-05
      3.66	1.20951e-05
      3.67	1.23125e-05
      3.68	1.25303e-05
      3.69	1.27481e-05
       3.7	1.29659e-05
      3.71	1.31837e-05
      3.72	1.34009e-05
      3.73	1.36178e-05
      3.74	1.38347e-05
      3.75	1.40516e-05
      3.76	1.42685e-05
      3.77	1.44836e-05
      3.78	1.46978e-05
      3.79	1.49119e-05
       3.8	1.51261e-05
      3.81	1.53403e-05
      3.82	1.55514e-05
      3.83	1.57611e-05
      3.84	1.59707e-05
      3.85	1.61803e-05
      3.86	 1.639e-05
      3.87	1.65955e-05
      3.88	1.6799e-05
      3.89	1.70025e-05
       3.9	1.7206e-05
      3.91	1.74094e-05
      3.92	1.76078e-05
      3.93	1.78036e-05
      3.94	1.79994e-05
      3.95	1.81952e-05
      3.96	1.83911e-05
      3.97	1.85809e-05
      3.98	1.87677e-05
      3.99	1.89545e-05
         4	1.91414e-05
      4.01	1.93282e-05
      4.02	1.95083e-05
      4.03	1.9685e-05
      4.04	1.98617e-05
      4.05	2.00384e-05
      4.06	2.02152e-05
      4.07	2.03845e-05
      4.08	2.05502e-05
      4.09	2.07158e-05
       4.1	2.08815e-05
      4.11	2.10472e-05
      4.12	2.1205e-05
      4.13	2.13589e-05
      4.14	2.15128e-05
      4.15	2.16667e-05
      4.16	2.18205e-05
      4.17	2.19662e-05
      4.18	2.21078e-05
      4.19	2.22494e-05
       4.2	2.2391e-05
      4.21	2.25326e-05
      4.22	2.26658e-05
      4.23	2.27947e-05
      4.24	2.29237e-05
      4.25	2.30527e-05
      4.26	2.31816e-05
      4.27	2.33021e-05
      4.28	2.34183e-05
      4.29	2.35345e-05
       4.3	2.36508e-05
      4.31	2.3767e-05
      4.32	2.38747e-05
      4.33	2.39782e-05
      4.34	2.40817e-05
      4.35	2.41852e-05
      4.36	2.42888e-05
      4.37	2.4384e-05
      4.38	2.4475e-05
      4.39	2.4566e-05
       4.4	2.4657e-05
      4.41	2.47481e-05
      4.42	2.4831e-05
      4.43	2.49099e-05
      4.44	2.49888e-05
      4.45	2.50678e-05
      4.46	2.51467e-05
      4.47	2.52178e-05
      4.48	2.52851e-05
      4.49	2.53524e-05
       4.5	2.54197e-05
      4.51	2.5487e-05
      4.52	2.5547e-05
      4.53	2.56033e-05
      4.54	2.56596e-05
      4.55	2.57159e-05
      4.56	2.57722e-05
      4.57	2.58216e-05
      4.58	2.58676e-05
      4.59	2.59136e-05
       4.6	2.59596e-05
      4.61	2.60056e-05
      4.62	2.60453e-05
      4.63	2.60818e-05
      4.64	2.61183e-05
      4.65	2.61548e-05
      4.66	2.61913e-05
      4.67	2.6222e-05
      4.68	2.62498e-05
      4.69	2.62776e-05
       4.7	2.63054e-05
      4.71	2.63333e-05
      4.72	2.63559e-05
      4.73	2.63759e-05
      4.74	2.63959e-05
      4.75	2.6416e-05
      4.76	2.6436e-05
      4.77	2.64514e-05
      4.78	2.64646e-05
      4.79	2.64777e-05
       4.8	2.64909e-05
      4.81	2.6504e-05
      4.82	2.65131e-05
      4.83	2.65203e-05
      4.84	2.65274e-05
      4.85	2.65346e-05
      4.86	2.65417e-05
      4.87	2.65455e-05
      4.88	2.65476e-05
      4.89	2.65496e-05
       4.9	2.65517e-05
      4.91	2.65538e-05
      4.92	2.6553e-05
      4.93	2.65509e-05
      4.94	2.65487e-05
      4.95	2.65466e-05
      4.96	2.65444e-05
      4.97	2.65401e-05
      4.98	2.65346e-05
      4.99	2.65291e-05
         5	2.65236e-05
      5.01	2.65181e-05
      5.02	2.65109e-05
      5.03	2.65028e-05
      5.04	2.64948e-05
      5.05	2.64867e-05
      5.06	2.64787e-05
      5.07	2.64694e-05
      5.08	2.64596e-05
      5.09	2.64498e-05
       5.1	 2.644e-05
      5.11	2.64301e-05
      5.12	2.64196e-05
      5.13	2.64087e-05
      5.14	2.63978e-05
      5.15	2.63869e-05
      5.16	2.6376e-05
      5.17	2.63648e-05
      5.18	2.63536e-05
      5.19	2.63423e-05
       5.2	2.6331e-05
      5.21	2.63198e-05
      5.22	2.63085e-05
      5.23	2.62974e-05
      5.24	2.62863e-05
      5.25	2.62752e-05
      5.26	2.62641e-05
      5.27	2.62536e-05
      5.28	2.62431e-05
      5.29	2.62328e-05
       5.3	2.62224e-05
      5.31	2.62121e-05
      5.32	2.62025e-05
      5.33	2.61934e-05
      5.34	2.61842e-05
      5.35	2.61751e-05
      5.36	2.61659e-05
      5.37	2.61579e-05
      5.38	2.61504e-05
      5.39	2.61429e-05
       5.4	2.61354e-05
      5.41	2.61279e-05
      5.42	2.61217e-05
      5.43	2.61162e-05
      5.44	2.61107e-05
      5.45	2.61052e-05
      5.46	2.60997e-05
      5.47	2.60958e-05
      5.48	2.60926e-05
      5.49	2.60894e-05
       5.5	2.60862e-05
      5.51	2.6083e-05
      5.52	2.60815e-05
      5.53	2.60809e-05
      5.54	2.60802e-05
      5.55	2.60796e-05
      5.56	2.60789e-05
      5.57	2.60801e-05
      5.58	2.60822e-05
      5.59	2.60843e-05
       5.6	2.60865e-05
      5.61	2.60886e-05
      5.62	2.60926e-05
      5.63	2.60976e-05
      5.64	2.61026e-05
      5.65	2.61076e-05
      5.66	2.61126e-05
      5.67	2.61196e-05
      5.68	2.61276e-05
      5.69	2.61356e-05
       5.7	2.61436e-05
      5.71	2.61516e-05
      5.72	2.61616e-05
      5.73	2.61726e-05
      5.74	2.61836e-05
      5.75	2.61947e-05
      5.76	2.62057e-05
      5.77	2.62188e-05
      5.78	2.62328e-05
      5.79	2.62469e-05
       5.8	2.6261e-05
      5.81	2.62751e-05
      5.82	2.62912e-05
      5.83	2.63083e-05
      5.84	2.63254e-05
      5.85	2.63425e-05
      5.86	2.63595e-05
      5.87	2.63786e-05
      5.88	2.63987e-05
      5.89	2.64187e-05
       5.9	2.64388e-05
      5.91	2.64588e-05
      5.92	2.64808e-05
      5.93	2.65037e-05
      5.94	2.65266e-05
      5.95	2.65495e-05
      5.96	2.65725e-05
      5.97	2.65972e-05
      5.98	2.66228e-05
      5.99	2.66485e-05
         6	2.66741e-05
      6.01	2.66998e-05
      6.02	2.67272e-05
      6.03	2.67554e-05
      6.04	2.67836e-05
      6.05	2.68119e-05
      6.06	2.68401e-05
      6.07	2.68699e-05
      6.08	2.69006e-05
      6.09	2.69312e-05
       6.1	2.69619e-05
      6.11	2.69925e-05
      6.12	2.70246e-05
      6.13	2.70575e-05
      6.14	2.70904e-05
      6.15	2.71232e-05
      6.16	2.71561e-05
      6.17	2.71903e-05
      6.18	2.72252e-05
      6.19	 2.726e-05
       6.2	2.72949e-05
      6.21	2.73298e-05
      6.22	2.73659e-05
      6.23	2.74025e-05
      6.24	2.74392e-05
      6.25	2.74759e-05
      6.26	2.75125e-05
      6.27	2.75502e-05
      6.28	2.75884e-05
      6.29	2.76267e-05
       6.3	2.76649e-05
      6.31	2.77031e-05
      6.32	2.77422e-05
      6.33	2.77817e-05
      6.34	2.78213e-05
      6.35	2.78608e-05
      6.36	2.79004e-05
      6.37	2.79406e-05
      6.38	2.79812e-05
      6.39	2.80219e-05
       6.4	2.80625e-05
      6.41	2.81031e-05
      6.42	2.81444e-05
      6.43	2.81857e-05
      6.44	2.82271e-05
      6.45	2.82686e-05
      6.46	 2.831e-05
      6.47	2.8352e-05
      6.48	2.83939e-05
      6.49	2.8436e-05
       6.5	2.84781e-05
      6.51	2.85202e-05
      6.52	2.85623e-05
      6.53	2.86047e-05
      6.54	2.86471e-05
      6.55	2.86895e-05
      6.56	2.87319e-05
      6.57	2.87743e-05
      6.58	2.88167e-05
      6.59	2.88591e-05
       6.6	2.89016e-05
      6.61	2.8944e-05
      6.62	2.89865e-05
      6.63	2.90289e-05
      6.64	2.90712e-05
      6.65	2.91136e-05
      6.66	2.91559e-05
      6.67	2.91982e-05
      6.68	2.92402e-05
      6.69	2.92822e-05
       6.7	2.93243e-05
      6.71	2.93663e-05
      6.72	2.94079e-05
      6.73	2.94495e-05
      6.74	2.9491e-05
      6.75	2.95325e-05
      6.76	2.9574e-05
      6.77	2.96149e-05
      6.78	2.96557e-05
      6.79	2.96965e-05
       6.8	2.97373e-05
      6.81	2.9778e-05
      6.82	2.98182e-05
      6.83	2.9858e-05
      6.84	2.98979e-05
      6.85	2.99377e-05
      6.86	2.99776e-05
      6.87	3.00167e-05
      6.88	3.00555e-05
      6.89	3.00943e-05
       6.9	3.01331e-05
      6.91	3.01718e-05
      6.92	3.02098e-05
      6.93	3.02474e-05
      6.94	3.02849e-05
      6.95	3.03225e-05
      6.96	3.03601e-05
      6.97	3.03967e-05
      6.98	3.04329e-05
      6.99	3.04692e-05
         7	3.05054e-05
      7.01	3.05416e-05
      7.02	3.05768e-05
      7.03	3.06116e-05
      7.04	3.06464e-05
      7.05	3.06811e-05
      7.06	3.07159e-05
      7.07	3.07496e-05
      7.08	3.07828e-05
      7.09	3.0816e-05
       7.1	3.08493e-05
      7.11	3.08825e-05
      7.12	3.09146e-05
      7.13	3.09462e-05
      7.14	3.09778e-05
      7.15	3.10094e-05
      7.16	3.1041e-05
      7.17	3.10715e-05
      7.18	3.11014e-05
      7.19	3.11313e-05
       7.2	3.11612e-05
      7.21	3.11911e-05
      7.22	3.12199e-05
      7.23	3.12481e-05
      7.24	3.12763e-05
      7.25	3.13045e-05
      7.26	3.13327e-05
      7.27	3.13597e-05
      7.28	3.13862e-05
      7.29	3.14127e-05
       7.3	3.14391e-05
      7.31	3.14656e-05
      7.32	3.14909e-05
      7.33	3.15156e-05
      7.34	3.15404e-05
      7.35	3.15651e-05
      7.36	3.15898e-05
      7.37	3.16134e-05
      7.38	3.16364e-05
      7.39	3.16593e-05
       7.4	3.16823e-05
      7.41	3.17053e-05
      7.42	3.17272e-05
      7.43	3.17485e-05
      7.44	3.17698e-05
      7.45	3.1791e-05
      7.46	3.18123e-05
      7.47	3.18325e-05
      7.48	3.18521e-05
      7.49	3.18717e-05
       7.5	3.18913e-05
      7.51	3.19109e-05
      7.52	3.19295e-05
      7.53	3.19475e-05
      7.54	3.19655e-05
      7.55	3.19835e-05
      7.56	3.20014e-05
      7.57	3.20184e-05
      7.58	3.20348e-05
      7.59	3.20513e-05
       7.6	3.20677e-05
      7.61	3.20841e-05
      7.62	3.20996e-05
      7.63	3.21145e-05
      7.64	3.21295e-05
      7.65	3.21444e-05
      7.66	3.21593e-05
      7.67	3.21733e-05
      7.68	3.21869e-05
      7.69	3.22004e-05
       7.7	3.22139e-05
      7.71	3.22274e-05
      7.72	3.22401e-05
      7.73	3.22523e-05
      7.74	3.22645e-05
      7.75	3.22767e-05
      7.76	3.22889e-05
      7.77	3.23003e-05
      7.78	3.23112e-05
      7.79	3.23222e-05
       7.8	3.23331e-05
      7.81	3.23441e-05
      7.82	3.23543e-05
      7.83	3.23641e-05
      7.84	3.23739e-05
      7.85	3.23837e-05
      7.86	3.23935e-05
      7.87	3.24027e-05
      7.88	3.24114e-05
      7.89	3.24202e-05
       7.9	3.24289e-05
      7.91	3.24377e-05
      7.92	3.24457e-05
      7.93	3.24537e-05
      7.94	3.24615e-05
      7.95	3.24693e-05
      7.96	3.24771e-05
      7.97	3.24842e-05
      7.98	3.24913e-05
      7.99	3.24983e-05
         8	3.25052e-05
      8.01	3.25122e-05
      8.02	3.25185e-05
      8.03	3.25249e-05
      8.04	3.25311e-05
      8.05	3.25373e-05
      8.06	3.25435e-05
      8.07	3.25492e-05
      8.08	3.25548e-05
      8.09	3.25604e-05
       8.1	3.25659e-05
      8.11	3.25715e-05
      8.12	3.25766e-05
      8.13	3.25816e-05
      8.14	3.25866e-05
      8.15	3.25915e-05
      8.16	3.25964e-05
      8.17	3.26013e-05
      8.18	3.26058e-05
      8.19	3.26102e-05
       8.2	3.26147e-05
      8.21	3.26192e-05
      8.22	3.26236e-05
      8.23	3.26277e-05
      8.24	3.26318e-05
      8.25	3.26359e-05
      8.26	 3.264e-05
      8.27	3.26441e-05
      8.28	3.26479e-05
      8.29	3.26518e-05
       8.3	3.26556e-05
      8.31	3.26594e-05
      8.32	3.26632e-05
      8.33	3.26668e-05
      8.34	3.26703e-05
      8.35	3.26739e-05
      8.36	3.26775e-05
      8.37	3.2681e-05
      8.38	3.26846e-05
      8.39	3.2688e-05
       8.4	3.26915e-05
      8.41	3.26949e-05
      8.42	3.26983e-05
      8.43	3.27017e-05
      8.44	3.27052e-05
      8.45	3.27086e-05
      8.46	3.2712e-05
      8.47	3.27154e-05
      8.48	3.27188e-05
      8.49	3.27222e-05
       8.5	3.27256e-05
      8.51	3.2729e-05
      8.52	3.27324e-05
      8.53	3.27358e-05
      8.54	3.27392e-05
      8.55	3.27426e-05
      8.56	3.2746e-05
      8.57	3.27494e-05
      8.58	3.27528e-05
      8.59	3.27562e-05
       8.6	3.27596e-05
      8.61	3.27631e-05
      8.62	3.27667e-05
      8.63	3.27702e-05
      8.64	3.27739e-05
      8.65	3.27775e-05
      8.66	3.27812e-05
      8.67	3.27848e-05
      8.68	3.27885e-05
      8.69	3.27923e-05
       8.7	3.27961e-05
      8.71	3.27999e-05
      8.72	3.28038e-05
      8.73	3.28076e-05
      8.74	3.28116e-05
      8.75	3.28155e-05
      8.76	3.28195e-05
      8.77	3.28235e-05
      8.78	3.28277e-05
      8.79	3.28319e-05
       8.8	3.28361e-05
      8.81	3.28402e-05
      8.82	3.28444e-05
      8.83	3.28489e-05
      8.84	3.28533e-05
      8.85	3.28577e-05
      8.86	3.28621e-05
      8.87	3.28665e-05
      8.88	3.28712e-05
      8.89	3.28759e-05
       8.9	3.28805e-05
      8.91	3.28852e-05
      8.92	3.28898e-05
      8.93	3.28948e-05
      8.94	3.28997e-05
      8.95	3.29046e-05
      8.96	3.29095e-05
      8.97	3.29144e-05
      8.98	3.29196e-05
      8.99	3.29247e-05
         9	3.29299e-05
      9.01	3.29351e-05
      9.02	3.29402e-05
      9.03	3.29456e-05
      9.04	3.29511e-05
      9.05	3.29565e-05
      9.06	3.29619e-05
      9.07	3.29673e-05
      9.08	3.2973e-05
      9.09	3.29786e-05
       9.1	3.29843e-05
      9.11	3.29899e-05
      9.12	3.29956e-05
      9.13	3.30015e-05
      9.14	3.30074e-05
      9.15	3.30132e-05
      9.16	3.30191e-05
      9.17	3.3025e-05
      9.18	3.30311e-05
      9.19	3.30372e-05
       9.2	3.30433e-05
      9.21	3.30494e-05
      9.22	3.30556e-05
      9.23	3.30619e-05
      9.24	3.30682e-05
      9.25	3.30746e-05
      9.26	3.30809e-05
      9.27	3.30872e-05
      9.28	3.30936e-05
      9.29	3.31001e-05
       9.3	3.31066e-05
      9.31	3.31131e-05
      9.32	3.31197e-05
      9.33	3.31262e-05
      9.34	3.31329e-05
      9.35	3.31396e-05
      9.36	3.31462e-05
      9.37	3.31529e-05
      9.38	3.31596e-05
      9.39	3.31664e-05
       9.4	3.31733e-05
      9.41	3.31801e-05
      9.42	3.31869e-05
      9.43	3.31938e-05
      9.44	3.32006e-05
      9.45	3.32075e-05
      9.46	3.32145e-05
      9.47	3.32214e-05
      9.48	3.32284e-05
      9.49	3.32353e-05
       9.5	3.32424e-05
      9.51	3.32494e-05
      9.52	3.32564e-05
      9.53	3.32635e-05
      9.54	3.32705e-05
      9.55	3.32775e-05
      9.56	3.32846e-05
      9.57	3.32916e-05
      9.58	3.32987e-05
      9.59	3.33058e-05
       9.6	3.33129e-05
      9.61	3.33199e-05
      9.62	3.3327e-05
      9.63	3.33341e-05
      9.64	3.33412e-05
      9.65	3.33482e-05
      9.66	3.33553e-05
      9.67	3.33624e-05
      9.68	3.33695e-05
      9.69	3.33765e-05
       9.7	3.33836e-05
      9.71	3.33907e-05
      9.72	3.33978e-05
      9.73	3.34048e-05
      9.74	3.34119e-05
      9.75	3.3419e-05
      9.76	3.3426e-05
      9.77	3.34331e-05
      9.78	3.34402e-05
      9.79	3.34473e-05
       9.8	3.34543e-05
      9.81	3.34614e-05
      9.82	3.34685e-05
      9.83	3.34756e-05
      9.84	3.34825e-05
      9.85	3.34893e-05
      9.86	3.34962e-05
      9.87	3.35031e-05
      9.88	 3.351e-05
      9.89	3.35169e-05
       9.9	3.35237e-05
      9.91	3.35305e-05
      9.92	3.35372e-05
      9.93	3.3544e-05
      9.94	3.35508e-05
      9.95	3.35574e-05
      9.96	3.35641e-05
      9.97	3.35707e-05
      9.98	3.35774e-05
      9.99	3.35839e-05
        10	3.35904e-05
     10.01	3.3597e-05
     10.02	3.36035e-05
     10.03	 3.361e-05
     10.04	3.36164e-05
     10.05	3.36227e-05
     10.06	3.36291e-05
     10.07	3.36354e-05
     10.08	3.36418e-05
     10.09	3.3648e-05
      10.1	3.36542e-05
     10.11	3.36603e-05
     10.12	3.36665e-05
     10.13	3.36727e-05
     10.14	3.36787e-05
     10.15	3.36847e-05
     10.16	3.36907e-05
     10.17	3.36967e-05
     10.18	3.37027e-05
     10.19	3.37085e-05
      10.2	3.37143e-05
     10.21	3.37202e-05
     10.22	3.3726e-05
     10.23	3.37316e-05
     10.24	3.37373e-05
     10.25	3.37429e-05
     10.26	3.37485e-05
     10.27	3.37541e-05
     10.28	3.37596e-05
     10.29	3.3765e-05
      10.3	3.37704e-05
     10.31	3.37758e-05
     10.32	3.37812e-05
     10.33	3.37864e-05
     10.34	3.37916e-05
     10.35	3.37968e-05
     10.36	3.3802e-05
     10.37	3.38072e-05
     10.38	3.38122e-05
     10.39	3.38171e-05
      10.4	3.38221e-05
     10.41	3.38271e-05
     10.42	3.38321e-05
     10.43	3.38368e-05
     10.44	3.38416e-05
     10.45	3.38463e-05
     10.46	3.3851e-05
     10.47	3.38558e-05
     10.48	3.38603e-05
     10.49	3.38648e-05
      10.5	3.38694e-05
     10.51	3.38739e-05
     10.52	3.38784e-05
     10.53	3.38827e-05
     10.54	3.3887e-05
     10.55	3.38913e-05
     10.56	3.38956e-05
     10.57	3.38999e-05
     10.58	3.3904e-05
     10.59	3.3908e-05
      10.6	3.39121e-05
     10.61	3.39162e-05
     10.62	3.39203e-05
     10.63	3.39241e-05
     10.64	3.3928e-05
     10.65	3.39319e-05
     10.66	3.39357e-05
     10.67	3.39396e-05
     10.68	3.39432e-05
     10.69	3.39469e-05
      10.7	3.39505e-05
     10.71	3.39542e-05
     10.72	3.39578e-05
     10.73	3.39612e-05
     10.74	3.39647e-05
     10.75	3.39681e-05
     10.76	3.39715e-05
     10.77	3.39749e-05
     10.78	3.39783e-05
     10.79	3.39815e-05
      10.8	3.39847e-05
     10.81	3.39879e-05
     10.82	3.39912e-05
     10.83	3.39944e-05
     10.84	3.39974e-05
     10.85	3.40004e-05
     10.86	3.40034e-05
     10.87	3.40064e-05
     10.88	3.40095e-05
     10.89	3.40123e-05
      10.9	3.40152e-05
     10.91	3.4018e-05
     10.92	3.40208e-05
     10.93	3.40237e-05
     10.94	3.40264e-05
     10.95	3.4029e-05
     10.96	3.40317e-05
     10.97	3.40344e-05
     10.98	3.40371e-05
     10.99	3.40396e-05
        11	3.40421e-05
     11.01	3.40446e-05
     11.02	3.40471e-05
     11.03	3.40496e-05
     11.04	3.4052e-05
     11.05	3.40544e-05
     11.06	3.40568e-05
     11.07	3.40591e-05
     11.08	3.40615e-05
     11.09	3.40637e-05
      11.1	3.4066e-05
     11.11	3.40682e-05
     11.12	3.40704e-05
     11.13	3.40727e-05
     11.14	3.40748e-05
     11.15	3.40769e-05
     11.16	3.4079e-05
     11.17	3.4081e-05
     11.18	3.40831e-05
     11.19	3.40852e-05
      11.2	3.40872e-05
     11.21	3.40892e-05
     11.22	3.40912e-05
     11.23	3.40931e-05
     11.24	3.40951e-05
     11.25	3.4097e-05
     11.26	3.40988e-05
     11.27	3.41007e-05
     11.28	3.41026e-05
     11.29	3.41044e-05
      11.3	3.41062e-05
     11.31	3.4108e-05
     11.32	3.41098e-05
     11.33	3.41115e-05
     11.34	3.41133e-05
     11.35	3.41151e-05
     11.36	3.41168e-05
     11.37	3.41184e-05
     11.38	3.41201e-05
     11.39	3.41218e-05
      11.4	3.41235e-05
     11.41	3.41251e-05
     11.42	3.41267e-05
     11.43	3.41283e-05
     11.44	3.41299e-05
     11.45	3.41315e-05
     11.46	3.41332e-05
     11.47	3.41347e-05
     11.48	3.41362e-05
     11.49	3.41377e-05
      11.5	3.41392e-05
     11.51	3.41408e-05
     11.52	3.41423e-05
     11.53	3.41438e-05
     11.54	3.41453e-05
     11.55	3.41468e-05
     11.56	3.41483e-05
     11.57	3.41497e-05
     11.58	3.41512e-05
     11.59	3.41526e-05
      11.6	3.41541e-05
     11.61	3.41555e-05
     11.62	3.4157e-05
     11.63	3.41584e-05
     11.64	3.41598e-05
     11.65	3.41612e-05
     11.66	3.41626e-05
     11.67	3.4164e-05
     11.68	3.41654e-05
     11.69	3.41668e-05
      11.7	3.41681e-05
     11.71	3.41695e-05
     11.72	3.41709e-05
     11.73	3.41723e-05
     11.74	3.41737e-05
     11.75	3.41751e-05
     11.76	3.41764e-05
     11.77	3.41778e-05
     11.78	3.41791e-05
     11.79	3.41805e-05
      11.8	3.41818e-05
     11.81	3.41832e-05
     11.82	3.41845e-05
     11.83	3.41859e-05
     11.84	3.41872e-05
     11.85	3.41886e-05
     11.86	3.41899e-05
     11.87	3.41913e-05
     11.88	3.41926e-05
     11.89	3.4194e-05
      11.9	3.41953e-05
     11.91	3.41967e-05
     11.92	3.4198e-05
     11.93	3.41994e-05
     11.94	3.42007e-05
     11.95	3.42021e-05
     11.96	3.42034e-05
     11.97	3.42048e-05
     11.98	3.42061e-05
     11.99	3.42075e-05
        12	3.42088e-05
     12.01	3.42102e-05
     12.02	3.42115e-05
     12.03	3.42129e-05
     12.04	3.42142e-05
     12.05	3.42156e-05
     12.06	3.42169e-05
     12.07	3.42183e-05
     12.08	3.42196e-05
     12.09	3.4221e-05
      12.1	3.42223e-05
     12.11	3.42237e-05
     12.12	3.4225e-05
     12.13	3.42264e-05
     12.14	3.42277e-05
     12.15	3.42291e-05
     12.16	3.42304e-05
     12.17	3.42318e-05
     12.18	3.42331e-05
     12.19	3.42345e-05
      12.2	3.42358e-05
     12.21	3.42372e-05
     12.22	3.42386e-05
     12.23	 3.424e-05
     12.24	3.42413e-05
     12.25	3.42427e-05
     12.26	3.42441e-05
     12.27	3.42455e-05
     12.28	3.42469e-05
     12.29	3.42483e-05
      12.3	3.42497e-05
     12.31	3.42511e-05
     12.32	3.42525e-05
     12.33	3.42539e-05
     12.34	3.42552e-05
     12.35	3.42566e-05
     12.36	3.4258e-05
     12.37	3.42594e-05
     12.38	3.42608e-05
     12.39	3.42622e-05
      12.4	3.42636e-05
     12.41	3.4265e-05
     12.42	3.42664e-05
     12.43	3.42678e-05
     12.44	3.42692e-05
     12.45	3.42706e-05
     12.46	3.4272e-05
     12.47	3.42735e-05
     12.48	3.42749e-05
     12.49	3.42763e-05
      12.5	3.42777e-05
     12.51	3.42791e-05
     12.52	3.42805e-05
     12.53	3.4282e-05
     12.54	3.42834e-05
     12.55	3.42848e-05
     12.56	3.42862e-05
     12.57	3.42876e-05
     12.58	3.4289e-05
     12.59	3.42905e-05
      12.6	3.42919e-05
     12.61	3.42933e-05
     12.62	3.42947e-05
     12.63	3.42961e-05
     12.64	3.42976e-05
     12.65	3.4299e-05
     12.66	3.43004e-05
     12.67	3.43018e-05
     12.68	3.43032e-05
     12.69	3.43046e-05
      12.7	3.43061e-05
     12.71	3.43075e-05
     12.72	3.43089e-05
     12.73	3.43103e-05
     12.74	3.43117e-05
     12.75	3.43131e-05
     12.76	3.43145e-05
     12.77	3.43159e-05
     12.78	3.43173e-05
     12.79	3.43187e-05
      12.8	3.43201e-05
     12.81	3.43215e-05
     12.82	3.43229e-05
     12.83	3.43243e-05
     12.84	3.43257e-05
     12.85	3.43271e-05
     12.86	3.43285e-05
     12.87	3.43299e-05
     12.88	3.43313e-05
     12.89	3.43327e-05
      12.9	3.43341e-05
     12.91	3.43355e-05
     12.92	3.43369e-05
     12.93	3.43383e-05
     12.94	3.43397e-05
     12.95	3.43411e-05
     12.96	3.43424e-05
     12.97	3.43438e-05
     12.98	3.43451e-05
     12.99	3.43465e-05
        13	3.43478e-05
     13.01	3.43492e-05
     13.02	3.43506e-05
     13.03	3.43519e-05
     13.04	3.43533e-05
     13.05	3.43546e-05
     13.06	3.4356e-05
     13.07	3.43573e-05
     13.08	3.43587e-05
     13.09	 3.436e-05
      13.1	3.43613e-05
     13.11	3.43626e-05
     13.12	3.43639e-05
     13.13	3.43652e-05
     13.14	3.43665e-05
     13.15	3.43678e-05
     13.16	3.43692e-05
     13.17	3.43705e-05
     13.18	3.43718e-05
     13.19	3.43731e-05
      13.2	3.43744e-05
     13.21	3.43757e-05
     13.22	3.43769e-05
     13.23	3.43782e-05
     13.24	3.43794e-05
     13.25	3.43807e-05
     13.26	3.43819e-05
     13.27	3.43832e-05
     13.28	3.43844e-05
     13.29	3.43857e-05
      13.3	3.43869e-05
     13.31	3.43882e-05
     13.32	3.43894e-05
     13.33	3.43907e-05
     13.34	3.43919e-05
     13.35	3.43931e-05
     13.36	3.43943e-05
     13.37	3.43955e-05
     13.38	3.43967e-05
     13.39	3.43979e-05
      13.4	3.43991e-05
     13.41	3.44003e-05
     13.42	3.44014e-05
     13.43	3.44026e-05
     13.44	3.44038e-05
     13.45	3.4405e-05
     13.46	3.44061e-05
     13.47	3.44073e-05
     13.48	3.44084e-05
     13.49	3.44095e-05
      13.5	3.44107e-05
     13.51	3.44118e-05
     13.52	3.44129e-05
     13.53	3.44141e-05
     13.54	3.44152e-05
     13.55	3.44164e-05
     13.56	3.44174e-05
     13.57	3.44185e-05
     13.58	3.44196e-05
     13.59	3.44207e-05
      13.6	3.44218e-05
     13.61	3.44228e-05
     13.62	3.44239e-05
     13.63	3.4425e-05
     13.64	3.44261e-05
     13.65	3.44272e-05
     13.66	3.44282e-05
     13.67	3.44292e-05
     13.68	3.44302e-05
     13.69	3.44313e-05
      13.7	3.44323e-05
     13.71	3.44333e-05
     13.72	3.44343e-05
     13.73	3.44354e-05
     13.74	3.44364e-05
     13.75	3.44374e-05
     13.76	3.44384e-05
     13.77	3.44394e-05
     13.78	3.44403e-05
     13.79	3.44413e-05
      13.8	3.44423e-05
     13.81	3.44433e-05
     13.82	3.44442e-05
     13.83	3.44452e-05
     13.84	3.44462e-05
     13.85	3.44472e-05
     13.86	3.44481e-05
     13.87	3.4449e-05
     13.88	 3.445e-05
     13.89	3.44509e-05
      13.9	3.44518e-05
     13.91	3.44527e-05
     13.92	3.44537e-05
     13.93	3.44546e-05
     13.94	3.44555e-05
     13.95	3.44564e-05
     13.96	3.44573e-05
     13.97	3.44582e-05
     13.98	3.44591e-05
     13.99	3.44599e-05
        14	3.44608e-05
     14.01	3.44617e-05
     14.02	3.44626e-05
     14.03	3.44635e-05
     14.04	3.44643e-05
     14.05	3.44652e-05
     14.06	3.44661e-05
     14.07	3.44669e-05
     14.08	3.44678e-05
     14.09	3.44686e-05
      14.1	3.44694e-05
     14.11	3.44702e-05
     14.12	3.44711e-05
     14.13	3.44719e-05
     14.14	3.44727e-05
     14.15	3.44735e-05
     14.16	3.44744e-05
     14.17	3.44752e-05
     14.18	3.4476e-05
     14.19	3.44768e-05
      14.2	3.44777e-05
     14.21	3.44785e-05
     14.22	3.44792e-05
     14.23	 3.448e-05
     14.24	3.44808e-05
     14.25	3.44816e-05
     14.26	3.44824e-05
     14.27	3.44831e-05
     14.28	3.44839e-05
     14.29	3.44847e-05
      14.3	3.44855e-05
     14.31	3.44863e-05
     14.32	3.4487e-05
     14.33	3.44878e-05
     14.34	3.44886e-05
     14.35	3.44893e-05
     14.36	 3.449e-05
     14.37	3.44908e-05
     14.38	3.44915e-05
     14.39	3.44923e-05
      14.4	3.4493e-05
     14.41	3.44937e-05
     14.42	3.44945e-05
     14.43	3.44952e-05
     14.44	3.4496e-05
     14.45	3.44967e-05
     14.46	3.44974e-05
     14.47	3.44982e-05
     14.48	3.44989e-05
     14.49	3.44997e-05
      14.5	3.45004e-05
     14.51	3.45011e-05
     14.52	3.45018e-05
     14.53	3.45025e-05
     14.54	3.45032e-05
     14.55	3.45039e-05
     14.56	3.45046e-05
     14.57	3.45053e-05
     14.58	3.4506e-05
     14.59	3.45067e-05
      14.6	3.45075e-05
     14.61	3.45082e-05
     14.62	3.45089e-05
     14.63	3.45096e-05
     14.64	3.45103e-05
     14.65	3.4511e-05
     14.66	3.45117e-05
     14.67	3.45124e-05
     14.68	3.45131e-05
     14.69	3.45138e-05
      14.7	3.45145e-05
     14.71	3.45152e-05
     14.72	3.45158e-05
     14.73	3.45165e-05
     14.74	3.45172e-05
     14.75	3.45179e-05
     14.76	3.45186e-05
     14.77	3.45193e-05
     14.78	3.45199e-05
     14.79	3.45206e-05
      14.8	3.45213e-05
     14.81	3.4522e-05
     14.82	3.45227e-05
     14.83	3.45233e-05
     14.84	3.4524e-05
     14.85	3.45247e-05
     14.86	3.45254e-05
     14.87	3.45261e-05
     14.88	3.45268e-05
     14.89	3.45274e-05
      14.9	3.45281e-05
     14.91	3.45288e-05
     14.92	3.45295e-05
     14.93	3.45302e-05
     14.94	3.45308e-05
     14.95	3.45315e-05
     14.96	3.45322e-05
     14.97	3.45329e-05
     14.98	3.45336e-05
     14.99	3.45342e-05
        15	3.45349e-05
