Time	IDX
         0	7.40922e-17
      0.01	1.07624e-16
      0.02	1.4557e-16
      0.03	1.95097e-16
      0.04	2.58432e-16
      0.05	3.27447e-16
      0.06	4.22324e-16
      0.07	5.17202e-16
      0.08	6.41991e-16
      0.09	7.95366e-16
       0.1	9.48741e-16
      0.11	1.10212e-15
      0.12	1.3379e-15
      0.13	1.61484e-15
      0.14	1.89177e-15
      0.15	2.1687e-15
      0.16	2.44563e-15
      0.17	2.84567e-15
      0.18	3.30718e-15
      0.19	3.76868e-15
       0.2	4.23018e-15
      0.21	4.69168e-15
      0.22	5.29271e-15
      0.23	5.96339e-15
      0.24	6.63408e-15
      0.25	7.30477e-15
      0.26	7.97545e-15
      0.27	8.79109e-15
      0.28	9.67911e-15
      0.29	1.05671e-14
       0.3	1.14551e-14
      0.31	1.23432e-14
      0.32	1.33834e-14
      0.33	1.44996e-14
      0.34	1.56158e-14
      0.35	1.6732e-14
      0.36	1.78483e-14
      0.37	1.91302e-14
      0.38	2.0495e-14
      0.39	2.18597e-14
       0.4	2.32245e-14
      0.41	2.45892e-14
      0.42	2.61293e-14
      0.43	2.77568e-14
      0.44	2.93844e-14
      0.45	3.10119e-14
      0.46	3.26395e-14
      0.47	3.44621e-14
      0.48	3.6382e-14
      0.49	3.8302e-14
       0.5	4.0222e-14
      0.51	4.2142e-14
      0.52	4.42719e-14
      0.53	4.65067e-14
      0.54	4.87415e-14
      0.55	5.09762e-14
      0.56	5.3211e-14
      0.57	5.56645e-14
      0.58	5.82273e-14
      0.59	6.07901e-14
       0.6	6.33529e-14
      0.61	6.59157e-14
      0.62	6.86993e-14
      0.63	7.15933e-14
      0.64	7.44872e-14
      0.65	7.73812e-14
      0.66	8.02751e-14
      0.67	8.33858e-14
      0.68	8.66047e-14
      0.69	8.98236e-14
       0.7	9.30424e-14
      0.71	9.62613e-14
      0.72	9.96873e-14
      0.73	1.03217e-13
      0.74	1.06746e-13
      0.75	1.10276e-13
      0.76	1.13805e-13
      0.77	1.17527e-13
      0.78	1.21346e-13
      0.79	1.25164e-13
       0.8	1.28982e-13
      0.81	1.32801e-13
      0.82	1.36793e-13
      0.83	1.40872e-13
      0.84	1.44952e-13
      0.85	1.49031e-13
      0.86	1.5311e-13
      0.87	1.57341e-13
      0.88	1.61647e-13
      0.89	1.65954e-13
       0.9	1.7026e-13
      0.91	1.74567e-13
      0.92	1.78998e-13
      0.93	1.83493e-13
      0.94	1.87987e-13
      0.95	1.92482e-13
      0.96	1.96976e-13
      0.97	2.01567e-13
      0.98	2.06207e-13
      0.99	2.10846e-13
         1	2.15486e-13
      1.01	2.91504e-13
      1.02	4.29369e-13
      1.03	7.33858e-13
      1.04	1.81364e-12
      1.05	3.55451e-12
      1.06	1.09029e-11
      1.07	1.82514e-11
      1.08	3.9388e-11
      1.09	7.37019e-11
       1.1	1.08016e-10
      1.11	1.4233e-10
      1.12	2.22837e-10
      1.13	3.26409e-10
      1.14	4.2998e-10
      1.15	5.33551e-10
      1.16	6.37122e-10
      1.17	8.12276e-10
      1.18	1.02317e-09
      1.19	1.23406e-09
       1.2	1.44496e-09
      1.21	1.65585e-09
      1.22	1.94985e-09
      1.23	2.28535e-09
      1.24	2.62085e-09
      1.25	2.95635e-09
      1.26	3.29185e-09
      1.27	3.70405e-09
      1.28	4.15456e-09
      1.29	4.60507e-09
       1.3	5.05558e-09
      1.31	5.50609e-09
      1.32	6.00566e-09
      1.33	6.52973e-09
      1.34	7.0538e-09
      1.35	7.57786e-09
      1.36	8.10193e-09
      1.37	8.62795e-09
      1.38	9.15495e-09
      1.39	9.68195e-09
       1.4	1.02089e-08
      1.41	1.07359e-08
      1.42	1.12054e-08
      1.43	1.16462e-08
      1.44	1.2087e-08
      1.45	1.25277e-08
      1.46	1.29685e-08
      1.47	1.32921e-08
      1.48	1.35572e-08
      1.49	1.38223e-08
       1.5	1.40874e-08
      1.51	1.43525e-08
      1.52	1.44556e-08
      1.53	1.44777e-08
      1.54	1.44999e-08
      1.55	1.4522e-08
      1.56	1.45442e-08
      1.57	1.43878e-08
      1.58	1.41424e-08
      1.59	1.38969e-08
       1.6	1.36515e-08
      1.61	1.3406e-08
      1.62	1.30022e-08
      1.63	1.25192e-08
      1.64	1.20362e-08
      1.65	1.15532e-08
      1.66	1.10703e-08
      1.67	1.04851e-08
      1.68	9.8489e-09
      1.69	9.21271e-09
       1.7	8.57652e-09
      1.71	7.94033e-09
      1.72	7.2855e-09
      1.73	6.62137e-09
      1.74	5.95723e-09
      1.75	5.2931e-09
      1.76	4.62896e-09
      1.77	4.0415e-09
      1.78	3.49232e-09
      1.79	2.94314e-09
       1.8	2.39396e-09
      1.81	1.84478e-09
      1.82	1.4605e-09
      1.83	1.15853e-09
      1.84	8.56574e-10
      1.85	5.54612e-10
      1.86	2.52651e-10
      1.87	1.78376e-10
      1.88	2.17776e-10
      1.89	2.57177e-10
       1.9	2.96578e-10
      1.91	3.35979e-10
      1.92	6.26136e-10
      1.93	1.04149e-09
      1.94	1.45684e-09
      1.95	1.87219e-09
      1.96	2.28755e-09
      1.97	2.92934e-09
      1.98	3.68419e-09
      1.99	4.43904e-09
         2	5.19389e-09
      2.01	5.94874e-09
      2.02	6.85875e-09
      2.03	7.84622e-09
      2.04	8.83369e-09
      2.05	9.82116e-09
      2.06	1.08086e-08
      2.07	1.18325e-08
      2.08	1.28744e-08
      2.09	1.39164e-08
       2.1	1.49584e-08
      2.11	1.60004e-08
      2.12	1.69468e-08
      2.13	1.78456e-08
      2.14	1.87443e-08
      2.15	1.96431e-08
      2.16	2.05418e-08
      2.17	2.12161e-08
      2.18	2.17784e-08
      2.19	2.23407e-08
       2.2	2.29029e-08
      2.21	2.34652e-08
      2.22	2.37026e-08
      2.23	2.37777e-08
      2.24	2.38528e-08
      2.25	2.39279e-08
      2.26	2.4003e-08
      2.27	2.37072e-08
      2.28	2.32261e-08
      2.29	2.27451e-08
       2.3	2.22641e-08
      2.31	2.1783e-08
      2.32	2.09641e-08
      2.33	1.99764e-08
      2.34	1.89887e-08
      2.35	1.8001e-08
      2.36	1.70133e-08
      2.37	1.58211e-08
      2.38	1.45267e-08
      2.39	1.32324e-08
       2.4	1.19381e-08
      2.41	1.06437e-08
      2.42	9.39532e-09
      2.43	8.16982e-09
      2.44	6.94432e-09
      2.45	5.71882e-09
      2.46	4.49333e-09
      2.47	3.6917e-09
      2.48	3.10169e-09
      2.49	2.51169e-09
       2.5	1.92169e-09
      2.51	1.33168e-09
      2.52	1.67423e-09
      2.53	2.48236e-09
      2.54	3.2905e-09
      2.55	4.09863e-09
      2.56	4.90677e-09
      2.57	7.28228e-09
      2.58	1.04403e-08
      2.59	1.35984e-08
       2.6	1.67564e-08
      2.61	1.99145e-08
      2.62	2.53887e-08
      2.63	3.20193e-08
      2.64	3.86499e-08
      2.65	4.52805e-08
      2.66	5.19111e-08
      2.67	6.17014e-08
      2.68	7.30693e-08
      2.69	8.44372e-08
       2.7	9.5805e-08
      2.71	1.07173e-07
      2.72	1.22614e-07
      2.73	1.40088e-07
      2.74	1.57563e-07
      2.75	1.75037e-07
      2.76	1.92512e-07
      2.77	2.15013e-07
      2.78	2.40024e-07
      2.79	2.65034e-07
       2.8	2.90045e-07
      2.81	3.15056e-07
      2.82	3.46054e-07
      2.83	3.80042e-07
      2.84	4.1403e-07
      2.85	4.48018e-07
      2.86	4.82005e-07
      2.87	5.22915e-07
      2.88	5.67281e-07
      2.89	6.11647e-07
       2.9	6.56013e-07
      2.91	7.00379e-07
      2.92	7.52541e-07
      2.93	8.08595e-07
      2.94	8.64649e-07
      2.95	9.20702e-07
      2.96	9.76756e-07
      2.97	1.04139e-06
      2.98	1.1103e-06
      2.99	1.17921e-06
         3	1.24812e-06
      3.01	1.31703e-06
      3.02	1.39518e-06
      3.03	1.47793e-06
      3.04	1.56068e-06
      3.05	1.64344e-06
      3.06	1.72619e-06
      3.07	1.81869e-06
      3.08	1.91604e-06
      3.09	2.0134e-06
       3.1	2.11076e-06
      3.11	2.20811e-06
      3.12	2.31555e-06
      3.13	2.42801e-06
      3.14	2.54048e-06
      3.15	2.65295e-06
      3.16	2.76541e-06
      3.17	2.88811e-06
      3.18	3.01591e-06
      3.19	3.14371e-06
       3.2	3.27151e-06
      3.21	3.39932e-06
      3.22	3.5373e-06
      3.23	3.68038e-06
      3.24	3.82345e-06
      3.25	3.96653e-06
      3.26	4.1096e-06
      3.27	4.26262e-06
      3.28	4.4206e-06
      3.29	4.57859e-06
       3.3	4.73657e-06
      3.31	4.89456e-06
      3.32	5.06205e-06
      3.33	5.23429e-06
      3.34	5.40653e-06
      3.35	5.57877e-06
      3.36	5.75101e-06
      3.37	5.93213e-06
      3.38	6.11769e-06
      3.39	6.30325e-06
       3.4	6.48881e-06
      3.41	6.67437e-06
      3.42	6.86802e-06
      3.43	7.0657e-06
      3.44	7.26339e-06
      3.45	7.46108e-06
      3.46	7.65876e-06
      3.47	7.86359e-06
      3.48	8.07198e-06
      3.49	8.28037e-06
       3.5	8.48876e-06
      3.51	8.69715e-06
      3.52	8.91159e-06
      3.53	9.12906e-06
      3.54	9.34653e-06
      3.55	 9.564e-06
      3.56	9.78147e-06
      3.57	1.00038e-05
      3.58	1.02286e-05
      3.59	1.04533e-05
       3.6	1.06781e-05
      3.61	1.09029e-05
      3.62	1.11312e-05
      3.63	1.13614e-05
      3.64	1.15916e-05
      3.65	1.18217e-05
      3.66	1.20519e-05
      3.67	1.22843e-05
      3.68	1.25179e-05
      3.69	1.27515e-05
       3.7	1.29851e-05
      3.71	1.32187e-05
      3.72	1.34532e-05
      3.73	1.36882e-05
      3.74	1.39232e-05
      3.75	1.41582e-05
      3.76	1.43931e-05
      3.77	1.46277e-05
      3.78	1.48621e-05
      3.79	1.50965e-05
       3.8	1.53309e-05
      3.81	1.55653e-05
      3.82	1.5798e-05
      3.83	1.60299e-05
      3.84	1.62617e-05
      3.85	1.64936e-05
      3.86	1.67254e-05
      3.87	1.69543e-05
      3.88	1.71818e-05
      3.89	1.74092e-05
       3.9	1.76366e-05
      3.91	1.78641e-05
      3.92	1.80874e-05
      3.93	1.83086e-05
      3.94	1.85299e-05
      3.95	1.87512e-05
      3.96	1.89724e-05
      3.97	1.91885e-05
      3.98	1.9402e-05
      3.99	1.96155e-05
         4	1.9829e-05
      4.01	2.00425e-05
      4.02	2.02498e-05
      4.03	2.04541e-05
      4.04	2.06584e-05
      4.05	2.08627e-05
      4.06	2.1067e-05
      4.07	2.12643e-05
      4.08	2.14581e-05
      4.09	2.16519e-05
       4.1	2.18457e-05
      4.11	2.20396e-05
      4.12	2.22257e-05
      4.13	2.2408e-05
      4.14	2.25903e-05
      4.15	2.27726e-05
      4.16	2.2955e-05
      4.17	2.3129e-05
      4.18	2.3299e-05
      4.19	2.34689e-05
       4.2	2.36389e-05
      4.21	2.38089e-05
      4.22	2.39702e-05
      4.23	2.41271e-05
      4.24	2.42841e-05
      4.25	2.44411e-05
      4.26	2.45981e-05
      4.27	2.47461e-05
      4.28	2.48897e-05
      4.29	2.50332e-05
       4.3	2.51768e-05
      4.31	2.53204e-05
      4.32	2.54548e-05
      4.33	2.55848e-05
      4.34	2.57147e-05
      4.35	2.58446e-05
      4.36	2.59745e-05
      4.37	2.60954e-05
      4.38	2.62116e-05
      4.39	2.63279e-05
       4.4	2.64441e-05
      4.41	2.65604e-05
      4.42	2.66676e-05
      4.43	2.67704e-05
      4.44	2.68731e-05
      4.45	2.69758e-05
      4.46	2.70786e-05
      4.47	2.71725e-05
      4.48	2.7262e-05
      4.49	2.73515e-05
       4.5	2.7441e-05
      4.51	2.75305e-05
      4.52	2.76115e-05
      4.53	2.76883e-05
      4.54	2.7765e-05
      4.55	2.78418e-05
      4.56	2.79185e-05
      4.57	2.79871e-05
      4.58	2.80517e-05
      4.59	2.81162e-05
       4.6	2.81808e-05
      4.61	2.82453e-05
      4.62	2.83022e-05
      4.63	2.83553e-05
      4.64	2.84083e-05
      4.65	2.84614e-05
      4.66	2.85144e-05
      4.67	2.85603e-05
      4.68	2.86026e-05
      4.69	2.86449e-05
       4.7	2.86873e-05
      4.71	2.87296e-05
      4.72	2.87653e-05
      4.73	2.87977e-05
      4.74	2.88302e-05
      4.75	2.88626e-05
      4.76	2.8895e-05
      4.77	2.89215e-05
      4.78	2.89449e-05
      4.79	2.89683e-05
       4.8	2.89918e-05
      4.81	2.90152e-05
      4.82	2.90332e-05
      4.83	2.90486e-05
      4.84	2.9064e-05
      4.85	2.90793e-05
      4.86	2.90947e-05
      4.87	2.91053e-05
      4.88	2.91135e-05
      4.89	2.91218e-05
       4.9	 2.913e-05
      4.91	2.91382e-05
      4.92	2.91423e-05
      4.93	2.91444e-05
      4.94	2.91464e-05
      4.95	2.91485e-05
      4.96	2.91505e-05
      4.97	2.91491e-05
      4.98	2.91458e-05
      4.99	2.91426e-05
         5	2.91394e-05
      5.01	2.91362e-05
      5.02	2.91301e-05
      5.03	2.91226e-05
      5.04	2.9115e-05
      5.05	2.91075e-05
      5.06	2.90999e-05
      5.07	2.90901e-05
      5.08	2.9079e-05
      5.09	2.9068e-05
       5.1	2.9057e-05
      5.11	2.9046e-05
      5.12	2.90332e-05
      5.13	2.90196e-05
      5.14	2.90059e-05
      5.15	2.89923e-05
      5.16	2.89786e-05
      5.17	2.89637e-05
      5.18	2.89482e-05
      5.19	2.89327e-05
       5.2	2.89172e-05
      5.21	2.89017e-05
      5.22	2.88855e-05
      5.23	2.88688e-05
      5.24	2.88522e-05
      5.25	2.88355e-05
      5.26	2.88189e-05
      5.27	2.88022e-05
      5.28	2.87852e-05
      5.29	2.87682e-05
       5.3	2.87512e-05
      5.31	2.87342e-05
      5.32	2.87172e-05
      5.33	2.87003e-05
      5.34	2.86835e-05
      5.35	2.86666e-05
      5.36	2.86498e-05
      5.37	2.86335e-05
      5.38	2.86173e-05
      5.39	2.86012e-05
       5.4	2.85851e-05
      5.41	2.8569e-05
      5.42	2.85538e-05
      5.43	2.85389e-05
      5.44	2.85241e-05
      5.45	2.85092e-05
      5.46	2.84944e-05
      5.47	2.84806e-05
      5.48	2.84675e-05
      5.49	2.84543e-05
       5.5	2.84411e-05
      5.51	2.8428e-05
      5.52	2.84162e-05
      5.53	2.84051e-05
      5.54	2.83939e-05
      5.55	2.83828e-05
      5.56	2.83717e-05
      5.57	2.83622e-05
      5.58	2.83535e-05
      5.59	2.83448e-05
       5.6	2.8336e-05
      5.61	2.83273e-05
      5.62	2.83203e-05
      5.63	2.83143e-05
      5.64	2.83082e-05
      5.65	2.83021e-05
      5.66	2.8296e-05
      5.67	2.82918e-05
      5.68	2.82886e-05
      5.69	2.82854e-05
       5.7	2.82822e-05
      5.71	2.82789e-05
      5.72	2.82777e-05
      5.73	2.82775e-05
      5.74	2.82773e-05
      5.75	2.82771e-05
      5.76	2.82769e-05
      5.77	2.82788e-05
      5.78	2.82817e-05
      5.79	2.82846e-05
       5.8	2.82875e-05
      5.81	2.82904e-05
      5.82	2.82955e-05
      5.83	2.83016e-05
      5.84	2.83077e-05
      5.85	2.83138e-05
      5.86	2.83199e-05
      5.87	2.83281e-05
      5.88	2.83375e-05
      5.89	2.83468e-05
       5.9	2.83561e-05
      5.91	2.83654e-05
      5.92	2.83769e-05
      5.93	2.83894e-05
      5.94	2.8402e-05
      5.95	2.84145e-05
      5.96	2.8427e-05
      5.97	2.84417e-05
      5.98	2.84573e-05
      5.99	2.8473e-05
         6	2.84887e-05
      6.01	2.85044e-05
      6.02	2.85221e-05
      6.03	2.85409e-05
      6.04	2.85596e-05
      6.05	2.85784e-05
      6.06	2.85972e-05
      6.07	2.86179e-05
      6.08	2.86396e-05
      6.09	2.86613e-05
       6.1	2.8683e-05
      6.11	2.87048e-05
      6.12	2.87284e-05
      6.13	2.87529e-05
      6.14	2.87774e-05
      6.15	2.8802e-05
      6.16	2.88265e-05
      6.17	2.88528e-05
      6.18	 2.888e-05
      6.19	2.89072e-05
       6.2	2.89344e-05
      6.21	2.89616e-05
      6.22	2.89905e-05
      6.23	2.90202e-05
      6.24	2.90498e-05
      6.25	2.90795e-05
      6.26	2.91092e-05
      6.27	2.91404e-05
      6.28	2.91723e-05
      6.29	2.92043e-05
       6.3	2.92363e-05
      6.31	2.92682e-05
      6.32	2.93016e-05
      6.33	2.93356e-05
      6.34	2.93696e-05
      6.35	2.94036e-05
      6.36	2.94376e-05
      6.37	2.94729e-05
      6.38	2.95087e-05
      6.39	2.95446e-05
       6.4	2.95805e-05
      6.41	2.96163e-05
      6.42	2.96533e-05
      6.43	2.96907e-05
      6.44	2.97282e-05
      6.45	2.97657e-05
      6.46	2.98031e-05
      6.47	2.98415e-05
      6.48	2.98803e-05
      6.49	2.99192e-05
       6.5	2.9958e-05
      6.51	2.99968e-05
      6.52	3.00364e-05
      6.53	3.00763e-05
      6.54	3.01163e-05
      6.55	3.01562e-05
      6.56	3.01962e-05
      6.57	3.02368e-05
      6.58	3.02775e-05
      6.59	3.03183e-05
       6.6	3.03591e-05
      6.61	  3.04e-05
      6.62	3.04413e-05
      6.63	3.04826e-05
      6.64	3.05241e-05
      6.65	3.05656e-05
      6.66	3.06071e-05
      6.67	3.06486e-05
      6.68	3.06905e-05
      6.69	3.07324e-05
       6.7	3.07742e-05
      6.71	3.08161e-05
      6.72	3.0858e-05
      6.73	3.08998e-05
      6.74	3.09418e-05
      6.75	3.09837e-05
      6.76	3.10256e-05
      6.77	3.10676e-05
      6.78	3.11095e-05
      6.79	3.11514e-05
       6.8	3.11934e-05
      6.81	3.12351e-05
      6.82	3.12769e-05
      6.83	3.13185e-05
      6.84	3.13601e-05
      6.85	3.14017e-05
      6.86	3.14433e-05
      6.87	3.14845e-05
      6.88	3.15256e-05
      6.89	3.15667e-05
       6.9	3.16078e-05
      6.91	3.16489e-05
      6.92	3.16894e-05
      6.93	3.17299e-05
      6.94	3.17703e-05
      6.95	3.18106e-05
      6.96	3.1851e-05
      6.97	3.18907e-05
      6.98	3.19303e-05
      6.99	3.19698e-05
         7	3.20093e-05
      7.01	3.20488e-05
      7.02	3.20876e-05
      7.03	3.2126e-05
      7.04	3.21645e-05
      7.05	3.22029e-05
      7.06	3.22414e-05
      7.07	3.2279e-05
      7.08	3.23162e-05
      7.09	3.23535e-05
       7.1	3.23907e-05
      7.11	3.2428e-05
      7.12	3.24643e-05
      7.13	3.25002e-05
      7.14	3.25361e-05
      7.15	3.25721e-05
      7.16	3.2608e-05
      7.17	3.26429e-05
      7.18	3.26774e-05
      7.19	3.27118e-05
       7.2	3.27463e-05
      7.21	3.27807e-05
      7.22	3.28142e-05
      7.23	3.28471e-05
      7.24	 3.288e-05
      7.25	3.29129e-05
      7.26	3.29458e-05
      7.27	3.29776e-05
      7.28	3.30089e-05
      7.29	3.30402e-05
       7.3	3.30715e-05
      7.31	3.31028e-05
      7.32	3.31329e-05
      7.33	3.31625e-05
      7.34	3.31921e-05
      7.35	3.32217e-05
      7.36	3.32513e-05
      7.37	3.32797e-05
      7.38	3.33076e-05
      7.39	3.33354e-05
       7.4	3.33633e-05
      7.41	3.33911e-05
      7.42	3.34178e-05
      7.43	3.34439e-05
      7.44	 3.347e-05
      7.45	3.3496e-05
      7.46	3.35221e-05
      7.47	3.3547e-05
      7.48	3.35713e-05
      7.49	3.35956e-05
       7.5	3.36199e-05
      7.51	3.36442e-05
      7.52	3.36673e-05
      7.53	3.36899e-05
      7.54	3.37124e-05
      7.55	3.37349e-05
      7.56	3.37574e-05
      7.57	3.37788e-05
      7.58	3.37995e-05
      7.59	3.38203e-05
       7.6	3.3841e-05
      7.61	3.38618e-05
      7.62	3.38814e-05
      7.63	3.39004e-05
      7.64	3.39194e-05
      7.65	3.39384e-05
      7.66	3.39575e-05
      7.67	3.39754e-05
      7.68	3.39927e-05
      7.69	 3.401e-05
       7.7	3.40273e-05
      7.71	3.40447e-05
      7.72	3.40609e-05
      7.73	3.40766e-05
      7.74	3.40923e-05
      7.75	3.4108e-05
      7.76	3.41237e-05
      7.77	3.41383e-05
      7.78	3.41524e-05
      7.79	3.41665e-05
       7.8	3.41806e-05
      7.81	3.41947e-05
      7.82	3.42079e-05
      7.83	3.42205e-05
      7.84	3.42331e-05
      7.85	3.42457e-05
      7.86	3.42583e-05
      7.87	3.42699e-05
      7.88	3.42811e-05
      7.89	3.42923e-05
       7.9	3.43035e-05
      7.91	3.43147e-05
      7.92	3.43249e-05
      7.93	3.43348e-05
      7.94	3.43446e-05
      7.95	3.43545e-05
      7.96	3.43643e-05
      7.97	3.43733e-05
      7.98	3.43819e-05
      7.99	3.43905e-05
         8	3.43991e-05
      8.01	3.44077e-05
      8.02	3.44155e-05
      8.03	3.44229e-05
      8.04	3.44304e-05
      8.05	3.44378e-05
      8.06	3.44452e-05
      8.07	3.4452e-05
      8.08	3.44583e-05
      8.09	3.44647e-05
       8.1	3.44711e-05
      8.11	3.44775e-05
      8.12	3.4483e-05
      8.13	3.44886e-05
      8.14	3.4494e-05
      8.15	3.44994e-05
      8.16	3.45049e-05
      8.17	3.45096e-05
      8.18	3.45143e-05
      8.19	3.45188e-05
       8.2	3.45234e-05
      8.21	3.45279e-05
      8.22	3.45318e-05
      8.23	3.45357e-05
      8.24	3.45395e-05
      8.25	3.45433e-05
      8.26	3.45471e-05
      8.27	3.45503e-05
      8.28	3.45536e-05
      8.29	3.45567e-05
       8.3	3.45598e-05
      8.31	3.45629e-05
      8.32	3.45656e-05
      8.33	3.45682e-05
      8.34	3.45707e-05
      8.35	3.45732e-05
      8.36	3.45756e-05
      8.37	3.45781e-05
      8.38	3.45801e-05
      8.39	3.45821e-05
       8.4	3.45842e-05
      8.41	3.45862e-05
      8.42	3.45882e-05
      8.43	3.45898e-05
      8.44	3.45915e-05
      8.45	3.45931e-05
      8.46	3.45947e-05
      8.47	3.45964e-05
      8.48	3.45977e-05
      8.49	3.4599e-05
       8.5	3.46004e-05
      8.51	3.46017e-05
      8.52	3.4603e-05
      8.53	3.46041e-05
      8.54	3.46052e-05
      8.55	3.46063e-05
      8.56	3.46074e-05
      8.57	3.46085e-05
      8.58	3.46096e-05
      8.59	3.46105e-05
       8.6	3.46114e-05
      8.61	3.46124e-05
      8.62	3.46133e-05
      8.63	3.46142e-05
      8.64	3.46151e-05
      8.65	3.46161e-05
      8.66	3.4617e-05
      8.67	3.46179e-05
      8.68	3.46188e-05
      8.69	3.46197e-05
       8.7	3.46206e-05
      8.71	3.46215e-05
      8.72	3.46224e-05
      8.73	3.46233e-05
      8.74	3.46242e-05
      8.75	3.46251e-05
      8.76	3.4626e-05
      8.77	3.46269e-05
      8.78	3.46278e-05
      8.79	3.46288e-05
       8.8	3.46297e-05
      8.81	3.46306e-05
      8.82	3.46317e-05
      8.83	3.46328e-05
      8.84	3.46339e-05
      8.85	3.4635e-05
      8.86	3.46361e-05
      8.87	3.46372e-05
      8.88	3.46385e-05
      8.89	3.46398e-05
       8.9	3.46412e-05
      8.91	3.46425e-05
      8.92	3.46438e-05
      8.93	3.46451e-05
      8.94	3.46466e-05
      8.95	3.46481e-05
      8.96	3.46496e-05
      8.97	3.46511e-05
      8.98	3.46528e-05
      8.99	3.46545e-05
         9	3.46562e-05
      9.01	3.46579e-05
      9.02	3.46596e-05
      9.03	3.46616e-05
      9.04	3.46636e-05
      9.05	3.46655e-05
      9.06	3.46675e-05
      9.07	3.46694e-05
      9.08	3.46717e-05
      9.09	3.46739e-05
       9.1	3.46761e-05
      9.11	3.46783e-05
      9.12	3.46806e-05
      9.13	3.4683e-05
      9.14	3.46855e-05
      9.15	3.4688e-05
      9.16	3.46905e-05
      9.17	3.4693e-05
      9.18	3.46958e-05
      9.19	3.46986e-05
       9.2	3.47013e-05
      9.21	3.47041e-05
      9.22	3.47069e-05
      9.23	3.47099e-05
      9.24	3.4713e-05
      9.25	3.4716e-05
      9.26	3.47191e-05
      9.27	3.47221e-05
      9.28	3.47254e-05
      9.29	3.47287e-05
       9.3	3.47321e-05
      9.31	3.47354e-05
      9.32	3.47387e-05
      9.33	3.47423e-05
      9.34	3.47459e-05
      9.35	3.47495e-05
      9.36	3.47531e-05
      9.37	3.47567e-05
      9.38	3.47605e-05
      9.39	3.47643e-05
       9.4	3.47682e-05
      9.41	3.4772e-05
      9.42	3.47759e-05
      9.43	 3.478e-05
      9.44	3.47841e-05
      9.45	3.47882e-05
      9.46	3.47922e-05
      9.47	3.47963e-05
      9.48	3.48006e-05
      9.49	3.4805e-05
       9.5	3.48093e-05
      9.51	3.48136e-05
      9.52	3.48179e-05
      9.53	3.48225e-05
      9.54	3.4827e-05
      9.55	3.48316e-05
      9.56	3.48361e-05
      9.57	3.48407e-05
      9.58	3.48452e-05
      9.59	3.48499e-05
       9.6	3.48547e-05
      9.61	3.48594e-05
      9.62	3.48642e-05
      9.63	3.48689e-05
      9.64	3.48738e-05
      9.65	3.48787e-05
      9.66	3.48836e-05
      9.67	3.48885e-05
      9.68	3.48934e-05
      9.69	3.48985e-05
       9.7	3.49035e-05
      9.71	3.49086e-05
      9.72	3.49136e-05
      9.73	3.49187e-05
      9.74	3.49238e-05
      9.75	3.49289e-05
      9.76	3.49341e-05
      9.77	3.49393e-05
      9.78	3.49444e-05
      9.79	3.49496e-05
       9.8	3.49549e-05
      9.81	3.49601e-05
      9.82	3.49654e-05
      9.83	3.49707e-05
      9.84	3.49759e-05
      9.85	3.49812e-05
      9.86	3.49864e-05
      9.87	3.49918e-05
      9.88	3.49971e-05
      9.89	3.50025e-05
       9.9	3.50078e-05
      9.91	3.50131e-05
      9.92	3.50185e-05
      9.93	3.50238e-05
      9.94	3.50292e-05
      9.95	3.50345e-05
      9.96	3.50398e-05
      9.97	3.50452e-05
      9.98	3.50505e-05
      9.99	3.50559e-05
        10	3.50612e-05
     10.01	3.50665e-05
     10.02	3.50718e-05
     10.03	3.50771e-05
     10.04	3.50824e-05
     10.05	3.50877e-05
     10.06	3.5093e-05
     10.07	3.50984e-05
     10.08	3.51037e-05
     10.09	3.5109e-05
      10.1	3.51142e-05
     10.11	3.51194e-05
     10.12	3.51246e-05
     10.13	3.51299e-05
     10.14	3.51351e-05
     10.15	3.51403e-05
     10.16	3.51455e-05
     10.17	3.51506e-05
     10.18	3.51557e-05
     10.19	3.51608e-05
      10.2	3.51659e-05
     10.21	3.5171e-05
     10.22	3.51761e-05
     10.23	3.5181e-05
     10.24	3.5186e-05
     10.25	3.51909e-05
     10.26	3.51959e-05
     10.27	3.52008e-05
     10.28	3.52058e-05
     10.29	3.52107e-05
      10.3	3.52155e-05
     10.31	3.52203e-05
     10.32	3.52251e-05
     10.33	3.52299e-05
     10.34	3.52346e-05
     10.35	3.52392e-05
     10.36	3.52439e-05
     10.37	3.52486e-05
     10.38	3.52532e-05
     10.39	3.52578e-05
      10.4	3.52623e-05
     10.41	3.52668e-05
     10.42	3.52713e-05
     10.43	3.52758e-05
     10.44	3.52801e-05
     10.45	3.52844e-05
     10.46	3.52888e-05
     10.47	3.52931e-05
     10.48	3.52974e-05
     10.49	3.53016e-05
      10.5	3.53057e-05
     10.51	3.53099e-05
     10.52	3.5314e-05
     10.53	3.53182e-05
     10.54	3.53221e-05
     10.55	3.53261e-05
     10.56	 3.533e-05
     10.57	3.5334e-05
     10.58	3.53379e-05
     10.59	3.53417e-05
      10.6	3.53454e-05
     10.61	3.53492e-05
     10.62	3.5353e-05
     10.63	3.53567e-05
     10.64	3.53603e-05
     10.65	3.53638e-05
     10.66	3.53674e-05
     10.67	3.53709e-05
     10.68	3.53745e-05
     10.69	3.53778e-05
      10.7	3.53812e-05
     10.71	3.53845e-05
     10.72	3.53879e-05
     10.73	3.53912e-05
     10.74	3.53944e-05
     10.75	3.53975e-05
     10.76	3.54007e-05
     10.77	3.54038e-05
     10.78	3.54069e-05
     10.79	3.54099e-05
      10.8	3.54128e-05
     10.81	3.54158e-05
     10.82	3.54187e-05
     10.83	3.54216e-05
     10.84	3.54244e-05
     10.85	3.54271e-05
     10.86	3.54298e-05
     10.87	3.54325e-05
     10.88	3.54353e-05
     10.89	3.54378e-05
      10.9	3.54403e-05
     10.91	3.54429e-05
     10.92	3.54454e-05
     10.93	3.54479e-05
     10.94	3.54503e-05
     10.95	3.54526e-05
     10.96	3.54549e-05
     10.97	3.54572e-05
     10.98	3.54596e-05
     10.99	3.54617e-05
        11	3.54638e-05
     11.01	3.5466e-05
     11.02	3.54681e-05
     11.03	3.54703e-05
     11.04	3.54722e-05
     11.05	3.54742e-05
     11.06	3.54761e-05
     11.07	3.54781e-05
     11.08	 3.548e-05
     11.09	3.54818e-05
      11.1	3.54836e-05
     11.11	3.54853e-05
     11.12	3.54871e-05
     11.13	3.54889e-05
     11.14	3.54905e-05
     11.15	3.54921e-05
     11.16	3.54937e-05
     11.17	3.54953e-05
     11.18	3.54969e-05
     11.19	3.54983e-05
      11.2	3.54998e-05
     11.21	3.55012e-05
     11.22	3.55027e-05
     11.23	3.55041e-05
     11.24	3.55054e-05
     11.25	3.55067e-05
     11.26	3.55079e-05
     11.27	3.55092e-05
     11.28	3.55105e-05
     11.29	3.55117e-05
      11.3	3.55128e-05
     11.31	3.5514e-05
     11.32	3.55151e-05
     11.33	3.55162e-05
     11.34	3.55172e-05
     11.35	3.55182e-05
     11.36	3.55192e-05
     11.37	3.55202e-05
     11.38	3.55212e-05
     11.39	3.55222e-05
      11.4	3.55231e-05
     11.41	3.55239e-05
     11.42	3.55248e-05
     11.43	3.55257e-05
     11.44	3.55265e-05
     11.45	3.55273e-05
     11.46	3.5528e-05
     11.47	3.55288e-05
     11.48	3.55295e-05
     11.49	3.55303e-05
      11.5	3.55309e-05
     11.51	3.55316e-05
     11.52	3.55322e-05
     11.53	3.55329e-05
     11.54	3.55335e-05
     11.55	3.55342e-05
     11.56	3.55347e-05
     11.57	3.55353e-05
     11.58	3.55358e-05
     11.59	3.55364e-05
      11.6	3.55369e-05
     11.61	3.55374e-05
     11.62	3.55378e-05
     11.63	3.55383e-05
     11.64	3.55388e-05
     11.65	3.55392e-05
     11.66	3.55397e-05
     11.67	 3.554e-05
     11.68	3.55404e-05
     11.69	3.55408e-05
      11.7	3.55411e-05
     11.71	3.55415e-05
     11.72	3.55419e-05
     11.73	3.55422e-05
     11.74	3.55426e-05
     11.75	3.55429e-05
     11.76	3.55432e-05
     11.77	3.55435e-05
     11.78	3.55438e-05
     11.79	3.55441e-05
      11.8	3.55443e-05
     11.81	3.55446e-05
     11.82	3.55449e-05
     11.83	3.55451e-05
     11.84	3.55454e-05
     11.85	3.55456e-05
     11.86	3.55458e-05
     11.87	3.5546e-05
     11.88	3.55462e-05
     11.89	3.55464e-05
      11.9	3.55466e-05
     11.91	3.55468e-05
     11.92	3.55471e-05
     11.93	3.55473e-05
     11.94	3.55475e-05
     11.95	3.55477e-05
     11.96	3.55479e-05
     11.97	3.5548e-05
     11.98	3.55482e-05
     11.99	3.55484e-05
        12	3.55485e-05
     12.01	3.55487e-05
     12.02	3.55489e-05
     12.03	3.5549e-05
     12.04	3.55492e-05
     12.05	3.55493e-05
     12.06	3.55495e-05
     12.07	3.55497e-05
     12.08	3.55498e-05
     12.09	 3.555e-05
      12.1	3.55502e-05
     12.11	3.55503e-05
     12.12	3.55505e-05
     12.13	3.55507e-05
     12.14	3.55508e-05
     12.15	3.5551e-05
     12.16	3.55512e-05
     12.17	3.55514e-05
     12.18	3.55515e-05
     12.19	3.55517e-05
      12.2	3.55519e-05
     12.21	3.5552e-05
     12.22	3.55522e-05
     12.23	3.55524e-05
     12.24	3.55526e-05
     12.25	3.55527e-05
     12.26	3.55529e-05
     12.27	3.55531e-05
     12.28	3.55533e-05
     12.29	3.55534e-05
      12.3	3.55536e-05
     12.31	3.55538e-05
     12.32	3.55539e-05
     12.33	3.55541e-05
     12.34	3.55543e-05
     12.35	3.55546e-05
     12.36	3.55548e-05
     12.37	3.5555e-05
     12.38	3.55552e-05
     12.39	3.55555e-05
      12.4	3.55557e-05
     12.41	3.55559e-05
     12.42	3.55561e-05
     12.43	3.55564e-05
     12.44	3.55566e-05
     12.45	3.55568e-05
     12.46	3.5557e-05
     12.47	3.55572e-05
     12.48	3.55575e-05
     12.49	3.55578e-05
      12.5	3.55581e-05
     12.51	3.55584e-05
     12.52	3.55587e-05
     12.53	3.55589e-05
     12.54	3.55592e-05
     12.55	3.55595e-05
     12.56	3.55598e-05
     12.57	3.55601e-05
     12.58	3.55604e-05
     12.59	3.55606e-05
      12.6	3.55609e-05
     12.61	3.55612e-05
     12.62	3.55616e-05
     12.63	3.55619e-05
     12.64	3.55622e-05
     12.65	3.55626e-05
     12.66	3.55629e-05
     12.67	3.55633e-05
     12.68	3.55636e-05
     12.69	3.5564e-05
      12.7	3.55643e-05
     12.71	3.55646e-05
     12.72	3.5565e-05
     12.73	3.55653e-05
     12.74	3.55657e-05
     12.75	3.55661e-05
     12.76	3.55665e-05
     12.77	3.55669e-05
     12.78	3.55673e-05
     12.79	3.55677e-05
      12.8	3.5568e-05
     12.81	3.55684e-05
     12.82	3.55688e-05
     12.83	3.55692e-05
     12.84	3.55696e-05
     12.85	 3.557e-05
     12.86	3.55704e-05
     12.87	3.55708e-05
     12.88	3.55713e-05
     12.89	3.55717e-05
      12.9	3.55722e-05
     12.91	3.55726e-05
     12.92	3.5573e-05
     12.93	3.55735e-05
     12.94	3.55739e-05
     12.95	3.55744e-05
     12.96	3.55748e-05
     12.97	3.55753e-05
     12.98	3.55757e-05
     12.99	3.55762e-05
        13	3.55766e-05
     13.01	3.5577e-05
     13.02	3.55775e-05
     13.03	3.55779e-05
     13.04	3.55784e-05
     13.05	3.55789e-05
     13.06	3.55793e-05
     13.07	3.55798e-05
     13.08	3.55803e-05
     13.09	3.55808e-05
      13.1	3.55813e-05
     13.11	3.55818e-05
     13.12	3.55822e-05
     13.13	3.55827e-05
     13.14	3.55832e-05
     13.15	3.55837e-05
     13.16	3.55842e-05
     13.17	3.55846e-05
     13.18	3.55851e-05
     13.19	3.55856e-05
      13.2	3.55861e-05
     13.21	3.55866e-05
     13.22	3.55871e-05
     13.23	3.55875e-05
     13.24	3.5588e-05
     13.25	3.55885e-05
     13.26	3.5589e-05
     13.27	3.55895e-05
     13.28	3.55899e-05
     13.29	3.55904e-05
      13.3	3.55909e-05
     13.31	3.55914e-05
     13.32	3.55919e-05
     13.33	3.55924e-05
     13.34	3.55928e-05
     13.35	3.55933e-05
     13.36	3.55938e-05
     13.37	3.55943e-05
     13.38	3.55948e-05
     13.39	3.55952e-05
      13.4	3.55957e-05
     13.41	3.55962e-05
     13.42	3.55967e-05
     13.43	3.55972e-05
     13.44	3.55977e-05
     13.45	3.55981e-05
     13.46	3.55986e-05
     13.47	3.55991e-05
     13.48	3.55996e-05
     13.49	3.56001e-05
      13.5	3.56005e-05
     13.51	3.5601e-05
     13.52	3.56015e-05
     13.53	3.5602e-05
     13.54	3.56025e-05
     13.55	3.56029e-05
     13.56	3.56034e-05
     13.57	3.56039e-05
     13.58	3.56044e-05
     13.59	3.56049e-05
      13.6	3.56053e-05
     13.61	3.56058e-05
     13.62	3.56062e-05
     13.63	3.56066e-05
     13.64	3.56071e-05
     13.65	3.56075e-05
     13.66	3.56079e-05
     13.67	3.56084e-05
     13.68	3.56088e-05
     13.69	3.56093e-05
      13.7	3.56097e-05
     13.71	3.56101e-05
     13.72	3.56106e-05
     13.73	3.5611e-05
     13.74	3.56114e-05
     13.75	3.56119e-05
     13.76	3.56123e-05
     13.77	3.56127e-05
     13.78	3.56131e-05
     13.79	3.56135e-05
      13.8	3.56139e-05
     13.81	3.56143e-05
     13.82	3.56147e-05
     13.83	3.56151e-05
     13.84	3.56155e-05
     13.85	3.56158e-05
     13.86	3.56162e-05
     13.87	3.56166e-05
     13.88	3.5617e-05
     13.89	3.56174e-05
      13.9	3.56178e-05
     13.91	3.56182e-05
     13.92	3.56186e-05
     13.93	3.56189e-05
     13.94	3.56193e-05
     13.95	3.56196e-05
     13.96	3.56199e-05
     13.97	3.56203e-05
     13.98	3.56206e-05
     13.99	3.5621e-05
        14	3.56213e-05
     14.01	3.56216e-05
     14.02	3.5622e-05
     14.03	3.56223e-05
     14.04	3.56227e-05
     14.05	3.5623e-05
     14.06	3.56233e-05
     14.07	3.56237e-05
     14.08	3.5624e-05
     14.09	3.56243e-05
      14.1	3.56246e-05
     14.11	3.56249e-05
     14.12	3.56252e-05
     14.13	3.56255e-05
     14.14	3.56258e-05
     14.15	3.56261e-05
     14.16	3.56264e-05
     14.17	3.56266e-05
     14.18	3.56269e-05
     14.19	3.56272e-05
      14.2	3.56275e-05
     14.21	3.56278e-05
     14.22	3.56281e-05
     14.23	3.56284e-05
     14.24	3.56286e-05
     14.25	3.56289e-05
     14.26	3.56291e-05
     14.27	3.56294e-05
     14.28	3.56296e-05
     14.29	3.56299e-05
      14.3	3.56301e-05
     14.31	3.56304e-05
     14.32	3.56306e-05
     14.33	3.56308e-05
     14.34	3.56311e-05
     14.35	3.56313e-05
     14.36	3.56316e-05
     14.37	3.56318e-05
     14.38	3.56321e-05
     14.39	3.56323e-05
      14.4	3.56325e-05
     14.41	3.56327e-05
     14.42	3.56329e-05
     14.43	3.56331e-05
     14.44	3.56333e-05
     14.45	3.56335e-05
     14.46	3.56337e-05
     14.47	3.56339e-05
     14.48	3.56341e-05
     14.49	3.56343e-05
      14.5	3.56346e-05
     14.51	3.56348e-05
     14.52	3.5635e-05
     14.53	3.56352e-05
     14.54	3.56354e-05
     14.55	3.56356e-05
     14.56	3.56358e-05
     14.57	3.56359e-05
     14.58	3.56361e-05
     14.59	3.56363e-05
      14.6	3.56364e-05
     14.61	3.56366e-05
     14.62	3.56368e-05
     14.63	3.56369e-05
     14.64	3.56371e-05
     14.65	3.56373e-05
     14.66	3.56375e-05
     14.67	3.56376e-05
     14.68	3.56378e-05
     14.69	3.5638e-05
      14.7	3.56381e-05
     14.71	3.56383e-05
     14.72	3.56385e-05
     14.73	3.56386e-05
     14.74	3.56388e-05
     14.75	3.5639e-05
     14.76	3.56391e-05
     14.77	3.56393e-05
     14.78	3.56395e-05
     14.79	3.56396e-05
      14.8	3.56398e-05
     14.81	3.56399e-05
     14.82	3.56401e-05
     14.83	3.56402e-05
     14.84	3.56404e-05
     14.85	3.56405e-05
     14.86	3.56407e-05
     14.87	3.56408e-05
     14.88	3.5641e-05
     14.89	3.56411e-05
      14.9	3.56413e-05
     14.91	3.56415e-05
     14.92	3.56416e-05
     14.93	3.56418e-05
     14.94	3.56419e-05
     14.95	3.56421e-05
     14.96	3.56422e-05
     14.97	3.56424e-05
     14.98	3.56425e-05
     14.99	3.56427e-05
        15	3.56428e-05
