Time	PV	OP	SP
         0	 0.0827435	    151803	 0.0827435
      0.01	 0.0827435	    151803	 0.0827435
      0.02	 0.0827435	    151803	 0.0827435
      0.03	 0.0827435	    151803	 0.0827435
      0.04	 0.0827435	    151803	 0.0827435
      0.05	 0.0827435	    151803	 0.0827435
      0.06	 0.0827435	    151803	 0.0827435
      0.07	 0.0827435	    151803	 0.0827435
      0.08	 0.0827435	    151803	 0.0827435
      0.09	 0.0827435	    151803	 0.0827435
       0.1	 0.0827435	    151803	 0.0827435
      0.11	 0.0827435	    151803	 0.0827435
      0.12	 0.0827435	    151803	 0.0827435
      0.13	 0.0827435	    151803	 0.0827435
      0.14	 0.0827435	    151803	 0.0827435
      0.15	 0.0827435	    151803	 0.0827435
      0.16	 0.0827435	    151803	 0.0827435
      0.17	 0.0827435	    151803	 0.0827435
      0.18	 0.0827435	    151803	 0.0827435
      0.19	 0.0827435	    151803	 0.0827435
       0.2	 0.0827435	    151803	 0.0827435
      0.21	 0.0827435	    151803	 0.0827435
      0.22	 0.0827435	    151803	 0.0827435
      0.23	 0.0827435	    151803	 0.0827435
      0.24	 0.0827435	    151803	 0.0827435
      0.25	 0.0827435	    151803	 0.0827435
      0.26	 0.0827435	    151803	 0.0827435
      0.27	 0.0827435	    151803	 0.0827435
      0.28	 0.0827435	    151803	 0.0827435
      0.29	 0.0827435	    151803	 0.0827435
       0.3	 0.0827435	    151803	 0.0827435
      0.31	 0.0827435	    151803	 0.0827435
      0.32	 0.0827435	    151803	 0.0827435
      0.33	 0.0827435	    151803	 0.0827435
      0.34	 0.0827435	    151803	 0.0827435
      0.35	 0.0827435	    151803	 0.0827435
      0.36	 0.0827435	    151803	 0.0827435
      0.37	 0.0827435	    151803	 0.0827435
      0.38	 0.0827435	    151803	 0.0827435
      0.39	 0.0827435	    151803	 0.0827435
       0.4	 0.0827435	    151803	 0.0827435
      0.41	 0.0827435	    151803	 0.0827435
      0.42	 0.0827435	    151803	 0.0827435
      0.43	 0.0827435	    151803	 0.0827435
      0.44	 0.0827435	    151803	 0.0827435
      0.45	 0.0827435	    151803	 0.0827435
      0.46	 0.0827435	    151803	 0.0827435
      0.47	 0.0827435	    151803	 0.0827435
      0.48	 0.0827435	    151803	 0.0827435
      0.49	 0.0827435	    151803	 0.0827435
       0.5	 0.0827435	    151803	 0.0827435
      0.51	 0.0827435	    151803	 0.0827435
      0.52	 0.0827435	    151803	 0.0827435
      0.53	 0.0827435	    151803	 0.0827435
      0.54	 0.0827435	    151803	 0.0827435
      0.55	 0.0827435	    151803	 0.0827435
      0.56	 0.0827435	    151803	 0.0827435
      0.57	 0.0827435	    151803	 0.0827435
      0.58	 0.0827435	    151803	 0.0827435
      0.59	 0.0827435	    151803	 0.0827435
       0.6	 0.0827435	    151803	 0.0827435
      0.61	 0.0827435	    151803	 0.0827435
      0.62	 0.0827435	    151803	 0.0827435
      0.63	 0.0827435	    151803	 0.0827435
      0.64	 0.0827435	    151803	 0.0827435
      0.65	 0.0827435	    151803	 0.0827435
      0.66	 0.0827435	    151803	 0.0827435
      0.67	 0.0827435	    151803	 0.0827435
      0.68	 0.0827435	    151803	 0.0827435
      0.69	 0.0827435	    151803	 0.0827435
       0.7	 0.0827435	    151803	 0.0827435
      0.71	 0.0827435	    151803	 0.0827435
      0.72	 0.0827435	    151803	 0.0827435
      0.73	 0.0827435	    151803	 0.0827435
      0.74	 0.0827435	    151803	 0.0827435
      0.75	 0.0827435	    151803	 0.0827435
      0.76	 0.0827435	    151803	 0.0827435
      0.77	 0.0827435	    151803	 0.0827435
      0.78	 0.0827435	    151803	 0.0827435
      0.79	 0.0827435	    151803	 0.0827435
       0.8	 0.0827435	    151803	 0.0827435
      0.81	 0.0827435	    151803	 0.0827435
      0.82	 0.0827435	    151803	 0.0827435
      0.83	 0.0827435	    151803	 0.0827435
      0.84	 0.0827435	    151803	 0.0827435
      0.85	 0.0827435	    151803	 0.0827435
      0.86	 0.0827435	    151803	 0.0827435
      0.87	 0.0827435	    151803	 0.0827435
      0.88	 0.0827435	    151803	 0.0827435
      0.89	 0.0827435	    151803	 0.0827435
       0.9	 0.0827435	    151803	 0.0827435
      0.91	 0.0827435	    151803	 0.0827435
      0.92	 0.0827435	    151803	 0.0827435
      0.93	 0.0827435	    151803	 0.0827435
      0.94	 0.0827435	    151803	 0.0827435
      0.95	 0.0827435	    151803	 0.0827435
      0.96	 0.0827435	    151803	 0.0827435
      0.97	 0.0827435	    151803	 0.0827435
      0.98	 0.0827435	    151803	 0.0827435
      0.99	 0.0827435	    151803	 0.0827435
         1	 0.0827435	    151803	 0.0827435
      1.01	 0.0827426	    151807	 0.0827435
      1.02	 0.0827426	    151806	 0.0827435
      1.03	 0.0827426	    151805	 0.0827435
      1.04	 0.0827426	    151805	 0.0827435
      1.05	 0.0827427	    151804	 0.0827435
      1.06	 0.0827427	    151804	 0.0827435
      1.07	 0.0827427	    151804	 0.0827435
      1.08	 0.0827427	    151804	 0.0827435
      1.09	 0.0827427	    151803	 0.0827435
       1.1	 0.0827428	    151803	 0.0827435
      1.11	 0.0827427	    151803	 0.0827435
      1.12	 0.0827427	    151803	 0.0827435
      1.13	 0.0827427	    151803	 0.0827435
      1.14	 0.0827427	    151803	 0.0827435
      1.15	 0.0827427	    151803	 0.0827435
      1.16	 0.0827427	    151803	 0.0827435
      1.17	 0.0827427	    151803	 0.0827435
      1.18	 0.0827427	    151803	 0.0827435
      1.19	 0.0827426	    151803	 0.0827435
       1.2	 0.0827426	    151804	 0.0827435
      1.21	 0.0827426	    151804	 0.0827435
      1.22	 0.0827426	    151804	 0.0827435
      1.23	 0.0827424	    151805	 0.0827435
      1.24	 0.0827422	    151805	 0.0827435
      1.25	  0.082742	    151805	 0.0827435
      1.26	 0.0827418	    151805	 0.0827435
      1.27	 0.0827416	    151806	 0.0827435
      1.28	 0.0827414	    151806	 0.0827435
      1.29	 0.0827412	    151806	 0.0827435
       1.3	  0.082741	    151806	 0.0827435
      1.31	 0.0827407	    151807	 0.0827435
      1.32	 0.0827405	    151807	 0.0827435
      1.33	 0.0827403	    151808	 0.0827435
      1.34	   0.08274	    151808	 0.0827435
      1.35	 0.0827396	    151809	 0.0827435
      1.36	 0.0827392	    151809	 0.0827435
      1.37	 0.0827388	    151810	 0.0827435
      1.38	 0.0827384	    151810	 0.0827435
      1.39	  0.082738	    151810	 0.0827435
       1.4	 0.0827377	    151811	 0.0827435
      1.41	 0.0827373	    151811	 0.0827435
      1.42	 0.0827369	    151812	 0.0827435
      1.43	 0.0827365	    151812	 0.0827435
      1.44	 0.0827361	    151813	 0.0827435
      1.45	 0.0827357	    151813	 0.0827435
      1.46	 0.0827353	    151814	 0.0827435
      1.47	 0.0827348	    151814	 0.0827435
      1.48	 0.0827343	    151814	 0.0827435
      1.49	 0.0827338	    151815	 0.0827435
       1.5	 0.0827333	    151815	 0.0827435
      1.51	 0.0827329	    151816	 0.0827435
      1.52	 0.0827324	    151816	 0.0827435
      1.53	 0.0827319	    151817	 0.0827435
      1.54	 0.0827314	    151817	 0.0827435
      1.55	 0.0827309	    151817	 0.0827435
      1.56	 0.0827305	    151818	 0.0827435
      1.57	   0.08273	    151818	 0.0827435
      1.58	 0.0827295	    151819	 0.0827435
      1.59	  0.082729	    151819	 0.0827435
       1.6	 0.0827285	    151819	 0.0827435
      1.61	 0.0827281	    151820	 0.0827435
      1.62	 0.0827276	    151820	 0.0827435
      1.63	 0.0827271	    151821	 0.0827435
      1.64	 0.0827266	    151821	 0.0827435
      1.65	 0.0827261	    151821	 0.0827435
      1.66	 0.0827257	    151822	 0.0827435
      1.67	 0.0827253	    151822	 0.0827435
      1.68	 0.0827249	    151823	 0.0827435
      1.69	 0.0827245	    151823	 0.0827435
       1.7	  0.082724	    151823	 0.0827435
      1.71	 0.0827236	    151824	 0.0827435
      1.72	 0.0827232	    151824	 0.0827435
      1.73	 0.0827228	    151824	 0.0827435
      1.74	 0.0827224	    151824	 0.0827435
      1.75	  0.082722	    151825	 0.0827435
      1.76	 0.0827215	    151825	 0.0827435
      1.77	 0.0827211	    151825	 0.0827435
      1.78	 0.0827207	    151825	 0.0827435
      1.79	 0.0827204	    151825	 0.0827435
       1.8	 0.0827202	    151826	 0.0827435
      1.81	 0.0827199	    151826	 0.0827435
      1.82	 0.0827196	    151826	 0.0827435
      1.83	 0.0827193	    151826	 0.0827435
      1.84	  0.082719	    151827	 0.0827435
      1.85	 0.0827188	    151827	 0.0827435
      1.86	 0.0827185	    151827	 0.0827435
      1.87	 0.0827182	    151827	 0.0827435
      1.88	 0.0827179	    151827	 0.0827435
      1.89	 0.0827176	    151827	 0.0827435
       1.9	 0.0827174	    151827	 0.0827435
      1.91	 0.0827172	    151827	 0.0827435
      1.92	 0.0827171	    151827	 0.0827435
      1.93	  0.082717	    151827	 0.0827435
      1.94	 0.0827169	    151827	 0.0827435
      1.95	 0.0827167	    151827	 0.0827435
      1.96	 0.0827166	    151827	 0.0827435
      1.97	 0.0827165	    151827	 0.0827435
      1.98	 0.0827163	    151827	 0.0827435
      1.99	 0.0827162	    151827	 0.0827435
         2	 0.0827162	    151827	 0.0827435
      2.01	 0.0827163	    151828	 0.0827435
      2.02	 0.0827163	    151828	 0.0827435
      2.03	 0.0827163	    151828	 0.0827435
      2.04	 0.0827163	    151828	 0.0827435
      2.05	 0.0827163	    151827	 0.0827435
      2.06	 0.0827163	    151827	 0.0827435
      2.07	 0.0827164	    151827	 0.0827435
      2.08	 0.0827164	    151827	 0.0827435
      2.09	 0.0827164	    151827	 0.0827435
       2.1	 0.0827166	    151826	 0.0827435
      2.11	 0.0827167	    151826	 0.0827435
      2.12	 0.0827169	    151826	 0.0827435
      2.13	 0.0827171	    151826	 0.0827435
      2.14	 0.0827172	    151826	 0.0827435
      2.15	 0.0827174	    151826	 0.0827435
      2.16	 0.0827176	    151825	 0.0827435
      2.17	 0.0827177	    151825	 0.0827435
      2.18	 0.0827179	    151825	 0.0827435
      2.19	 0.0827181	    151825	 0.0827435
       2.2	 0.0827184	    151825	 0.0827435
      2.21	 0.0827187	    151824	 0.0827435
      2.22	  0.082719	    151824	 0.0827435
      2.23	 0.0827193	    151824	 0.0827435
      2.24	 0.0827196	    151823	 0.0827435
      2.25	 0.0827199	    151823	 0.0827435
      2.26	 0.0827202	    151823	 0.0827435
      2.27	 0.0827205	    151822	 0.0827435
      2.28	 0.0827208	    151822	 0.0827435
      2.29	 0.0827212	    151822	 0.0827435
       2.3	 0.0827216	    151821	 0.0827435
      2.31	  0.082722	    151821	 0.0827435
      2.32	 0.0827225	    151821	 0.0827435
      2.33	 0.0827229	    151820	 0.0827435
      2.34	 0.0827234	    151820	 0.0827435
      2.35	 0.0827238	    151820	 0.0827435
      2.36	 0.0827242	    151819	 0.0827435
      2.37	 0.0827247	    151819	 0.0827435
      2.38	 0.0827251	    151818	 0.0827435
      2.39	 0.0827256	    151818	 0.0827435
       2.4	  0.082726	    151818	 0.0827435
      2.41	 0.0827264	    151817	 0.0827435
      2.42	  0.082727	    151817	 0.0827435
      2.43	 0.0827276	    151816	 0.0827435
      2.44	 0.0827281	    151816	 0.0827435
      2.45	 0.0827287	    151815	 0.0827435
      2.46	 0.0827293	    151815	 0.0827435
      2.47	 0.0827298	    151814	 0.0827435
      2.48	 0.0827304	    151814	 0.0827435
      2.49	 0.0827309	    151813	 0.0827435
       2.5	 0.0827315	    151813	 0.0827435
      2.51	 0.0827321	    151812	 0.0827435
      2.52	 0.0827326	    151812	 0.0827435
      2.53	 0.0827332	    151811	 0.0827435
      2.54	 0.0827338	    151811	 0.0827435
      2.55	 0.0827343	    151810	 0.0827435
      2.56	 0.0827349	    151810	 0.0827435
      2.57	 0.0827355	    151810	 0.0827435
      2.58	 0.0827362	    151809	 0.0827435
      2.59	 0.0827369	    151809	 0.0827435
       2.6	 0.0827375	    151808	 0.0827435
      2.61	 0.0827382	    151808	 0.0827435
      2.62	 0.0827388	    151807	 0.0827435
      2.63	 0.0827395	    151807	 0.0827435
      2.64	 0.0827401	    151806	 0.0827435
      2.65	 0.0827408	    151806	 0.0827435
      2.66	 0.0827414	    151805	 0.0827435
      2.67	 0.0827421	    151805	 0.0827435
      2.68	 0.0827427	    151804	 0.0827435
      2.69	 0.0827434	    151804	 0.0827435
       2.7	  0.082744	    151803	 0.0827435
      2.71	 0.0827447	    151803	 0.0827435
      2.72	 0.0827453	    151802	 0.0827435
      2.73	  0.082746	    151802	 0.0827435
      2.74	 0.0827466	    151801	 0.0827435
      2.75	 0.0827473	    151801	 0.0827435
      2.76	 0.0827479	    151800	 0.0827435
      2.77	 0.0827486	    151800	 0.0827435
      2.78	 0.0827492	    151799	 0.0827435
      2.79	 0.0827499	    151799	 0.0827435
       2.8	 0.0827505	    151798	 0.0827435
      2.81	 0.0827512	    151798	 0.0827435
      2.82	 0.0827518	    151798	 0.0827435
      2.83	 0.0827524	    151797	 0.0827435
      2.84	 0.0827531	    151797	 0.0827435
      2.85	 0.0827537	    151796	 0.0827435
      2.86	 0.0827543	    151796	 0.0827435
      2.87	  0.082755	    151795	 0.0827435
      2.88	 0.0827556	    151795	 0.0827435
      2.89	 0.0827562	    151794	 0.0827435
       2.9	 0.0827569	    151794	 0.0827435
      2.91	 0.0827575	    151793	 0.0827435
      2.92	 0.0827581	    151793	 0.0827435
      2.93	 0.0827588	    151792	 0.0827435
      2.94	 0.0827594	    151792	 0.0827435
      2.95	   0.08276	    151791	 0.0827435
      2.96	 0.0827607	    151791	 0.0827435
      2.97	 0.0827613	    151790	 0.0827435
      2.98	 0.0827619	    151790	 0.0827435
      2.99	 0.0827626	    151789	 0.0827435
         3	 0.0827632	    151789	 0.0827435
      3.01	 0.0827638	    151788	 0.0827435
      3.02	 0.0827645	    151788	 0.0827435
      3.03	 0.0827651	    151787	 0.0827435
      3.04	 0.0827657	    151787	 0.0827435
      3.05	 0.0827663	    151786	 0.0827435
      3.06	 0.0827668	    151786	 0.0827435
      3.07	 0.0827673	    151785	 0.0827435
      3.08	 0.0827679	    151785	 0.0827435
      3.09	 0.0827684	    151784	 0.0827435
       3.1	 0.0827689	    151784	 0.0827435
      3.11	 0.0827695	    151783	 0.0827435
      3.12	   0.08277	    151783	 0.0827435
      3.13	 0.0827705	    151782	 0.0827435
      3.14	 0.0827711	    151782	 0.0827435
      3.15	 0.0827716	    151782	 0.0827435
      3.16	 0.0827721	    151781	 0.0827435
      3.17	 0.0827727	    151781	 0.0827435
      3.18	 0.0827732	    151780	 0.0827435
      3.19	 0.0827737	    151780	 0.0827435
       3.2	 0.0827743	    151780	 0.0827435
      3.21	 0.0827747	    151779	 0.0827435
      3.22	 0.0827751	    151779	 0.0827435
      3.23	 0.0827756	    151779	 0.0827435
      3.24	  0.082776	    151778	 0.0827435
      3.25	 0.0827764	    151778	 0.0827435
      3.26	 0.0827768	    151778	 0.0827435
      3.27	 0.0827773	    151777	 0.0827435
      3.28	 0.0827777	    151777	 0.0827435
      3.29	 0.0827781	    151777	 0.0827435
       3.3	 0.0827786	    151776	 0.0827435
      3.31	  0.082779	    151776	 0.0827435
      3.32	 0.0827794	    151776	 0.0827435
      3.33	 0.0827798	    151775	 0.0827435
      3.34	 0.0827802	    151775	 0.0827435
      3.35	 0.0827805	    151775	 0.0827435
      3.36	 0.0827808	    151774	 0.0827435
      3.37	 0.0827811	    151774	 0.0827435
      3.38	 0.0827814	    151774	 0.0827435
      3.39	 0.0827817	    151773	 0.0827435
       3.4	 0.0827821	    151773	 0.0827435
      3.41	 0.0827824	    151773	 0.0827435
      3.42	 0.0827827	    151773	 0.0827435
      3.43	  0.082783	    151773	 0.0827435
      3.44	 0.0827833	    151772	 0.0827435
      3.45	 0.0827836	    151772	 0.0827435
      3.46	  0.082784	    151772	 0.0827435
      3.47	 0.0827843	    151772	 0.0827435
      3.48	 0.0827846	    151771	 0.0827435
      3.49	 0.0827848	    151771	 0.0827435
       3.5	  0.082785	    151771	 0.0827435
      3.51	 0.0827852	    151771	 0.0827435
      3.52	 0.0827854	    151771	 0.0827435
      3.53	 0.0827856	    151770	 0.0827435
      3.54	 0.0827858	    151770	 0.0827435
      3.55	  0.082786	    151770	 0.0827435
      3.56	 0.0827862	    151770	 0.0827435
      3.57	 0.0827864	    151769	 0.0827435
      3.58	 0.0827866	    151769	 0.0827435
      3.59	 0.0827868	    151769	 0.0827435
       3.6	 0.0827869	    151769	 0.0827435
      3.61	 0.0827871	    151769	 0.0827435
      3.62	 0.0827873	    151768	 0.0827435
      3.63	 0.0827875	    151768	 0.0827435
      3.64	 0.0827876	    151768	 0.0827435
      3.65	 0.0827877	    151768	 0.0827435
      3.66	 0.0827878	    151768	 0.0827435
      3.67	 0.0827879	    151768	 0.0827435
      3.68	 0.0827879	    151768	 0.0827435
      3.69	  0.082788	    151768	 0.0827435
       3.7	 0.0827881	    151768	 0.0827435
      3.71	 0.0827882	    151767	 0.0827435
      3.72	 0.0827883	    151767	 0.0827435
      3.73	 0.0827883	    151767	 0.0827435
      3.74	 0.0827884	    151767	 0.0827435
      3.75	 0.0827885	    151767	 0.0827435
      3.76	 0.0827886	    151767	 0.0827435
      3.77	 0.0827887	    151767	 0.0827435
      3.78	 0.0827887	    151767	 0.0827435
      3.79	 0.0827888	    151767	 0.0827435
       3.8	 0.0827888	    151766	 0.0827435
      3.81	 0.0827888	    151766	 0.0827435
      3.82	 0.0827887	    151766	 0.0827435
      3.83	 0.0827887	    151766	 0.0827435
      3.84	 0.0827887	    151766	 0.0827435
      3.85	 0.0827887	    151766	 0.0827435
      3.86	 0.0827887	    151766	 0.0827435
      3.87	 0.0827886	    151766	 0.0827435
      3.88	 0.0827886	    151766	 0.0827435
      3.89	 0.0827886	    151766	 0.0827435
       3.9	 0.0827886	    151765	 0.0827435
      3.91	 0.0827886	    151765	 0.0827435
      3.92	 0.0827885	    151765	 0.0827435
      3.93	 0.0827885	    151765	 0.0827435
      3.94	 0.0827885	    151765	 0.0827435
      3.95	 0.0827885	    151765	 0.0827435
      3.96	 0.0827884	    151765	 0.0827435
      3.97	 0.0827883	    151765	 0.0827435
      3.98	 0.0827882	    151765	 0.0827435
      3.99	 0.0827881	    151765	 0.0827435
         4	  0.082788	    151765	 0.0827435
      4.01	 0.0827879	    151765	 0.0827435
      4.02	 0.0827878	    151765	 0.0827435
      4.03	 0.0827877	    151765	 0.0827435
      4.04	 0.0827876	    151765	 0.0827435
      4.05	 0.0827875	    151765	 0.0827435
      4.06	 0.0827874	    151765	 0.0827435
      4.07	 0.0827873	    151765	 0.0827435
      4.08	 0.0827872	    151765	 0.0827435
      4.09	 0.0827871	    151765	 0.0827435
       4.1	  0.082787	    151765	 0.0827435
      4.11	 0.0827869	    151765	 0.0827435
      4.12	 0.0827868	    151765	 0.0827435
      4.13	 0.0827866	    151765	 0.0827435
      4.14	 0.0827865	    151765	 0.0827435
      4.15	 0.0827863	    151765	 0.0827435
      4.16	 0.0827862	    151765	 0.0827435
      4.17	  0.082786	    151765	 0.0827435
      4.18	 0.0827858	    151765	 0.0827435
      4.19	 0.0827857	    151765	 0.0827435
       4.2	 0.0827855	    151765	 0.0827435
      4.21	 0.0827854	    151765	 0.0827435
      4.22	 0.0827852	    151765	 0.0827435
      4.23	  0.082785	    151765	 0.0827435
      4.24	 0.0827849	    151765	 0.0827435
      4.25	 0.0827847	    151765	 0.0827435
      4.26	 0.0827845	    151765	 0.0827435
      4.27	 0.0827844	    151765	 0.0827435
      4.28	 0.0827842	    151765	 0.0827435
      4.29	 0.0827841	    151765	 0.0827435
       4.3	 0.0827839	    151765	 0.0827435
      4.31	 0.0827837	    151765	 0.0827435
      4.32	 0.0827836	    151765	 0.0827435
      4.33	 0.0827834	    151765	 0.0827435
      4.34	 0.0827832	    151765	 0.0827435
      4.35	 0.0827831	    151765	 0.0827435
      4.36	 0.0827829	    151765	 0.0827435
      4.37	 0.0827828	    151765	 0.0827435
      4.38	 0.0827826	    151765	 0.0827435
      4.39	 0.0827824	    151765	 0.0827435
       4.4	 0.0827823	    151765	 0.0827435
      4.41	 0.0827821	    151765	 0.0827435
      4.42	 0.0827819	    151765	 0.0827435
      4.43	 0.0827818	    151765	 0.0827435
      4.44	 0.0827816	    151765	 0.0827435
      4.45	 0.0827815	    151765	 0.0827435
      4.46	 0.0827813	    151765	 0.0827435
      4.47	 0.0827811	    151765	 0.0827435
      4.48	  0.082781	    151765	 0.0827435
      4.49	 0.0827808	    151765	 0.0827435
       4.5	 0.0827807	    151765	 0.0827435
      4.51	 0.0827805	    151765	 0.0827435
      4.52	 0.0827804	    151765	 0.0827435
      4.53	 0.0827802	    151765	 0.0827435
      4.54	   0.08278	    151765	 0.0827435
      4.55	 0.0827799	    151765	 0.0827435
      4.56	 0.0827797	    151765	 0.0827435
      4.57	 0.0827796	    151765	 0.0827435
      4.58	 0.0827794	    151765	 0.0827435
      4.59	 0.0827792	    151765	 0.0827435
       4.6	 0.0827791	    151765	 0.0827435
      4.61	 0.0827789	    151765	 0.0827435
      4.62	 0.0827788	    151765	 0.0827435
      4.63	 0.0827786	    151765	 0.0827435
      4.64	 0.0827784	    151765	 0.0827435
      4.65	 0.0827783	    151765	 0.0827435
      4.66	 0.0827781	    151765	 0.0827435
      4.67	  0.082778	    151765	 0.0827435
      4.68	 0.0827778	    151765	 0.0827435
      4.69	 0.0827777	    151765	 0.0827435
       4.7	 0.0827775	    151765	 0.0827435
      4.71	 0.0827773	    151765	 0.0827435
      4.72	 0.0827772	    151765	 0.0827435
      4.73	  0.082777	    151765	 0.0827435
      4.74	 0.0827769	    151765	 0.0827435
      4.75	 0.0827767	    151765	 0.0827435
      4.76	 0.0827765	    151765	 0.0827435
      4.77	 0.0827764	    151765	 0.0827435
      4.78	 0.0827762	    151765	 0.0827435
      4.79	 0.0827761	    151765	 0.0827435
       4.8	 0.0827759	    151765	 0.0827435
      4.81	 0.0827758	    151765	 0.0827435
      4.82	 0.0827756	    151765	 0.0827435
      4.83	 0.0827754	    151765	 0.0827435
      4.84	 0.0827753	    151765	 0.0827435
      4.85	 0.0827751	    151765	 0.0827435
      4.86	  0.082775	    151765	 0.0827435
      4.87	 0.0827749	    151765	 0.0827435
      4.88	 0.0827748	    151765	 0.0827435
      4.89	 0.0827747	    151765	 0.0827435
       4.9	 0.0827746	    151765	 0.0827435
      4.91	 0.0827745	    151765	 0.0827435
      4.92	 0.0827744	    151765	 0.0827435
      4.93	 0.0827743	    151765	 0.0827435
      4.94	 0.0827742	    151765	 0.0827435
      4.95	 0.0827741	    151765	 0.0827435
      4.96	  0.082774	    151765	 0.0827435
      4.97	 0.0827739	    151765	 0.0827435
      4.98	 0.0827738	    151765	 0.0827435
      4.99	 0.0827738	    151765	 0.0827435
         5	 0.0827737	    151765	 0.0827435
      5.01	 0.0827736	    151765	 0.0827435
      5.02	 0.0827735	    151765	 0.0827435
      5.03	 0.0827734	    151765	 0.0827435
      5.04	 0.0827733	    151765	 0.0827435
      5.05	 0.0827732	    151765	 0.0827435
      5.06	 0.0827731	    151765	 0.0827435
      5.07	  0.082773	    151765	 0.0827435
      5.08	 0.0827729	    151765	 0.0827435
      5.09	 0.0827728	    151765	 0.0827435
       5.1	 0.0827727	    151765	 0.0827435
      5.11	 0.0827726	    151764	 0.0827435
      5.12	 0.0827726	    151764	 0.0827435
      5.13	 0.0827725	    151764	 0.0827435
      5.14	 0.0827724	    151764	 0.0827435
      5.15	 0.0827723	    151764	 0.0827435
      5.16	 0.0827723	    151764	 0.0827435
      5.17	 0.0827723	    151764	 0.0827435
      5.18	 0.0827722	    151764	 0.0827435
      5.19	 0.0827722	    151764	 0.0827435
       5.2	 0.0827722	    151764	 0.0827435
      5.21	 0.0827722	    151764	 0.0827435
      5.22	 0.0827721	    151764	 0.0827435
      5.23	 0.0827721	    151763	 0.0827435
      5.24	 0.0827721	    151763	 0.0827435
      5.25	  0.082772	    151763	 0.0827435
      5.26	  0.082772	    151763	 0.0827435
      5.27	  0.082772	    151763	 0.0827435
      5.28	 0.0827719	    151763	 0.0827435
      5.29	 0.0827719	    151763	 0.0827435
       5.3	 0.0827719	    151763	 0.0827435
      5.31	 0.0827718	    151763	 0.0827435
      5.32	 0.0827718	    151763	 0.0827435
      5.33	 0.0827718	    151763	 0.0827435
      5.34	 0.0827718	    151763	 0.0827435
      5.35	 0.0827717	    151762	 0.0827435
      5.36	 0.0827717	    151762	 0.0827435
      5.37	 0.0827717	    151762	 0.0827435
      5.38	 0.0827716	    151762	 0.0827435
      5.39	 0.0827716	    151762	 0.0827435
       5.4	 0.0827716	    151762	 0.0827435
      5.41	 0.0827715	    151762	 0.0827435
      5.42	 0.0827716	    151762	 0.0827435
      5.43	 0.0827716	    151762	 0.0827435
      5.44	 0.0827716	    151762	 0.0827435
      5.45	 0.0827716	    151762	 0.0827435
      5.46	 0.0827717	    151761	 0.0827435
      5.47	 0.0827717	    151761	 0.0827435
      5.48	 0.0827717	    151761	 0.0827435
      5.49	 0.0827717	    151761	 0.0827435
       5.5	 0.0827717	    151761	 0.0827435
      5.51	 0.0827718	    151761	 0.0827435
      5.52	 0.0827718	    151761	 0.0827435
      5.53	 0.0827718	    151761	 0.0827435
      5.54	 0.0827718	    151761	 0.0827435
      5.55	 0.0827718	    151761	 0.0827435
      5.56	 0.0827719	    151761	 0.0827435
      5.57	 0.0827719	    151760	 0.0827435
      5.58	 0.0827719	    151760	 0.0827435
      5.59	 0.0827719	    151760	 0.0827435
       5.6	  0.082772	    151760	 0.0827435
      5.61	  0.082772	    151760	 0.0827435
      5.62	  0.082772	    151760	 0.0827435
      5.63	  0.082772	    151760	 0.0827435
      5.64	  0.082772	    151760	 0.0827435
      5.65	 0.0827721	    151760	 0.0827435
      5.66	 0.0827721	    151760	 0.0827435
      5.67	 0.0827721	    151759	 0.0827435
      5.68	 0.0827721	    151759	 0.0827435
      5.69	 0.0827722	    151759	 0.0827435
       5.7	 0.0827722	    151759	 0.0827435
      5.71	 0.0827722	    151759	 0.0827435
      5.72	 0.0827722	    151759	 0.0827435
      5.73	 0.0827722	    151759	 0.0827435
      5.74	 0.0827723	    151759	 0.0827435
      5.75	 0.0827723	    151759	 0.0827435
      5.76	 0.0827723	    151758	 0.0827435
      5.77	 0.0827724	    151758	 0.0827435
      5.78	 0.0827724	    151758	 0.0827435
      5.79	 0.0827724	    151758	 0.0827435
       5.8	 0.0827725	    151758	 0.0827435
      5.81	 0.0827725	    151758	 0.0827435
      5.82	 0.0827725	    151758	 0.0827435
      5.83	 0.0827726	    151758	 0.0827435
      5.84	 0.0827726	    151758	 0.0827435
      5.85	 0.0827726	    151758	 0.0827435
      5.86	 0.0827727	    151757	 0.0827435
      5.87	 0.0827727	    151757	 0.0827435
      5.88	 0.0827727	    151757	 0.0827435
      5.89	 0.0827728	    151757	 0.0827435
       5.9	 0.0827728	    151757	 0.0827435
      5.91	 0.0827728	    151757	 0.0827435
      5.92	 0.0827729	    151757	 0.0827435
      5.93	 0.0827729	    151757	 0.0827435
      5.94	 0.0827729	    151757	 0.0827435
      5.95	  0.082773	    151757	 0.0827435
      5.96	  0.082773	    151756	 0.0827435
      5.97	  0.082773	    151756	 0.0827435
      5.98	 0.0827731	    151756	 0.0827435
      5.99	 0.0827731	    151756	 0.0827435
         6	 0.0827731	    151756	 0.0827435
      6.01	 0.0827732	    151756	 0.0827435
      6.02	 0.0827732	    151756	 0.0827435
      6.03	 0.0827732	    151756	 0.0827435
      6.04	 0.0827733	    151756	 0.0827435
      6.05	 0.0827733	    151756	 0.0827435
      6.06	 0.0827733	    151755	 0.0827435
      6.07	 0.0827734	    151755	 0.0827435
      6.08	 0.0827734	    151755	 0.0827435
      6.09	 0.0827734	    151755	 0.0827435
       6.1	 0.0827735	    151755	 0.0827435
      6.11	 0.0827735	    151755	 0.0827435
      6.12	 0.0827735	    151755	 0.0827435
      6.13	 0.0827736	    151755	 0.0827435
      6.14	 0.0827736	    151755	 0.0827435
      6.15	 0.0827736	    151754	 0.0827435
      6.16	 0.0827737	    151754	 0.0827435
      6.17	 0.0827737	    151754	 0.0827435
      6.18	 0.0827737	    151754	 0.0827435
      6.19	 0.0827738	    151754	 0.0827435
       6.2	 0.0827738	    151754	 0.0827435
      6.21	 0.0827738	    151754	 0.0827435
      6.22	 0.0827739	    151754	 0.0827435
      6.23	 0.0827739	    151754	 0.0827435
      6.24	 0.0827739	    151754	 0.0827435
      6.25	  0.082774	    151753	 0.0827435
      6.26	  0.082774	    151753	 0.0827435
      6.27	  0.082774	    151753	 0.0827435
      6.28	 0.0827741	    151753	 0.0827435
      6.29	 0.0827741	    151753	 0.0827435
       6.3	 0.0827741	    151753	 0.0827435
      6.31	 0.0827742	    151753	 0.0827435
      6.32	 0.0827742	    151753	 0.0827435
      6.33	 0.0827742	    151753	 0.0827435
      6.34	 0.0827743	    151753	 0.0827435
      6.35	 0.0827743	    151752	 0.0827435
      6.36	 0.0827743	    151752	 0.0827435
      6.37	 0.0827744	    151752	 0.0827435
      6.38	 0.0827744	    151752	 0.0827435
      6.39	 0.0827744	    151752	 0.0827435
       6.4	 0.0827745	    151752	 0.0827435
      6.41	 0.0827745	    151752	 0.0827435
      6.42	 0.0827745	    151752	 0.0827435
      6.43	 0.0827746	    151752	 0.0827435
      6.44	 0.0827746	    151751	 0.0827435
      6.45	 0.0827746	    151751	 0.0827435
      6.46	 0.0827747	    151751	 0.0827435
      6.47	 0.0827747	    151751	 0.0827435
      6.48	 0.0827747	    151751	 0.0827435
      6.49	 0.0827748	    151751	 0.0827435
       6.5	 0.0827748	    151751	 0.0827435
      6.51	 0.0827748	    151751	 0.0827435
      6.52	 0.0827749	    151751	 0.0827435
      6.53	 0.0827749	    151751	 0.0827435
      6.54	 0.0827749	    151750	 0.0827435
      6.55	  0.082775	    151750	 0.0827435
      6.56	  0.082775	    151750	 0.0827435
      6.57	  0.082775	    151750	 0.0827435
      6.58	  0.082775	    151750	 0.0827435
      6.59	 0.0827751	    151750	 0.0827435
       6.6	 0.0827751	    151750	 0.0827435
      6.61	 0.0827751	    151750	 0.0827435
      6.62	 0.0827752	    151750	 0.0827435
      6.63	 0.0827752	    151750	 0.0827435
      6.64	 0.0827752	    151749	 0.0827435
      6.65	 0.0827753	    151749	 0.0827435
      6.66	 0.0827753	    151749	 0.0827435
      6.67	 0.0827753	    151749	 0.0827435
      6.68	 0.0827754	    151749	 0.0827435
      6.69	 0.0827754	    151749	 0.0827435
       6.7	 0.0827754	    151749	 0.0827435
      6.71	 0.0827755	    151749	 0.0827435
      6.72	 0.0827755	    151749	 0.0827435
      6.73	 0.0827755	    151749	 0.0827435
      6.74	 0.0827756	    151748	 0.0827435
      6.75	 0.0827756	    151748	 0.0827435
      6.76	 0.0827756	    151748	 0.0827435
      6.77	 0.0827757	    151748	 0.0827435
      6.78	 0.0827757	    151748	 0.0827435
      6.79	 0.0827757	    151748	 0.0827435
       6.8	 0.0827758	    151748	 0.0827435
      6.81	 0.0827758	    151748	 0.0827435
      6.82	 0.0827758	    151748	 0.0827435
      6.83	 0.0827759	    151747	 0.0827435
      6.84	 0.0827759	    151747	 0.0827435
      6.85	 0.0827759	    151747	 0.0827435
      6.86	  0.082776	    151747	 0.0827435
      6.87	  0.082776	    151747	 0.0827435
      6.88	  0.082776	    151747	 0.0827435
      6.89	 0.0827761	    151747	 0.0827435
       6.9	 0.0827761	    151747	 0.0827435
      6.91	 0.0827761	    151747	 0.0827435
      6.92	 0.0827762	    151747	 0.0827435
      6.93	 0.0827762	    151746	 0.0827435
      6.94	 0.0827762	    151746	 0.0827435
      6.95	 0.0827762	    151746	 0.0827435
      6.96	 0.0827762	    151746	 0.0827435
      6.97	 0.0827761	    151746	 0.0827435
      6.98	 0.0827761	    151746	 0.0827435
      6.99	 0.0827761	    151746	 0.0827435
         7	 0.0827761	    151746	 0.0827435
      7.01	 0.0827761	    151746	 0.0827435
      7.02	 0.0827761	    151746	 0.0827435
      7.03	  0.082776	    151745	 0.0827435
      7.04	  0.082776	    151745	 0.0827435
      7.05	  0.082776	    151745	 0.0827435
      7.06	  0.082776	    151745	 0.0827435
      7.07	  0.082776	    151745	 0.0827435
      7.08	  0.082776	    151745	 0.0827435
      7.09	 0.0827759	    151745	 0.0827435
       7.1	 0.0827759	    151745	 0.0827435
      7.11	 0.0827759	    151745	 0.0827435
      7.12	 0.0827759	    151744	 0.0827435
      7.13	 0.0827759	    151744	 0.0827435
      7.14	 0.0827759	    151744	 0.0827435
      7.15	 0.0827759	    151744	 0.0827435
      7.16	 0.0827758	    151744	 0.0827435
      7.17	 0.0827758	    151744	 0.0827435
      7.18	 0.0827758	    151744	 0.0827435
      7.19	 0.0827758	    151744	 0.0827435
       7.2	 0.0827758	    151744	 0.0827435
      7.21	 0.0827758	    151744	 0.0827435
      7.22	 0.0827757	    151743	 0.0827435
      7.23	 0.0827757	    151743	 0.0827435
      7.24	 0.0827757	    151743	 0.0827435
      7.25	 0.0827757	    151743	 0.0827435
      7.26	 0.0827757	    151743	 0.0827435
      7.27	 0.0827757	    151743	 0.0827435
      7.28	 0.0827756	    151743	 0.0827435
      7.29	 0.0827756	    151743	 0.0827435
       7.3	 0.0827756	    151743	 0.0827435
      7.31	 0.0827756	    151743	 0.0827435
      7.32	 0.0827756	    151742	 0.0827435
      7.33	 0.0827756	    151742	 0.0827435
      7.34	 0.0827755	    151742	 0.0827435
      7.35	 0.0827755	    151742	 0.0827435
      7.36	 0.0827755	    151742	 0.0827435
      7.37	 0.0827755	    151742	 0.0827435
      7.38	 0.0827755	    151742	 0.0827435
      7.39	 0.0827755	    151742	 0.0827435
       7.4	 0.0827754	    151742	 0.0827435
      7.41	 0.0827754	    151742	 0.0827435
      7.42	 0.0827754	    151741	 0.0827435
      7.43	 0.0827754	    151741	 0.0827435
      7.44	 0.0827754	    151741	 0.0827435
      7.45	 0.0827754	    151741	 0.0827435
      7.46	 0.0827753	    151741	 0.0827435
      7.47	 0.0827753	    151741	 0.0827435
      7.48	 0.0827753	    151741	 0.0827435
      7.49	 0.0827753	    151741	 0.0827435
       7.5	 0.0827753	    151741	 0.0827435
      7.51	 0.0827753	    151740	 0.0827435
      7.52	 0.0827752	    151740	 0.0827435
      7.53	 0.0827752	    151740	 0.0827435
      7.54	 0.0827752	    151740	 0.0827435
      7.55	 0.0827752	    151740	 0.0827435
      7.56	 0.0827752	    151740	 0.0827435
      7.57	 0.0827751	    151740	 0.0827435
      7.58	 0.0827751	    151740	 0.0827435
      7.59	 0.0827751	    151740	 0.0827435
       7.6	 0.0827751	    151740	 0.0827435
      7.61	 0.0827751	    151739	 0.0827435
      7.62	 0.0827751	    151739	 0.0827435
      7.63	  0.082775	    151739	 0.0827435
      7.64	  0.082775	    151739	 0.0827435
      7.65	  0.082775	    151739	 0.0827435
      7.66	  0.082775	    151739	 0.0827435
      7.67	  0.082775	    151739	 0.0827435
      7.68	 0.0827749	    151739	 0.0827435
      7.69	 0.0827749	    151739	 0.0827435
       7.7	 0.0827749	    151739	 0.0827435
      7.71	 0.0827749	    151738	 0.0827435
      7.72	 0.0827749	    151738	 0.0827435
      7.73	 0.0827748	    151738	 0.0827435
      7.74	 0.0827748	    151738	 0.0827435
      7.75	 0.0827748	    151738	 0.0827435
      7.76	 0.0827748	    151738	 0.0827435
      7.77	 0.0827748	    151738	 0.0827435
      7.78	 0.0827748	    151738	 0.0827435
      7.79	 0.0827747	    151738	 0.0827435
       7.8	 0.0827747	    151738	 0.0827435
      7.81	 0.0827747	    151738	 0.0827435
      7.82	 0.0827747	    151737	 0.0827435
      7.83	 0.0827747	    151737	 0.0827435
      7.84	 0.0827746	    151737	 0.0827435
      7.85	 0.0827746	    151737	 0.0827435
      7.86	 0.0827746	    151737	 0.0827435
      7.87	 0.0827746	    151737	 0.0827435
      7.88	 0.0827746	    151737	 0.0827435
      7.89	 0.0827746	    151737	 0.0827435
       7.9	 0.0827745	    151737	 0.0827435
      7.91	 0.0827745	    151737	 0.0827435
      7.92	 0.0827745	    151737	 0.0827435
      7.93	 0.0827745	    151736	 0.0827435
      7.94	 0.0827745	    151736	 0.0827435
      7.95	 0.0827744	    151736	 0.0827435
      7.96	 0.0827744	    151736	 0.0827435
      7.97	 0.0827744	    151736	 0.0827435
      7.98	 0.0827744	    151736	 0.0827435
      7.99	 0.0827744	    151736	 0.0827435
         8	 0.0827744	    151736	 0.0827435
      8.01	 0.0827743	    151736	 0.0827435
      8.02	 0.0827743	    151736	 0.0827435
      8.03	 0.0827743	    151736	 0.0827435
      8.04	 0.0827743	    151736	 0.0827435
      8.05	 0.0827743	    151735	 0.0827435
      8.06	 0.0827742	    151735	 0.0827435
      8.07	 0.0827742	    151735	 0.0827435
      8.08	 0.0827742	    151735	 0.0827435
      8.09	 0.0827742	    151735	 0.0827435
       8.1	 0.0827742	    151735	 0.0827435
      8.11	 0.0827742	    151735	 0.0827435
      8.12	 0.0827741	    151735	 0.0827435
      8.13	 0.0827741	    151735	 0.0827435
      8.14	 0.0827741	    151735	 0.0827435
      8.15	 0.0827741	    151735	 0.0827435
      8.16	 0.0827741	    151735	 0.0827435
      8.17	  0.082774	    151734	 0.0827435
      8.18	  0.082774	    151734	 0.0827435
      8.19	  0.082774	    151734	 0.0827435
       8.2	  0.082774	    151734	 0.0827435
      8.21	  0.082774	    151734	 0.0827435
      8.22	 0.0827739	    151734	 0.0827435
      8.23	 0.0827739	    151734	 0.0827435
      8.24	 0.0827739	    151734	 0.0827435
      8.25	 0.0827739	    151734	 0.0827435
      8.26	 0.0827739	    151734	 0.0827435
      8.27	 0.0827739	    151734	 0.0827435
      8.28	 0.0827738	    151734	 0.0827435
      8.29	 0.0827738	    151733	 0.0827435
       8.3	 0.0827738	    151733	 0.0827435
      8.31	 0.0827738	    151733	 0.0827435
      8.32	 0.0827738	    151733	 0.0827435
      8.33	 0.0827737	    151733	 0.0827435
      8.34	 0.0827737	    151733	 0.0827435
      8.35	 0.0827737	    151733	 0.0827435
      8.36	 0.0827737	    151733	 0.0827435
      8.37	 0.0827737	    151733	 0.0827435
      8.38	 0.0827737	    151733	 0.0827435
      8.39	 0.0827736	    151733	 0.0827435
       8.4	 0.0827736	    151733	 0.0827435
      8.41	 0.0827736	    151732	 0.0827435
      8.42	 0.0827736	    151732	 0.0827435
      8.43	 0.0827736	    151732	 0.0827435
      8.44	 0.0827735	    151732	 0.0827435
      8.45	 0.0827735	    151732	 0.0827435
      8.46	 0.0827735	    151732	 0.0827435
      8.47	 0.0827735	    151732	 0.0827435
      8.48	 0.0827735	    151732	 0.0827435
      8.49	 0.0827735	    151732	 0.0827435
       8.5	 0.0827734	    151732	 0.0827435
      8.51	 0.0827734	    151732	 0.0827435
      8.52	 0.0827734	    151732	 0.0827435
      8.53	 0.0827734	    151731	 0.0827435
      8.54	 0.0827734	    151731	 0.0827435
      8.55	 0.0827733	    151731	 0.0827435
      8.56	 0.0827733	    151731	 0.0827435
      8.57	 0.0827733	    151731	 0.0827435
      8.58	 0.0827733	    151731	 0.0827435
      8.59	 0.0827733	    151731	 0.0827435
       8.6	 0.0827733	    151731	 0.0827435
      8.61	 0.0827732	    151731	 0.0827435
      8.62	 0.0827732	    151731	 0.0827435
      8.63	 0.0827732	    151731	 0.0827435
      8.64	 0.0827732	    151731	 0.0827435
      8.65	 0.0827732	    151730	 0.0827435
      8.66	 0.0827731	    151730	 0.0827435
      8.67	 0.0827731	    151730	 0.0827435
      8.68	 0.0827731	    151730	 0.0827435
      8.69	 0.0827731	    151730	 0.0827435
       8.7	 0.0827731	    151730	 0.0827435
      8.71	 0.0827731	    151730	 0.0827435
      8.72	 0.0827731	    151730	 0.0827435
      8.73	 0.0827731	    151730	 0.0827435
      8.74	 0.0827731	    151730	 0.0827435
      8.75	  0.082773	    151730	 0.0827435
      8.76	  0.082773	    151730	 0.0827435
      8.77	  0.082773	    151729	 0.0827435
      8.78	  0.082773	    151729	 0.0827435
      8.79	  0.082773	    151729	 0.0827435
       8.8	  0.082773	    151729	 0.0827435
      8.81	  0.082773	    151729	 0.0827435
      8.82	  0.082773	    151729	 0.0827435
      8.83	  0.082773	    151729	 0.0827435
      8.84	  0.082773	    151729	 0.0827435
      8.85	  0.082773	    151729	 0.0827435
      8.86	  0.082773	    151729	 0.0827435
      8.87	  0.082773	    151729	 0.0827435
      8.88	  0.082773	    151729	 0.0827435
      8.89	 0.0827729	    151728	 0.0827435
       8.9	 0.0827729	    151728	 0.0827435
      8.91	 0.0827729	    151728	 0.0827435
      8.92	 0.0827729	    151728	 0.0827435
      8.93	 0.0827729	    151728	 0.0827435
      8.94	 0.0827729	    151728	 0.0827435
      8.95	 0.0827729	    151728	 0.0827435
      8.96	 0.0827729	    151728	 0.0827435
      8.97	 0.0827729	    151728	 0.0827435
      8.98	 0.0827729	    151728	 0.0827435
      8.99	 0.0827729	    151728	 0.0827435
         9	 0.0827729	    151728	 0.0827435
      9.01	 0.0827729	    151727	 0.0827435
      9.02	 0.0827729	    151727	 0.0827435
      9.03	 0.0827729	    151727	 0.0827435
      9.04	 0.0827728	    151727	 0.0827435
      9.05	 0.0827728	    151727	 0.0827435
      9.06	 0.0827728	    151727	 0.0827435
      9.07	 0.0827728	    151727	 0.0827435
      9.08	 0.0827728	    151727	 0.0827435
      9.09	 0.0827728	    151727	 0.0827435
       9.1	 0.0827728	    151727	 0.0827435
      9.11	 0.0827728	    151727	 0.0827435
      9.12	 0.0827728	    151727	 0.0827435
      9.13	 0.0827728	    151726	 0.0827435
      9.14	 0.0827728	    151726	 0.0827435
      9.15	 0.0827728	    151726	 0.0827435
      9.16	 0.0827728	    151726	 0.0827435
      9.17	 0.0827728	    151726	 0.0827435
      9.18	 0.0827728	    151726	 0.0827435
      9.19	 0.0827727	    151726	 0.0827435
       9.2	 0.0827727	    151726	 0.0827435
      9.21	 0.0827727	    151726	 0.0827435
      9.22	 0.0827727	    151726	 0.0827435
      9.23	 0.0827727	    151726	 0.0827435
      9.24	 0.0827727	    151726	 0.0827435
      9.25	 0.0827727	    151725	 0.0827435
      9.26	 0.0827727	    151725	 0.0827435
      9.27	 0.0827727	    151725	 0.0827435
      9.28	 0.0827727	    151725	 0.0827435
      9.29	 0.0827727	    151725	 0.0827435
       9.3	 0.0827727	    151725	 0.0827435
      9.31	 0.0827727	    151725	 0.0827435
      9.32	 0.0827727	    151725	 0.0827435
      9.33	 0.0827726	    151725	 0.0827435
      9.34	 0.0827726	    151725	 0.0827435
      9.35	 0.0827726	    151725	 0.0827435
      9.36	 0.0827726	    151725	 0.0827435
      9.37	 0.0827726	    151724	 0.0827435
      9.38	 0.0827726	    151724	 0.0827435
      9.39	 0.0827726	    151724	 0.0827435
       9.4	 0.0827726	    151724	 0.0827435
      9.41	 0.0827726	    151724	 0.0827435
      9.42	 0.0827726	    151724	 0.0827435
      9.43	 0.0827726	    151724	 0.0827435
      9.44	 0.0827726	    151724	 0.0827435
      9.45	 0.0827726	    151724	 0.0827435
      9.46	 0.0827726	    151724	 0.0827435
      9.47	 0.0827726	    151724	 0.0827435
      9.48	 0.0827725	    151724	 0.0827435
      9.49	 0.0827725	    151723	 0.0827435
       9.5	 0.0827725	    151723	 0.0827435
      9.51	 0.0827725	    151723	 0.0827435
      9.52	 0.0827725	    151723	 0.0827435
      9.53	 0.0827725	    151723	 0.0827435
      9.54	 0.0827725	    151723	 0.0827435
      9.55	 0.0827725	    151723	 0.0827435
      9.56	 0.0827725	    151723	 0.0827435
      9.57	 0.0827725	    151723	 0.0827435
      9.58	 0.0827725	    151723	 0.0827435
      9.59	 0.0827725	    151723	 0.0827435
       9.6	 0.0827725	    151723	 0.0827435
      9.61	 0.0827725	    151722	 0.0827435
      9.62	 0.0827725	    151722	 0.0827435
      9.63	 0.0827724	    151722	 0.0827435
      9.64	 0.0827724	    151722	 0.0827435
      9.65	 0.0827724	    151722	 0.0827435
      9.66	 0.0827724	    151722	 0.0827435
      9.67	 0.0827724	    151722	 0.0827435
      9.68	 0.0827724	    151722	 0.0827435
      9.69	 0.0827724	    151722	 0.0827435
       9.7	 0.0827724	    151722	 0.0827435
      9.71	 0.0827724	    151722	 0.0827435
      9.72	 0.0827724	    151722	 0.0827435
      9.73	 0.0827724	    151721	 0.0827435
      9.74	 0.0827724	    151721	 0.0827435
      9.75	 0.0827724	    151721	 0.0827435
      9.76	 0.0827724	    151721	 0.0827435
      9.77	 0.0827723	    151721	 0.0827435
      9.78	 0.0827723	    151721	 0.0827435
      9.79	 0.0827723	    151721	 0.0827435
       9.8	 0.0827723	    151721	 0.0827435
      9.81	 0.0827723	    151721	 0.0827435
      9.82	 0.0827723	    151721	 0.0827435
      9.83	 0.0827723	    151721	 0.0827435
      9.84	 0.0827723	    151721	 0.0827435
      9.85	 0.0827723	    151721	 0.0827435
      9.86	 0.0827723	    151720	 0.0827435
      9.87	 0.0827723	    151720	 0.0827435
      9.88	 0.0827723	    151720	 0.0827435
      9.89	 0.0827723	    151720	 0.0827435
       9.9	 0.0827723	    151720	 0.0827435
      9.91	 0.0827723	    151720	 0.0827435
      9.92	 0.0827722	    151720	 0.0827435
      9.93	 0.0827722	    151720	 0.0827435
      9.94	 0.0827722	    151720	 0.0827435
      9.95	 0.0827722	    151720	 0.0827435
      9.96	 0.0827722	    151720	 0.0827435
      9.97	 0.0827722	    151720	 0.0827435
      9.98	 0.0827722	    151720	 0.0827435
      9.99	 0.0827722	    151719	 0.0827435
        10	 0.0827722	    151719	 0.0827435
     10.01	 0.0827722	    151719	 0.0827435
     10.02	 0.0827722	    151719	 0.0827435
     10.03	 0.0827722	    151719	 0.0827435
     10.04	 0.0827722	    151719	 0.0827435
     10.05	 0.0827722	    151719	 0.0827435
     10.06	 0.0827722	    151719	 0.0827435
     10.07	 0.0827721	    151719	 0.0827435
     10.08	 0.0827721	    151719	 0.0827435
     10.09	 0.0827721	    151719	 0.0827435
      10.1	 0.0827721	    151719	 0.0827435
     10.11	 0.0827721	    151718	 0.0827435
     10.12	 0.0827721	    151718	 0.0827435
     10.13	 0.0827721	    151718	 0.0827435
     10.14	 0.0827721	    151718	 0.0827435
     10.15	 0.0827721	    151718	 0.0827435
     10.16	 0.0827721	    151718	 0.0827435
     10.17	 0.0827721	    151718	 0.0827435
     10.18	 0.0827721	    151718	 0.0827435
     10.19	 0.0827721	    151718	 0.0827435
      10.2	 0.0827721	    151718	 0.0827435
     10.21	  0.082772	    151718	 0.0827435
     10.22	  0.082772	    151718	 0.0827435
     10.23	  0.082772	    151718	 0.0827435
     10.24	  0.082772	    151717	 0.0827435
     10.25	  0.082772	    151717	 0.0827435
     10.26	  0.082772	    151717	 0.0827435
     10.27	  0.082772	    151717	 0.0827435
     10.28	  0.082772	    151717	 0.0827435
     10.29	  0.082772	    151717	 0.0827435
      10.3	  0.082772	    151717	 0.0827435
     10.31	  0.082772	    151717	 0.0827435
     10.32	  0.082772	    151717	 0.0827435
     10.33	  0.082772	    151717	 0.0827435
     10.34	  0.082772	    151717	 0.0827435
     10.35	  0.082772	    151717	 0.0827435
     10.36	 0.0827719	    151716	 0.0827435
     10.37	 0.0827719	    151716	 0.0827435
     10.38	 0.0827719	    151716	 0.0827435
     10.39	 0.0827719	    151716	 0.0827435
      10.4	 0.0827719	    151716	 0.0827435
     10.41	 0.0827719	    151716	 0.0827435
     10.42	 0.0827719	    151716	 0.0827435
     10.43	 0.0827719	    151716	 0.0827435
     10.44	 0.0827719	    151716	 0.0827435
     10.45	 0.0827719	    151716	 0.0827435
     10.46	 0.0827719	    151716	 0.0827435
     10.47	 0.0827719	    151716	 0.0827435
     10.48	 0.0827719	    151716	 0.0827435
     10.49	 0.0827719	    151715	 0.0827435
      10.5	 0.0827718	    151715	 0.0827435
     10.51	 0.0827718	    151715	 0.0827435
     10.52	 0.0827718	    151715	 0.0827435
     10.53	 0.0827718	    151715	 0.0827435
     10.54	 0.0827718	    151715	 0.0827435
     10.55	 0.0827718	    151715	 0.0827435
     10.56	 0.0827718	    151715	 0.0827435
     10.57	 0.0827718	    151715	 0.0827435
     10.58	 0.0827718	    151715	 0.0827435
     10.59	 0.0827718	    151715	 0.0827435
      10.6	 0.0827718	    151715	 0.0827435
     10.61	 0.0827718	    151715	 0.0827435
     10.62	 0.0827718	    151714	 0.0827435
     10.63	 0.0827718	    151714	 0.0827435
     10.64	 0.0827718	    151714	 0.0827435
     10.65	 0.0827717	    151714	 0.0827435
     10.66	 0.0827717	    151714	 0.0827435
     10.67	 0.0827717	    151714	 0.0827435
     10.68	 0.0827717	    151714	 0.0827435
     10.69	 0.0827717	    151714	 0.0827435
      10.7	 0.0827717	    151714	 0.0827435
     10.71	 0.0827717	    151714	 0.0827435
     10.72	 0.0827717	    151714	 0.0827435
     10.73	 0.0827717	    151714	 0.0827435
     10.74	 0.0827717	    151713	 0.0827435
     10.75	 0.0827717	    151713	 0.0827435
     10.76	 0.0827717	    151713	 0.0827435
     10.77	 0.0827717	    151713	 0.0827435
     10.78	 0.0827717	    151713	 0.0827435
     10.79	 0.0827717	    151713	 0.0827435
      10.8	 0.0827716	    151713	 0.0827435
     10.81	 0.0827716	    151713	 0.0827435
     10.82	 0.0827716	    151713	 0.0827435
     10.83	 0.0827716	    151713	 0.0827435
     10.84	 0.0827716	    151713	 0.0827435
     10.85	 0.0827716	    151713	 0.0827435
     10.86	 0.0827716	    151713	 0.0827435
     10.87	 0.0827716	    151712	 0.0827435
     10.88	 0.0827716	    151712	 0.0827435
     10.89	 0.0827716	    151712	 0.0827435
      10.9	 0.0827716	    151712	 0.0827435
     10.91	 0.0827716	    151712	 0.0827435
     10.92	 0.0827716	    151712	 0.0827435
     10.93	 0.0827716	    151712	 0.0827435
     10.94	 0.0827715	    151712	 0.0827435
     10.95	 0.0827715	    151712	 0.0827435
     10.96	 0.0827715	    151712	 0.0827435
     10.97	 0.0827715	    151712	 0.0827435
     10.98	 0.0827715	    151712	 0.0827435
     10.99	 0.0827715	    151711	 0.0827435
        11	 0.0827715	    151711	 0.0827435
     11.01	 0.0827715	    151711	 0.0827435
     11.02	 0.0827715	    151711	 0.0827435
     11.03	 0.0827715	    151711	 0.0827435
     11.04	 0.0827715	    151711	 0.0827435
     11.05	 0.0827715	    151711	 0.0827435
     11.06	 0.0827715	    151711	 0.0827435
     11.07	 0.0827715	    151711	 0.0827435
     11.08	 0.0827715	    151711	 0.0827435
     11.09	 0.0827714	    151711	 0.0827435
      11.1	 0.0827714	    151711	 0.0827435
     11.11	 0.0827714	    151711	 0.0827435
     11.12	 0.0827714	    151710	 0.0827435
     11.13	 0.0827714	    151710	 0.0827435
     11.14	 0.0827714	    151710	 0.0827435
     11.15	 0.0827714	    151710	 0.0827435
     11.16	 0.0827714	    151710	 0.0827435
     11.17	 0.0827714	    151710	 0.0827435
     11.18	 0.0827714	    151710	 0.0827435
     11.19	 0.0827714	    151710	 0.0827435
      11.2	 0.0827714	    151710	 0.0827435
     11.21	 0.0827714	    151710	 0.0827435
     11.22	 0.0827714	    151710	 0.0827435
     11.23	 0.0827714	    151710	 0.0827435
     11.24	 0.0827713	    151710	 0.0827435
     11.25	 0.0827713	    151709	 0.0827435
     11.26	 0.0827713	    151709	 0.0827435
     11.27	 0.0827713	    151709	 0.0827435
     11.28	 0.0827713	    151709	 0.0827435
     11.29	 0.0827713	    151709	 0.0827435
      11.3	 0.0827713	    151709	 0.0827435
     11.31	 0.0827713	    151709	 0.0827435
     11.32	 0.0827713	    151709	 0.0827435
     11.33	 0.0827713	    151709	 0.0827435
     11.34	 0.0827713	    151709	 0.0827435
     11.35	 0.0827713	    151709	 0.0827435
     11.36	 0.0827713	    151709	 0.0827435
     11.37	 0.0827713	    151708	 0.0827435
     11.38	 0.0827712	    151708	 0.0827435
     11.39	 0.0827712	    151708	 0.0827435
      11.4	 0.0827712	    151708	 0.0827435
     11.41	 0.0827712	    151708	 0.0827435
     11.42	 0.0827712	    151708	 0.0827435
     11.43	 0.0827712	    151708	 0.0827435
     11.44	 0.0827712	    151708	 0.0827435
     11.45	 0.0827712	    151708	 0.0827435
     11.46	 0.0827712	    151708	 0.0827435
     11.47	 0.0827712	    151708	 0.0827435
     11.48	 0.0827712	    151708	 0.0827435
     11.49	 0.0827712	    151708	 0.0827435
      11.5	 0.0827712	    151707	 0.0827435
     11.51	 0.0827712	    151707	 0.0827435
     11.52	 0.0827712	    151707	 0.0827435
     11.53	 0.0827711	    151707	 0.0827435
     11.54	 0.0827711	    151707	 0.0827435
     11.55	 0.0827711	    151707	 0.0827435
     11.56	 0.0827711	    151707	 0.0827435
     11.57	 0.0827711	    151707	 0.0827435
     11.58	 0.0827711	    151707	 0.0827435
     11.59	 0.0827711	    151707	 0.0827435
      11.6	 0.0827711	    151707	 0.0827435
     11.61	 0.0827711	    151707	 0.0827435
     11.62	 0.0827711	    151706	 0.0827435
     11.63	 0.0827711	    151706	 0.0827435
     11.64	 0.0827711	    151706	 0.0827435
     11.65	 0.0827711	    151706	 0.0827435
     11.66	 0.0827711	    151706	 0.0827435
     11.67	 0.0827711	    151706	 0.0827435
     11.68	  0.082771	    151706	 0.0827435
     11.69	  0.082771	    151706	 0.0827435
      11.7	  0.082771	    151706	 0.0827435
     11.71	  0.082771	    151706	 0.0827435
     11.72	  0.082771	    151706	 0.0827435
     11.73	  0.082771	    151706	 0.0827435
     11.74	  0.082771	    151706	 0.0827435
     11.75	  0.082771	    151705	 0.0827435
     11.76	  0.082771	    151705	 0.0827435
     11.77	  0.082771	    151705	 0.0827435
     11.78	  0.082771	    151705	 0.0827435
     11.79	  0.082771	    151705	 0.0827435
      11.8	  0.082771	    151705	 0.0827435
     11.81	  0.082771	    151705	 0.0827435
     11.82	 0.0827709	    151705	 0.0827435
     11.83	 0.0827709	    151705	 0.0827435
     11.84	 0.0827709	    151705	 0.0827435
     11.85	 0.0827709	    151705	 0.0827435
     11.86	 0.0827709	    151705	 0.0827435
     11.87	 0.0827709	    151705	 0.0827435
     11.88	 0.0827709	    151704	 0.0827435
     11.89	 0.0827709	    151704	 0.0827435
      11.9	 0.0827709	    151704	 0.0827435
     11.91	 0.0827709	    151704	 0.0827435
     11.92	 0.0827709	    151704	 0.0827435
     11.93	 0.0827709	    151704	 0.0827435
     11.94	 0.0827709	    151704	 0.0827435
     11.95	 0.0827709	    151704	 0.0827435
     11.96	 0.0827709	    151704	 0.0827435
     11.97	 0.0827708	    151704	 0.0827435
     11.98	 0.0827708	    151704	 0.0827435
     11.99	 0.0827708	    151704	 0.0827435
        12	 0.0827708	    151703	 0.0827435
     12.01	 0.0827708	    151703	 0.0827435
     12.02	 0.0827708	    151703	 0.0827435
     12.03	 0.0827708	    151703	 0.0827435
     12.04	 0.0827708	    151703	 0.0827435
     12.05	 0.0827708	    151703	 0.0827435
     12.06	 0.0827708	    151703	 0.0827435
     12.07	 0.0827708	    151703	 0.0827435
     12.08	 0.0827708	    151703	 0.0827435
     12.09	 0.0827708	    151703	 0.0827435
      12.1	 0.0827708	    151703	 0.0827435
     12.11	 0.0827708	    151703	 0.0827435
     12.12	 0.0827707	    151703	 0.0827435
     12.13	 0.0827707	    151702	 0.0827435
     12.14	 0.0827707	    151702	 0.0827435
     12.15	 0.0827707	    151702	 0.0827435
     12.16	 0.0827707	    151702	 0.0827435
     12.17	 0.0827707	    151702	 0.0827435
     12.18	 0.0827707	    151702	 0.0827435
     12.19	 0.0827707	    151702	 0.0827435
      12.2	 0.0827707	    151702	 0.0827435
     12.21	 0.0827707	    151702	 0.0827435
     12.22	 0.0827707	    151702	 0.0827435
     12.23	 0.0827707	    151702	 0.0827435
     12.24	 0.0827707	    151702	 0.0827435
     12.25	 0.0827707	    151701	 0.0827435
     12.26	 0.0827706	    151701	 0.0827435
     12.27	 0.0827706	    151701	 0.0827435
     12.28	 0.0827706	    151701	 0.0827435
     12.29	 0.0827706	    151701	 0.0827435
      12.3	 0.0827706	    151701	 0.0827435
     12.31	 0.0827706	    151701	 0.0827435
     12.32	 0.0827706	    151701	 0.0827435
     12.33	 0.0827706	    151701	 0.0827435
     12.34	 0.0827706	    151701	 0.0827435
     12.35	 0.0827706	    151701	 0.0827435
     12.36	 0.0827706	    151701	 0.0827435
     12.37	 0.0827706	    151701	 0.0827435
     12.38	 0.0827706	    151700	 0.0827435
     12.39	 0.0827706	    151700	 0.0827435
      12.4	 0.0827706	    151700	 0.0827435
     12.41	 0.0827705	    151700	 0.0827435
     12.42	 0.0827705	    151700	 0.0827435
     12.43	 0.0827705	    151700	 0.0827435
     12.44	 0.0827705	    151700	 0.0827435
     12.45	 0.0827705	    151700	 0.0827435
     12.46	 0.0827705	    151700	 0.0827435
     12.47	 0.0827705	    151700	 0.0827435
     12.48	 0.0827705	    151700	 0.0827435
     12.49	 0.0827705	    151700	 0.0827435
      12.5	 0.0827705	    151700	 0.0827435
     12.51	 0.0827705	    151699	 0.0827435
     12.52	 0.0827705	    151699	 0.0827435
     12.53	 0.0827705	    151699	 0.0827435
     12.54	 0.0827705	    151699	 0.0827435
     12.55	 0.0827704	    151699	 0.0827435
     12.56	 0.0827704	    151699	 0.0827435
     12.57	 0.0827704	    151699	 0.0827435
     12.58	 0.0827704	    151699	 0.0827435
     12.59	 0.0827704	    151699	 0.0827435
      12.6	 0.0827704	    151699	 0.0827435
     12.61	 0.0827704	    151699	 0.0827435
     12.62	 0.0827704	    151699	 0.0827435
     12.63	 0.0827704	    151699	 0.0827435
     12.64	 0.0827704	    151698	 0.0827435
     12.65	 0.0827704	    151698	 0.0827435
     12.66	 0.0827704	    151698	 0.0827435
     12.67	 0.0827704	    151698	 0.0827435
     12.68	 0.0827704	    151698	 0.0827435
     12.69	 0.0827704	    151698	 0.0827435
      12.7	 0.0827703	    151698	 0.0827435
     12.71	 0.0827703	    151698	 0.0827435
     12.72	 0.0827703	    151698	 0.0827435
     12.73	 0.0827703	    151698	 0.0827435
     12.74	 0.0827703	    151698	 0.0827435
     12.75	 0.0827703	    151698	 0.0827435
     12.76	 0.0827703	    151698	 0.0827435
     12.77	 0.0827703	    151697	 0.0827435
     12.78	 0.0827703	    151697	 0.0827435
     12.79	 0.0827703	    151697	 0.0827435
      12.8	 0.0827703	    151697	 0.0827435
     12.81	 0.0827703	    151697	 0.0827435
     12.82	 0.0827703	    151697	 0.0827435
     12.83	 0.0827703	    151697	 0.0827435
     12.84	 0.0827703	    151697	 0.0827435
     12.85	 0.0827702	    151697	 0.0827435
     12.86	 0.0827702	    151697	 0.0827435
     12.87	 0.0827702	    151697	 0.0827435
     12.88	 0.0827702	    151697	 0.0827435
     12.89	 0.0827702	    151697	 0.0827435
      12.9	 0.0827702	    151696	 0.0827435
     12.91	 0.0827702	    151696	 0.0827435
     12.92	 0.0827702	    151696	 0.0827435
     12.93	 0.0827702	    151696	 0.0827435
     12.94	 0.0827702	    151696	 0.0827435
     12.95	 0.0827702	    151696	 0.0827435
     12.96	 0.0827702	    151696	 0.0827435
     12.97	 0.0827702	    151696	 0.0827435
     12.98	 0.0827702	    151696	 0.0827435
     12.99	 0.0827701	    151696	 0.0827435
        13	 0.0827701	    151696	 0.0827435
     13.01	 0.0827701	    151696	 0.0827435
     13.02	 0.0827701	    151696	 0.0827435
     13.03	 0.0827701	    151695	 0.0827435
     13.04	 0.0827701	    151695	 0.0827435
     13.05	 0.0827701	    151695	 0.0827435
     13.06	 0.0827701	    151695	 0.0827435
     13.07	 0.0827701	    151695	 0.0827435
     13.08	 0.0827701	    151695	 0.0827435
     13.09	 0.0827701	    151695	 0.0827435
      13.1	 0.0827701	    151695	 0.0827435
     13.11	 0.0827701	    151695	 0.0827435
     13.12	 0.0827701	    151695	 0.0827435
     13.13	 0.0827701	    151695	 0.0827435
     13.14	   0.08277	    151695	 0.0827435
     13.15	   0.08277	    151695	 0.0827435
     13.16	   0.08277	    151694	 0.0827435
     13.17	   0.08277	    151694	 0.0827435
     13.18	   0.08277	    151694	 0.0827435
     13.19	   0.08277	    151694	 0.0827435
      13.2	   0.08277	    151694	 0.0827435
     13.21	   0.08277	    151694	 0.0827435
     13.22	   0.08277	    151694	 0.0827435
     13.23	   0.08277	    151694	 0.0827435
     13.24	   0.08277	    151694	 0.0827435
     13.25	   0.08277	    151694	 0.0827435
     13.26	   0.08277	    151694	 0.0827435
     13.27	   0.08277	    151694	 0.0827435
     13.28	   0.08277	    151694	 0.0827435
     13.29	 0.0827699	    151693	 0.0827435
      13.3	 0.0827699	    151693	 0.0827435
     13.31	 0.0827699	    151693	 0.0827435
     13.32	 0.0827699	    151693	 0.0827435
     13.33	 0.0827699	    151693	 0.0827435
     13.34	 0.0827699	    151693	 0.0827435
     13.35	 0.0827699	    151693	 0.0827435
     13.36	 0.0827699	    151693	 0.0827435
     13.37	 0.0827699	    151693	 0.0827435
     13.38	 0.0827699	    151693	 0.0827435
     13.39	 0.0827699	    151693	 0.0827435
      13.4	 0.0827699	    151693	 0.0827435
     13.41	 0.0827699	    151693	 0.0827435
     13.42	 0.0827699	    151692	 0.0827435
     13.43	 0.0827698	    151692	 0.0827435
     13.44	 0.0827698	    151692	 0.0827435
     13.45	 0.0827698	    151692	 0.0827435
     13.46	 0.0827698	    151692	 0.0827435
     13.47	 0.0827698	    151692	 0.0827435
     13.48	 0.0827698	    151692	 0.0827435
     13.49	 0.0827698	    151692	 0.0827435
      13.5	 0.0827698	    151692	 0.0827435
     13.51	 0.0827698	    151692	 0.0827435
     13.52	 0.0827698	    151692	 0.0827435
     13.53	 0.0827698	    151692	 0.0827435
     13.54	 0.0827698	    151692	 0.0827435
     13.55	 0.0827698	    151691	 0.0827435
     13.56	 0.0827698	    151691	 0.0827435
     13.57	 0.0827698	    151691	 0.0827435
     13.58	 0.0827697	    151691	 0.0827435
     13.59	 0.0827697	    151691	 0.0827435
      13.6	 0.0827697	    151691	 0.0827435
     13.61	 0.0827697	    151691	 0.0827435
     13.62	 0.0827697	    151691	 0.0827435
     13.63	 0.0827697	    151691	 0.0827435
     13.64	 0.0827697	    151691	 0.0827435
     13.65	 0.0827697	    151691	 0.0827435
     13.66	 0.0827697	    151691	 0.0827435
     13.67	 0.0827697	    151691	 0.0827435
     13.68	 0.0827697	    151690	 0.0827435
     13.69	 0.0827697	    151690	 0.0827435
      13.7	 0.0827697	    151690	 0.0827435
     13.71	 0.0827697	    151690	 0.0827435
     13.72	 0.0827697	    151690	 0.0827435
     13.73	 0.0827696	    151690	 0.0827435
     13.74	 0.0827696	    151690	 0.0827435
     13.75	 0.0827696	    151690	 0.0827435
     13.76	 0.0827696	    151690	 0.0827435
     13.77	 0.0827696	    151690	 0.0827435
     13.78	 0.0827696	    151690	 0.0827435
     13.79	 0.0827696	    151690	 0.0827435
      13.8	 0.0827696	    151690	 0.0827435
     13.81	 0.0827696	    151689	 0.0827435
     13.82	 0.0827696	    151689	 0.0827435
     13.83	 0.0827696	    151689	 0.0827435
     13.84	 0.0827696	    151689	 0.0827435
     13.85	 0.0827696	    151689	 0.0827435
     13.86	 0.0827696	    151689	 0.0827435
     13.87	 0.0827695	    151689	 0.0827435
     13.88	 0.0827695	    151689	 0.0827435
     13.89	 0.0827695	    151689	 0.0827435
      13.9	 0.0827695	    151689	 0.0827435
     13.91	 0.0827695	    151689	 0.0827435
     13.92	 0.0827695	    151689	 0.0827435
     13.93	 0.0827695	    151689	 0.0827435
     13.94	 0.0827695	    151688	 0.0827435
     13.95	 0.0827695	    151688	 0.0827435
     13.96	 0.0827695	    151688	 0.0827435
     13.97	 0.0827695	    151688	 0.0827435
     13.98	 0.0827695	    151688	 0.0827435
     13.99	 0.0827695	    151688	 0.0827435
        14	 0.0827695	    151688	 0.0827435
     14.01	 0.0827695	    151688	 0.0827435
     14.02	 0.0827694	    151688	 0.0827435
     14.03	 0.0827694	    151688	 0.0827435
     14.04	 0.0827694	    151688	 0.0827435
     14.05	 0.0827694	    151688	 0.0827435
     14.06	 0.0827694	    151688	 0.0827435
     14.07	 0.0827694	    151687	 0.0827435
     14.08	 0.0827694	    151687	 0.0827435
     14.09	 0.0827694	    151687	 0.0827435
      14.1	 0.0827694	    151687	 0.0827435
     14.11	 0.0827694	    151687	 0.0827435
     14.12	 0.0827694	    151687	 0.0827435
     14.13	 0.0827694	    151687	 0.0827435
     14.14	 0.0827694	    151687	 0.0827435
     14.15	 0.0827694	    151687	 0.0827435
     14.16	 0.0827694	    151687	 0.0827435
     14.17	 0.0827693	    151687	 0.0827435
     14.18	 0.0827693	    151687	 0.0827435
     14.19	 0.0827693	    151687	 0.0827435
      14.2	 0.0827693	    151686	 0.0827435
     14.21	 0.0827693	    151686	 0.0827435
     14.22	 0.0827693	    151686	 0.0827435
     14.23	 0.0827693	    151686	 0.0827435
     14.24	 0.0827693	    151686	 0.0827435
     14.25	 0.0827693	    151686	 0.0827435
     14.26	 0.0827693	    151686	 0.0827435
     14.27	 0.0827693	    151686	 0.0827435
     14.28	 0.0827693	    151686	 0.0827435
     14.29	 0.0827693	    151686	 0.0827435
      14.3	 0.0827693	    151686	 0.0827435
     14.31	 0.0827692	    151686	 0.0827435
     14.32	 0.0827692	    151686	 0.0827435
     14.33	 0.0827692	    151685	 0.0827435
     14.34	 0.0827692	    151685	 0.0827435
     14.35	 0.0827692	    151685	 0.0827435
     14.36	 0.0827692	    151685	 0.0827435
     14.37	 0.0827692	    151685	 0.0827435
     14.38	 0.0827692	    151685	 0.0827435
     14.39	 0.0827692	    151685	 0.0827435
      14.4	 0.0827692	    151685	 0.0827435
     14.41	 0.0827692	    151685	 0.0827435
     14.42	 0.0827692	    151685	 0.0827435
     14.43	 0.0827692	    151685	 0.0827435
     14.44	 0.0827692	    151685	 0.0827435
     14.45	 0.0827692	    151685	 0.0827435
     14.46	 0.0827691	    151684	 0.0827435
     14.47	 0.0827691	    151684	 0.0827435
     14.48	 0.0827691	    151684	 0.0827435
     14.49	 0.0827691	    151684	 0.0827435
      14.5	 0.0827691	    151684	 0.0827435
     14.51	 0.0827691	    151684	 0.0827435
     14.52	 0.0827691	    151684	 0.0827435
     14.53	 0.0827691	    151684	 0.0827435
     14.54	 0.0827691	    151684	 0.0827435
     14.55	 0.0827691	    151684	 0.0827435
     14.56	 0.0827691	    151684	 0.0827435
     14.57	 0.0827691	    151684	 0.0827435
     14.58	 0.0827691	    151684	 0.0827435
     14.59	 0.0827691	    151683	 0.0827435
      14.6	  0.082769	    151683	 0.0827435
     14.61	  0.082769	    151683	 0.0827435
     14.62	  0.082769	    151683	 0.0827435
     14.63	  0.082769	    151683	 0.0827435
     14.64	  0.082769	    151683	 0.0827435
     14.65	  0.082769	    151683	 0.0827435
     14.66	  0.082769	    151683	 0.0827435
     14.67	  0.082769	    151683	 0.0827435
     14.68	  0.082769	    151683	 0.0827435
     14.69	  0.082769	    151683	 0.0827435
      14.7	  0.082769	    151683	 0.0827435
     14.71	  0.082769	    151683	 0.0827435
     14.72	  0.082769	    151682	 0.0827435
     14.73	  0.082769	    151682	 0.0827435
     14.74	  0.082769	    151682	 0.0827435
     14.75	 0.0827689	    151682	 0.0827435
     14.76	 0.0827689	    151682	 0.0827435
     14.77	 0.0827689	    151682	 0.0827435
     14.78	 0.0827689	    151682	 0.0827435
     14.79	 0.0827689	    151682	 0.0827435
      14.8	 0.0827689	    151682	 0.0827435
     14.81	 0.0827689	    151682	 0.0827435
     14.82	 0.0827689	    151682	 0.0827435
     14.83	 0.0827689	    151682	 0.0827435
     14.84	 0.0827689	    151682	 0.0827435
     14.85	 0.0827689	    151681	 0.0827435
     14.86	 0.0827689	    151681	 0.0827435
     14.87	 0.0827689	    151681	 0.0827435
     14.88	 0.0827689	    151681	 0.0827435
     14.89	 0.0827689	    151681	 0.0827435
      14.9	 0.0827688	    151681	 0.0827435
     14.91	 0.0827688	    151681	 0.0827435
     14.92	 0.0827688	    151681	 0.0827435
     14.93	 0.0827688	    151681	 0.0827435
     14.94	 0.0827688	    151681	 0.0827435
     14.95	 0.0827688	    151681	 0.0827435
     14.96	 0.0827688	    151681	 0.0827435
     14.97	 0.0827688	    151681	 0.0827435
     14.98	 0.0827688	    151680	 0.0827435
     14.99	 0.0827688	    151680	 0.0827435
        15	 0.0827688	    151680	 0.0827435
