Time	PV	OP	SP
         0	   39.0989	   24905.9	   39.0989
      0.01	   39.0989	   24905.9	   39.0989
      0.02	   39.0989	   24905.9	   39.0989
      0.03	   39.0989	   24905.9	   39.0989
      0.04	   39.0989	   24905.9	   39.0989
      0.05	   39.0989	   24905.9	   39.0989
      0.06	   39.0989	   24905.9	   39.0989
      0.07	   39.0989	   24905.9	   39.0989
      0.08	   39.0989	   24905.9	   39.0989
      0.09	   39.0989	   24905.9	   39.0989
       0.1	   39.0989	   24905.9	   39.0989
      0.11	   39.0989	   24905.9	   39.0989
      0.12	   39.0989	   24905.9	   39.0989
      0.13	   39.0989	   24905.9	   39.0989
      0.14	   39.0989	   24905.9	   39.0989
      0.15	   39.0989	   24905.9	   39.0989
      0.16	   39.0989	   24905.9	   39.0989
      0.17	   39.0989	   24905.9	   39.0989
      0.18	   39.0989	   24905.9	   39.0989
      0.19	   39.0989	   24905.9	   39.0989
       0.2	   39.0989	   24905.9	   39.0989
      0.21	   39.0989	   24905.9	   39.0989
      0.22	   39.0989	   24905.9	   39.0989
      0.23	   39.0989	   24905.9	   39.0989
      0.24	   39.0989	   24905.9	   39.0989
      0.25	   39.0989	   24905.9	   39.0989
      0.26	   39.0989	   24905.9	   39.0989
      0.27	   39.0989	   24905.9	   39.0989
      0.28	   39.0989	   24905.9	   39.0989
      0.29	   39.0989	   24905.9	   39.0989
       0.3	   39.0989	   24905.9	   39.0989
      0.31	   39.0989	   24905.9	   39.0989
      0.32	   39.0989	   24905.9	   39.0989
      0.33	   39.0989	   24905.9	   39.0989
      0.34	   39.0989	   24905.9	   39.0989
      0.35	   39.0989	   24905.9	   39.0989
      0.36	   39.0989	   24905.9	   39.0989
      0.37	   39.0989	   24905.9	   39.0989
      0.38	   39.0989	   24905.9	   39.0989
      0.39	   39.0989	   24905.9	   39.0989
       0.4	   39.0989	   24905.9	   39.0989
      0.41	   39.0989	   24905.9	   39.0989
      0.42	   39.0989	   24905.9	   39.0989
      0.43	   39.0989	   24905.9	   39.0989
      0.44	   39.0989	   24905.9	   39.0989
      0.45	   39.0989	   24905.9	   39.0989
      0.46	   39.0989	   24905.9	   39.0989
      0.47	   39.0989	   24905.9	   39.0989
      0.48	   39.0989	   24905.9	   39.0989
      0.49	   39.0989	   24905.9	   39.0989
       0.5	   39.0989	   24905.9	   39.0989
      0.51	   39.0989	   24905.9	   39.0989
      0.52	   39.0989	   24905.9	   39.0989
      0.53	   39.0989	   24905.9	   39.0989
      0.54	   39.0989	   24905.9	   39.0989
      0.55	   39.0989	   24905.9	   39.0989
      0.56	   39.0989	   24905.9	   39.0989
      0.57	   39.0989	   24905.9	   39.0989
      0.58	   39.0989	   24905.9	   39.0989
      0.59	   39.0989	   24905.9	   39.0989
       0.6	   39.0989	   24905.9	   39.0989
      0.61	   39.0989	   24905.9	   39.0989
      0.62	   39.0989	   24905.9	   39.0989
      0.63	   39.0989	   24905.9	   39.0989
      0.64	   39.0989	   24905.9	   39.0989
      0.65	   39.0989	   24905.9	   39.0989
      0.66	   39.0989	   24905.9	   39.0989
      0.67	   39.0989	   24905.9	   39.0989
      0.68	   39.0989	   24905.9	   39.0989
      0.69	   39.0989	   24905.9	   39.0989
       0.7	   39.0989	   24905.9	   39.0989
      0.71	   39.0989	   24905.9	   39.0989
      0.72	   39.0989	   24905.9	   39.0989
      0.73	   39.0989	   24905.9	   39.0989
      0.74	   39.0989	   24905.9	   39.0989
      0.75	   39.0989	   24905.9	   39.0989
      0.76	   39.0989	   24905.9	   39.0989
      0.77	   39.0989	   24905.9	   39.0989
      0.78	   39.0989	   24905.9	   39.0989
      0.79	   39.0989	   24905.9	   39.0989
       0.8	   39.0989	   24905.9	   39.0989
      0.81	   39.0989	   24905.9	   39.0989
      0.82	   39.0989	   24905.9	   39.0989
      0.83	   39.0989	   24905.9	   39.0989
      0.84	   39.0989	   24905.9	   39.0989
      0.85	   39.0989	   24905.9	   39.0989
      0.86	   39.0989	   24905.9	   39.0989
      0.87	   39.0989	   24905.9	   39.0989
      0.88	   39.0989	   24905.9	   39.0989
      0.89	   39.0989	   24905.9	   39.0989
       0.9	   39.0989	   24905.9	   39.0989
      0.91	   39.0989	   24905.9	   39.0989
      0.92	   39.0989	   24905.9	   39.0989
      0.93	   39.0989	   24905.9	   39.0989
      0.94	   39.0989	   24905.9	   39.0989
      0.95	   39.0989	   24905.9	   39.0989
      0.96	   39.0989	   24905.9	   39.0989
      0.97	   39.0989	   24905.9	   39.0989
      0.98	   39.0989	   24905.9	   39.0989
      0.99	   39.0989	   24905.9	   39.0989
         1	   39.0989	   24905.9	   39.0989
      1.01	   39.1465	   24883.6	   39.0989
      1.02	    39.154	   24879.7	   39.0989
      1.03	   39.1601	   24875.8	   39.0989
      1.04	   39.1662	   24871.5	   39.0989
      1.05	    39.172	   24867.3	   39.0989
      1.06	   39.1777	   24862.8	   39.0989
      1.07	   39.1835	   24858.3	   39.0989
      1.08	   39.1887	   24853.8	   39.0989
      1.09	   39.1939	   24849.3	   39.0989
       1.1	   39.1984	   24844.7	   39.0989
      1.11	   39.2029	   24840.2	   39.0989
      1.12	   39.2064	   24835.7	   39.0989
      1.13	     39.21	   24831.2	   39.0989
      1.14	   39.2135	   24826.7	   39.0989
      1.15	   39.2162	   24822.3	   39.0989
      1.16	   39.2189	   24817.8	   39.0989
      1.17	   39.2216	   24813.4	   39.0989
      1.18	   39.2242	   24808.9	   39.0989
      1.19	   39.2265	   24804.5	   39.0989
       1.2	   39.2288	     24800	   39.0989
      1.21	   39.2308	   24795.6	   39.0989
      1.22	   39.2329	   24791.1	   39.0989
      1.23	   39.2349	   24786.7	   39.0989
      1.24	   39.2369	   24782.2	   39.0989
      1.25	   39.2386	   24777.7	   39.0989
      1.26	   39.2403	   24773.1	   39.0989
      1.27	   39.2419	   24768.6	   39.0989
      1.28	   39.2436	   24764.1	   39.0989
      1.29	   39.2453	   24759.5	   39.0989
       1.3	   39.2465	     24755	   39.0989
      1.31	   39.2478	   24750.5	   39.0989
      1.32	    39.249	   24745.9	   39.0989
      1.33	   39.2503	   24741.4	   39.0989
      1.34	   39.2516	   24736.8	   39.0989
      1.35	   39.2524	   24732.3	   39.0989
      1.36	   39.2533	   24727.8	   39.0989
      1.37	   39.2541	   24723.2	   39.0989
      1.38	    39.255	   24718.7	   39.0989
      1.39	   39.2559	   24714.2	   39.0989
       1.4	   39.2564	   24709.6	   39.0989
      1.41	   39.2569	   24705.2	   39.0989
      1.42	   39.2575	   24700.8	   39.0989
      1.43	    39.258	   24696.4	   39.0989
      1.44	   39.2582	     24692	   39.0989
      1.45	   39.2584	   24687.7	   39.0989
      1.46	   39.2585	   24683.3	   39.0989
      1.47	   39.2587	     24679	   39.0989
      1.48	   39.2589	   24674.7	   39.0989
      1.49	   39.2586	   24670.6	   39.0989
       1.5	   39.2584	   24666.5	   39.0989
      1.51	   39.2582	   24662.3	   39.0989
      1.52	    39.258	   24658.2	   39.0989
      1.53	   39.2577	   24654.1	   39.0989
      1.54	   39.2572	   24650.2	   39.0989
      1.55	   39.2566	   24646.3	   39.0989
      1.56	    39.256	   24642.4	   39.0989
      1.57	   39.2554	   24638.5	   39.0989
      1.58	   39.2548	   24634.5	   39.0989
      1.59	   39.2539	   24630.9	   39.0989
       1.6	    39.253	   24627.2	   39.0989
      1.61	   39.2521	   24623.6	   39.0989
      1.62	   39.2512	   24619.9	   39.0989
      1.63	   39.2504	   24616.2	   39.0989
      1.64	   39.2491	   24612.8	   39.0989
      1.65	   39.2479	   24609.5	   39.0989
      1.66	   39.2467	   24606.1	   39.0989
      1.67	   39.2455	   24602.7	   39.0989
      1.68	   39.2442	   24599.3	   39.0989
      1.69	    39.243	   24596.2	   39.0989
       1.7	   39.2416	   24593.1	   39.0989
      1.71	   39.2401	     24590	   39.0989
      1.72	   39.2386	   24586.9	   39.0989
      1.73	   39.2371	   24583.8	   39.0989
      1.74	   39.2357	     24581	   39.0989
      1.75	    39.234	   24578.2	   39.0989
      1.76	   39.2323	   24575.4	   39.0989
      1.77	   39.2306	   24572.6	   39.0989
      1.78	   39.2289	   24569.8	   39.0989
      1.79	   39.2273	   24567.3	   39.0989
       1.8	   39.2254	   24564.8	   39.0989
      1.81	   39.2235	   24562.3	   39.0989
      1.82	   39.2216	   24559.8	   39.0989
      1.83	   39.2198	   24557.4	   39.0989
      1.84	   39.2179	   24555.2	   39.0989
      1.85	    39.216	     24553	   39.0989
      1.86	    39.214	   24550.9	   39.0989
      1.87	    39.212	   24548.7	   39.0989
      1.88	     39.21	   24546.5	   39.0989
      1.89	    39.208	   24544.7	   39.0989
       1.9	   39.2059	   24542.9	   39.0989
      1.91	   39.2038	     24541	   39.0989
      1.92	   39.2017	   24539.2	   39.0989
      1.93	   39.1995	   24537.3	   39.0989
      1.94	   39.1974	   24535.8	   39.0989
      1.95	   39.1953	   24534.3	   39.0989
      1.96	   39.1931	   24532.8	   39.0989
      1.97	    39.191	   24531.3	   39.0989
      1.98	   39.1888	   24529.7	   39.0989
      1.99	   39.1865	   24528.5	   39.0989
         2	   39.1843	   24527.3	   39.0989
      2.01	   39.1821	   24526.1	   39.0989
      2.02	   39.1798	   24524.9	   39.0989
      2.03	   39.1776	   24523.7	   39.0989
      2.04	   39.1754	   24522.9	   39.0989
      2.05	   39.1731	     24522	   39.0989
      2.06	   39.1709	   24521.1	   39.0989
      2.07	   39.1687	   24520.2	   39.0989
      2.08	   39.1664	   24519.3	   39.0989
      2.09	   39.1642	   24518.7	   39.0989
       2.1	    39.162	   24518.1	   39.0989
      2.11	   39.1597	   24517.5	   39.0989
      2.12	   39.1575	   24516.9	   39.0989
      2.13	   39.1553	   24516.3	   39.0989
      2.14	    39.153	     24516	   39.0989
      2.15	   39.1508	   24515.7	   39.0989
      2.16	   39.1486	   24515.4	   39.0989
      2.17	   39.1463	   24515.1	   39.0989
      2.18	   39.1441	   24514.8	   39.0989
      2.19	   39.1419	   24514.8	   39.0989
       2.2	   39.1396	   24514.8	   39.0989
      2.21	   39.1374	   24514.8	   39.0989
      2.22	   39.1351	   24514.7	   39.0989
      2.23	    39.133	   24514.7	   39.0989
      2.24	   39.1309	   24514.9	   39.0989
      2.25	   39.1288	   24515.2	   39.0989
      2.26	   39.1267	   24515.4	   39.0989
      2.27	   39.1245	   24515.6	   39.0989
      2.28	   39.1224	   24515.8	   39.0989
      2.29	   39.1203	   24516.3	   39.0989
       2.3	   39.1183	   24516.8	   39.0989
      2.31	   39.1163	   24517.2	   39.0989
      2.32	   39.1143	   24517.7	   39.0989
      2.33	   39.1123	   24518.2	   39.0989
      2.34	   39.1103	   24518.9	   39.0989
      2.35	   39.1083	   24519.6	   39.0989
      2.36	   39.1063	   24520.2	   39.0989
      2.37	   39.1044	   24520.9	   39.0989
      2.38	   39.1025	   24521.6	   39.0989
      2.39	   39.1006	   24522.5	   39.0989
       2.4	   39.0987	   24523.4	   39.0989
      2.41	   39.0969	   24524.3	   39.0989
      2.42	   39.0951	   24525.2	   39.0989
      2.43	   39.0933	     24526	   39.0989
      2.44	   39.0915	   24527.1	   39.0989
      2.45	   39.0898	   24528.2	   39.0989
      2.46	   39.0881	   24529.3	   39.0989
      2.47	   39.0865	   24530.4	   39.0989
      2.48	   39.0848	   24531.5	   39.0989
      2.49	   39.0832	   24532.6	   39.0989
       2.5	   39.0815	   24533.8	   39.0989
      2.51	     39.08	     24535	   39.0989
      2.52	   39.0785	   24536.3	   39.0989
      2.53	   39.0769	   24537.5	   39.0989
      2.54	   39.0754	   24538.8	   39.0989
      2.55	   39.0739	   24540.2	   39.0989
      2.56	   39.0725	   24541.5	   39.0989
      2.57	   39.0711	   24542.9	   39.0989
      2.58	   39.0698	   24544.3	   39.0989
      2.59	   39.0684	   24545.7	   39.0989
       2.6	    39.067	   24547.1	   39.0989
      2.61	   39.0658	   24548.6	   39.0989
      2.62	   39.0646	   24550.1	   39.0989
      2.63	   39.0633	   24551.6	   39.0989
      2.64	   39.0621	   24553.1	   39.0989
      2.65	   39.0609	   24554.6	   39.0989
      2.66	   39.0598	   24556.2	   39.0989
      2.67	   39.0587	   24557.8	   39.0989
      2.68	   39.0576	   24559.4	   39.0989
      2.69	   39.0566	     24561	   39.0989
       2.7	   39.0555	   24562.5	   39.0989
      2.71	   39.0546	   24564.2	   39.0989
      2.72	   39.0536	   24565.8	   39.0989
      2.73	   39.0527	   24567.5	   39.0989
      2.74	   39.0518	   24569.1	   39.0989
      2.75	   39.0509	   24570.8	   39.0989
      2.76	   39.0501	   24572.5	   39.0989
      2.77	   39.0493	   24574.1	   39.0989
      2.78	   39.0486	   24575.8	   39.0989
      2.79	   39.0478	   24577.5	   39.0989
       2.8	    39.047	   24579.2	   39.0989
      2.81	   39.0464	   24580.9	   39.0989
      2.82	   39.0458	   24582.6	   39.0989
      2.83	   39.0451	   24584.4	   39.0989
      2.84	   39.0445	   24586.1	   39.0989
      2.85	   39.0439	   24587.8	   39.0989
      2.86	   39.0434	   24589.5	   39.0989
      2.87	   39.0429	   24591.2	   39.0989
      2.88	   39.0425	   24592.9	   39.0989
      2.89	    39.042	   24594.6	   39.0989
       2.9	   39.0415	   24596.3	   39.0989
      2.91	   39.0412	     24598	   39.0989
      2.92	   39.0408	   24599.7	   39.0989
      2.93	   39.0405	   24601.4	   39.0989
      2.94	   39.0402	   24603.1	   39.0989
      2.95	   39.0398	   24604.8	   39.0989
      2.96	   39.0396	   24606.5	   39.0989
      2.97	   39.0394	   24608.2	   39.0989
      2.98	   39.0392	   24609.9	   39.0989
      2.99	    39.039	   24611.6	   39.0989
         3	   39.0388	   24613.2	   39.0989
      3.01	   39.0387	   24614.8	   39.0989
      3.02	   39.0387	   24616.5	   39.0989
      3.03	   39.0386	   24618.1	   39.0989
      3.04	   39.0385	   24619.7	   39.0989
      3.05	   39.0384	   24621.3	   39.0989
      3.06	   39.0385	     24623	   39.0989
      3.07	   39.0385	   24624.6	   39.0989
      3.08	   39.0386	   24626.2	   39.0989
      3.09	   39.0386	   24627.7	   39.0989
       3.1	   39.0387	   24629.3	   39.0989
      3.11	   39.0389	   24630.8	   39.0989
      3.12	    39.039	   24632.4	   39.0989
      3.13	   39.0392	   24633.9	   39.0989
      3.14	   39.0394	   24635.4	   39.0989
      3.15	   39.0395	   24636.8	   39.0989
      3.16	   39.0397	   24638.3	   39.0989
      3.17	     39.04	   24639.7	   39.0989
      3.18	   39.0402	   24641.2	   39.0989
      3.19	   39.0405	   24642.6	   39.0989
       3.2	   39.0408	   24644.1	   39.0989
      3.21	   39.0411	   24645.4	   39.0989
      3.22	   39.0415	   24646.8	   39.0989
      3.23	   39.0418	   24648.1	   39.0989
      3.24	   39.0422	   24649.5	   39.0989
      3.25	   39.0426	   24650.8	   39.0989
      3.26	    39.043	   24652.1	   39.0989
      3.27	   39.0433	   24653.4	   39.0989
      3.28	   39.0438	   24654.6	   39.0989
      3.29	   39.0443	   24655.9	   39.0989
       3.3	   39.0448	   24657.2	   39.0989
      3.31	   39.0453	   24658.3	   39.0989
      3.32	   39.0458	   24659.5	   39.0989
      3.33	   39.0463	   24660.7	   39.0989
      3.34	   39.0467	   24661.8	   39.0989
      3.35	   39.0473	     24663	   39.0989
      3.36	   39.0479	   24664.1	   39.0989
      3.37	   39.0485	   24665.1	   39.0989
      3.38	   39.0491	   24666.2	   39.0989
      3.39	   39.0496	   24667.3	   39.0989
       3.4	   39.0502	   24668.3	   39.0989
      3.41	   39.0508	   24669.3	   39.0989
      3.42	   39.0514	   24670.2	   39.0989
      3.43	    39.052	   24671.2	   39.0989
      3.44	   39.0526	   24672.2	   39.0989
      3.45	   39.0533	   24673.1	   39.0989
      3.46	    39.054	     24674	   39.0989
      3.47	   39.0547	   24674.8	   39.0989
      3.48	   39.0554	   24675.7	   39.0989
      3.49	    39.056	   24676.6	   39.0989
       3.5	   39.0567	   24677.4	   39.0989
      3.51	   39.0574	   24678.1	   39.0989
      3.52	   39.0581	   24678.9	   39.0989
      3.53	   39.0588	   24679.7	   39.0989
      3.54	   39.0594	   24680.4	   39.0989
      3.55	   39.0601	   24681.1	   39.0989
      3.56	   39.0609	   24681.8	   39.0989
      3.57	   39.0616	   24682.4	   39.0989
      3.58	   39.0623	   24683.1	   39.0989
      3.59	   39.0631	   24683.8	   39.0989
       3.6	   39.0638	   24684.3	   39.0989
      3.61	   39.0646	   24684.9	   39.0989
      3.62	   39.0653	   24685.4	   39.0989
      3.63	    39.066	     24686	   39.0989
      3.64	   39.0668	   24686.6	   39.0989
      3.65	   39.0675	     24687	   39.0989
      3.66	   39.0683	   24687.4	   39.0989
      3.67	    39.069	   24687.9	   39.0989
      3.68	   39.0697	   24688.3	   39.0989
      3.69	   39.0705	   24688.8	   39.0989
       3.7	   39.0712	   24689.2	   39.0989
      3.71	   39.0719	   24689.6	   39.0989
      3.72	   39.0727	   24689.9	   39.0989
      3.73	   39.0734	   24690.2	   39.0989
      3.74	   39.0741	   24690.6	   39.0989
      3.75	   39.0749	   24690.9	   39.0989
      3.76	   39.0756	   24691.2	   39.0989
      3.77	   39.0763	   24691.4	   39.0989
      3.78	    39.077	   24691.6	   39.0989
      3.79	   39.0778	   24691.9	   39.0989
       3.8	   39.0785	   24692.1	   39.0989
      3.81	   39.0792	   24692.3	   39.0989
      3.82	     39.08	   24692.4	   39.0989
      3.83	   39.0807	   24692.6	   39.0989
      3.84	   39.0814	   24692.7	   39.0989
      3.85	   39.0821	   24692.9	   39.0989
      3.86	   39.0829	     24693	   39.0989
      3.87	   39.0836	     24693	   39.0989
      3.88	   39.0843	   24693.1	   39.0989
      3.89	    39.085	   24693.2	   39.0989
       3.9	   39.0857	   24693.2	   39.0989
      3.91	   39.0863	   24693.2	   39.0989
      3.92	    39.087	   24693.2	   39.0989
      3.93	   39.0877	   24693.2	   39.0989
      3.94	   39.0883	   24693.2	   39.0989
      3.95	    39.089	   24693.2	   39.0989
      3.96	   39.0896	   24693.1	   39.0989
      3.97	   39.0903	     24693	   39.0989
      3.98	   39.0909	   24692.9	   39.0989
      3.99	   39.0916	   24692.8	   39.0989
         4	   39.0923	   24692.8	   39.0989
      4.01	   39.0929	   24692.7	   39.0989
      4.02	   39.0935	   24692.5	   39.0989
      4.03	   39.0941	   24692.3	   39.0989
      4.04	   39.0947	   24692.2	   39.0989
      4.05	   39.0952	     24692	   39.0989
      4.06	   39.0958	   24691.9	   39.0989
      4.07	   39.0964	   24691.6	   39.0989
      4.08	    39.097	   24691.4	   39.0989
      4.09	   39.0976	   24691.2	   39.0989
       4.1	   39.0982	     24691	   39.0989
      4.11	   39.0987	   24690.8	   39.0989
      4.12	   39.0992	   24690.5	   39.0989
      4.13	   39.0997	   24690.2	   39.0989
      4.14	   39.1002	     24690	   39.0989
      4.15	   39.1007	   24689.7	   39.0989
      4.16	   39.1012	   24689.4	   39.0989
      4.17	   39.1017	   24689.1	   39.0989
      4.18	   39.1022	   24688.8	   39.0989
      4.19	   39.1027	   24688.5	   39.0989
       4.2	   39.1031	   24688.2	   39.0989
      4.21	   39.1035	   24687.8	   39.0989
      4.22	    39.104	   24687.5	   39.0989
      4.23	   39.1044	   24687.2	   39.0989
      4.24	   39.1048	   24686.8	   39.0989
      4.25	   39.1052	   24686.4	   39.0989
      4.26	   39.1056	   24686.1	   39.0989
      4.27	    39.106	   24685.7	   39.0989
      4.28	   39.1065	   24685.3	   39.0989
      4.29	   39.1069	   24684.9	   39.0989
       4.3	   39.1072	   24684.5	   39.0989
      4.31	   39.1075	   24684.1	   39.0989
      4.32	   39.1078	   24683.8	   39.0989
      4.33	   39.1082	   24683.4	   39.0989
      4.34	   39.1085	     24683	   39.0989
      4.35	   39.1088	   24682.6	   39.0989
      4.36	   39.1091	   24682.1	   39.0989
      4.37	   39.1095	   24681.7	   39.0989
      4.38	   39.1098	   24681.3	   39.0989
      4.39	   39.1101	   24680.9	   39.0989
       4.4	   39.1103	   24680.4	   39.0989
      4.41	   39.1105	     24680	   39.0989
      4.42	   39.1108	   24679.6	   39.0989
      4.43	    39.111	   24679.1	   39.0989
      4.44	   39.1112	   24678.7	   39.0989
      4.45	   39.1115	   24678.3	   39.0989
      4.46	   39.1117	   24677.9	   39.0989
      4.47	   39.1119	   24677.4	   39.0989
      4.48	   39.1121	     24677	   39.0989
      4.49	   39.1124	   24676.6	   39.0989
       4.5	   39.1125	   24676.1	   39.0989
      4.51	   39.1126	   24675.7	   39.0989
      4.52	   39.1128	   24675.3	   39.0989
      4.53	   39.1129	   24674.9	   39.0989
      4.54	    39.113	   24674.4	   39.0989
      4.55	   39.1132	     24674	   39.0989
      4.56	   39.1133	   24673.6	   39.0989
      4.57	   39.1134	   24673.1	   39.0989
      4.58	   39.1136	   24672.7	   39.0989
      4.59	   39.1137	   24672.3	   39.0989
       4.6	   39.1138	   24671.8	   39.0989
      4.61	   39.1138	   24671.4	   39.0989
      4.62	   39.1139	     24671	   39.0989
      4.63	   39.1139	   24670.5	   39.0989
      4.64	    39.114	   24670.1	   39.0989
      4.65	    39.114	   24669.7	   39.0989
      4.66	   39.1141	   24669.2	   39.0989
      4.67	   39.1141	   24668.8	   39.0989
      4.68	   39.1142	   24668.4	   39.0989
      4.69	   39.1142	     24668	   39.0989
       4.7	   39.1142	   24667.5	   39.0989
      4.71	   39.1142	   24667.1	   39.0989
      4.72	   39.1141	   24666.7	   39.0989
      4.73	   39.1141	   24666.3	   39.0989
      4.74	   39.1141	   24665.9	   39.0989
      4.75	   39.1141	   24665.5	   39.0989
      4.76	    39.114	   24665.2	   39.0989
      4.77	    39.114	   24664.8	   39.0989
      4.78	    39.114	   24664.4	   39.0989
      4.79	   39.1139	     24664	   39.0989
       4.8	   39.1139	   24663.6	   39.0989
      4.81	   39.1138	   24663.2	   39.0989
      4.82	   39.1137	   24662.9	   39.0989
      4.83	   39.1136	   24662.5	   39.0989
      4.84	   39.1135	   24662.2	   39.0989
      4.85	   39.1134	   24661.9	   39.0989
      4.86	   39.1133	   24661.5	   39.0989
      4.87	   39.1132	   24661.2	   39.0989
      4.88	   39.1132	   24660.8	   39.0989
      4.89	   39.1131	   24660.5	   39.0989
       4.9	    39.113	   24660.1	   39.0989
      4.91	   39.1129	   24659.9	   39.0989
      4.92	   39.1127	   24659.6	   39.0989
      4.93	   39.1126	   24659.3	   39.0989
      4.94	   39.1124	     24659	   39.0989
      4.95	   39.1123	   24658.7	   39.0989
      4.96	   39.1121	   24658.4	   39.0989
      4.97	    39.112	   24658.1	   39.0989
      4.98	   39.1118	   24657.8	   39.0989
      4.99	   39.1117	   24657.5	   39.0989
         5	   39.1115	   24657.3	   39.0989
      5.01	   39.1114	     24657	   39.0989
      5.02	   39.1112	   24656.8	   39.0989
      5.03	   39.1111	   24656.6	   39.0989
      5.04	   39.1109	   24656.3	   39.0989
      5.05	   39.1107	   24656.1	   39.0989
      5.06	   39.1104	   24655.9	   39.0989
      5.07	   39.1102	   24655.6	   39.0989
      5.08	     39.11	   24655.4	   39.0989
      5.09	   39.1098	   24655.2	   39.0989
       5.1	   39.1096	     24655	   39.0989
      5.11	   39.1094	   24654.8	   39.0989
      5.12	   39.1092	   24654.6	   39.0989
      5.13	    39.109	   24654.5	   39.0989
      5.14	   39.1088	   24654.3	   39.0989
      5.15	   39.1086	   24654.1	   39.0989
      5.16	   39.1084	   24653.9	   39.0989
      5.17	   39.1082	   24653.8	   39.0989
      5.18	    39.108	   24653.6	   39.0989
      5.19	   39.1078	   24653.5	   39.0989
       5.2	   39.1076	   24653.4	   39.0989
      5.21	   39.1074	   24653.2	   39.0989
      5.22	   39.1072	   24653.1	   39.0989
      5.23	    39.107	     24653	   39.0989
      5.24	   39.1068	   24652.9	   39.0989
      5.25	   39.1066	   24652.8	   39.0989
      5.26	   39.1064	   24652.7	   39.0989
      5.27	   39.1062	   24652.6	   39.0989
      5.28	    39.106	   24652.4	   39.0989
      5.29	   39.1057	   24652.4	   39.0989
       5.3	   39.1055	   24652.4	   39.0989
      5.31	   39.1053	   24652.3	   39.0989
      5.32	   39.1051	   24652.3	   39.0989
      5.33	   39.1049	   24652.2	   39.0989
      5.34	   39.1047	   24652.2	   39.0989
      5.35	   39.1045	   24652.1	   39.0989
      5.36	   39.1043	   24652.1	   39.0989
      5.37	    39.104	     24652	   39.0989
      5.38	   39.1038	     24652	   39.0989
      5.39	   39.1036	   24651.9	   39.0989
       5.4	   39.1034	   24651.9	   39.0989
      5.41	   39.1032	   24651.9	   39.0989
      5.42	    39.103	     24652	   39.0989
      5.43	   39.1028	     24652	   39.0989
      5.44	   39.1025	     24652	   39.0989
      5.45	   39.1023	     24652	   39.0989
      5.46	   39.1021	     24652	   39.0989
      5.47	   39.1019	     24652	   39.0989
      5.48	   39.1017	     24652	   39.0989
      5.49	   39.1015	     24652	   39.0989
       5.5	   39.1013	   24652.1	   39.0989
      5.51	    39.101	   24652.2	   39.0989
      5.52	   39.1008	   24652.2	   39.0989
      5.53	   39.1006	   24652.3	   39.0989
      5.54	   39.1004	   24652.3	   39.0989
      5.55	   39.1002	   24652.4	   39.0989
      5.56	      39.1	   24652.5	   39.0989
      5.57	   39.0998	   24652.5	   39.0989
      5.58	   39.0996	   24652.6	   39.0989
      5.59	   39.0993	   24652.7	   39.0989
       5.6	   39.0991	   24652.7	   39.0989
      5.61	   39.0989	   24652.8	   39.0989
      5.62	   39.0987	   24652.9	   39.0989
      5.63	   39.0985	   24653.1	   39.0989
      5.64	   39.0983	   24653.2	   39.0989
      5.65	   39.0981	   24653.3	   39.0989
      5.66	   39.0978	   24653.4	   39.0989
      5.67	   39.0977	   24653.5	   39.0989
      5.68	   39.0975	   24653.6	   39.0989
      5.69	   39.0974	   24653.7	   39.0989
       5.7	   39.0972	   24653.8	   39.0989
      5.71	    39.097	   24653.9	   39.0989
      5.72	   39.0969	   24654.1	   39.0989
      5.73	   39.0967	   24654.2	   39.0989
      5.74	   39.0965	   24654.4	   39.0989
      5.75	   39.0964	   24654.5	   39.0989
      5.76	   39.0962	   24654.7	   39.0989
      5.77	   39.0961	   24654.8	   39.0989
      5.78	   39.0959	     24655	   39.0989
      5.79	   39.0957	   24655.1	   39.0989
       5.8	   39.0956	   24655.3	   39.0989
      5.81	   39.0954	   24655.4	   39.0989
      5.82	   39.0952	   24655.6	   39.0989
      5.83	   39.0951	   24655.7	   39.0989
      5.84	    39.095	   24655.9	   39.0989
      5.85	   39.0949	   24656.1	   39.0989
      5.86	   39.0948	   24656.3	   39.0989
      5.87	   39.0946	   24656.4	   39.0989
      5.88	   39.0945	   24656.6	   39.0989
      5.89	   39.0944	   24656.8	   39.0989
       5.9	   39.0943	     24657	   39.0989
      5.91	   39.0942	   24657.2	   39.0989
      5.92	   39.0941	   24657.3	   39.0989
      5.93	   39.0939	   24657.5	   39.0989
      5.94	   39.0938	   24657.7	   39.0989
      5.95	   39.0937	   24657.9	   39.0989
      5.96	   39.0936	     24658	   39.0989
      5.97	   39.0935	   24658.2	   39.0989
      5.98	   39.0933	   24658.4	   39.0989
      5.99	   39.0933	   24658.6	   39.0989
         6	   39.0932	   24658.8	   39.0989
      6.01	   39.0931	     24659	   39.0989
      6.02	   39.0931	   24659.2	   39.0989
      6.03	    39.093	   24659.3	   39.0989
      6.04	   39.0929	   24659.5	   39.0989
      6.05	   39.0929	   24659.7	   39.0989
      6.06	   39.0928	   24659.9	   39.0989
      6.07	   39.0927	   24660.1	   39.0989
      6.08	   39.0927	   24660.3	   39.0989
      6.09	   39.0926	   24660.5	   39.0989
       6.1	   39.0925	   24660.6	   39.0989
      6.11	   39.0925	   24660.8	   39.0989
      6.12	   39.0924	     24661	   39.0989
      6.13	   39.0923	   24661.2	   39.0989
      6.14	   39.0923	   24661.4	   39.0989
      6.15	   39.0922	   24661.6	   39.0989
      6.16	   39.0921	   24661.8	   39.0989
      6.17	   39.0921	   24661.9	   39.0989
      6.18	   39.0921	   24662.1	   39.0989
      6.19	   39.0921	   24662.3	   39.0989
       6.2	    39.092	   24662.5	   39.0989
      6.21	    39.092	   24662.7	   39.0989
      6.22	    39.092	   24662.9	   39.0989
      6.23	    39.092	   24663.1	   39.0989
      6.24	   39.0919	   24663.2	   39.0989
      6.25	   39.0919	   24663.4	   39.0989
      6.26	   39.0919	   24663.6	   39.0989
      6.27	   39.0919	   24663.8	   39.0989
      6.28	   39.0919	     24664	   39.0989
      6.29	   39.0918	   24664.2	   39.0989
       6.3	   39.0918	   24664.4	   39.0989
      6.31	   39.0918	   24664.5	   39.0989
      6.32	   39.0918	   24664.7	   39.0989
      6.33	   39.0918	   24664.9	   39.0989
      6.34	   39.0918	   24665.1	   39.0989
      6.35	   39.0918	   24665.3	   39.0989
      6.36	   39.0918	   24665.5	   39.0989
      6.37	   39.0919	   24665.7	   39.0989
      6.38	   39.0919	   24665.9	   39.0989
      6.39	   39.0919	     24666	   39.0989
       6.4	   39.0919	   24666.2	   39.0989
      6.41	   39.0919	   24666.4	   39.0989
      6.42	   39.0919	   24666.6	   39.0989
      6.43	    39.092	   24666.8	   39.0989
      6.44	    39.092	     24667	   39.0989
      6.45	    39.092	   24667.2	   39.0989
      6.46	    39.092	   24667.3	   39.0989
      6.47	    39.092	   24667.5	   39.0989
      6.48	    39.092	   24667.7	   39.0989
      6.49	   39.0921	   24667.9	   39.0989
       6.5	   39.0921	   24668.1	   39.0989
      6.51	   39.0921	   24668.3	   39.0989
      6.52	   39.0922	   24668.5	   39.0989
      6.53	   39.0922	   24668.6	   39.0989
      6.54	   39.0923	   24668.8	   39.0989
      6.55	   39.0923	     24669	   39.0989
      6.56	   39.0924	   24669.2	   39.0989
      6.57	   39.0924	   24669.4	   39.0989
      6.58	   39.0925	   24669.6	   39.0989
      6.59	   39.0925	   24669.7	   39.0989
       6.6	   39.0926	   24669.8	   39.0989
      6.61	   39.0926	     24670	   39.0989
      6.62	   39.0927	   24670.1	   39.0989
      6.63	   39.0927	   24670.2	   39.0989
      6.64	   39.0928	   24670.4	   39.0989
      6.65	   39.0928	   24670.5	   39.0989
      6.66	   39.0929	   24670.7	   39.0989
      6.67	   39.0929	   24670.8	   39.0989
      6.68	    39.093	   24670.9	   39.0989
      6.69	    39.093	   24671.1	   39.0989
       6.7	   39.0931	   24671.2	   39.0989
      6.71	   39.0931	   24671.3	   39.0989
      6.72	   39.0932	   24671.5	   39.0989
      6.73	   39.0932	   24671.6	   39.0989
      6.74	   39.0933	   24671.7	   39.0989
      6.75	   39.0933	   24671.9	   39.0989
      6.76	   39.0934	     24672	   39.0989
      6.77	   39.0934	   24672.1	   39.0989
      6.78	   39.0935	   24672.2	   39.0989
      6.79	   39.0936	   24672.3	   39.0989
       6.8	   39.0936	   24672.4	   39.0989
      6.81	   39.0937	   24672.5	   39.0989
      6.82	   39.0937	   24672.6	   39.0989
      6.83	   39.0938	   24672.7	   39.0989
      6.84	   39.0939	   24672.8	   39.0989
      6.85	   39.0939	   24672.9	   39.0989
      6.86	    39.094	     24673	   39.0989
      6.87	    39.094	   24673.1	   39.0989
      6.88	   39.0941	   24673.2	   39.0989
      6.89	   39.0942	   24673.3	   39.0989
       6.9	   39.0942	   24673.4	   39.0989
      6.91	   39.0943	   24673.5	   39.0989
      6.92	   39.0943	   24673.5	   39.0989
      6.93	   39.0944	   24673.6	   39.0989
      6.94	   39.0944	   24673.7	   39.0989
      6.95	   39.0945	   24673.8	   39.0989
      6.96	   39.0946	   24673.8	   39.0989
      6.97	   39.0946	   24673.9	   39.0989
      6.98	   39.0947	     24674	   39.0989
      6.99	   39.0947	   24674.1	   39.0989
         7	   39.0948	   24674.1	   39.0989
      7.01	   39.0949	   24674.2	   39.0989
      7.02	   39.0949	   24674.3	   39.0989
      7.03	    39.095	   24674.3	   39.0989
      7.04	    39.095	   24674.4	   39.0989
      7.05	   39.0951	   24674.5	   39.0989
      7.06	   39.0952	   24674.6	   39.0989
      7.07	   39.0952	   24674.6	   39.0989
      7.08	   39.0953	   24674.7	   39.0989
      7.09	   39.0953	   24674.7	   39.0989
       7.1	   39.0954	   24674.7	   39.0989
      7.11	   39.0955	   24674.8	   39.0989
      7.12	   39.0955	   24674.8	   39.0989
      7.13	   39.0956	   24674.9	   39.0989
      7.14	   39.0956	   24674.9	   39.0989
      7.15	   39.0957	     24675	   39.0989
      7.16	   39.0957	     24675	   39.0989
      7.17	   39.0958	   24675.1	   39.0989
      7.18	   39.0959	   24675.1	   39.0989
      7.19	   39.0959	   24675.2	   39.0989
       7.2	    39.096	   24675.2	   39.0989
      7.21	    39.096	   24675.2	   39.0989
      7.22	   39.0961	   24675.3	   39.0989
      7.23	   39.0962	   24675.3	   39.0989
      7.24	   39.0962	   24675.3	   39.0989
      7.25	   39.0963	   24675.4	   39.0989
      7.26	   39.0963	   24675.4	   39.0989
      7.27	   39.0964	   24675.4	   39.0989
      7.28	   39.0965	   24675.4	   39.0989
      7.29	   39.0965	   24675.4	   39.0989
       7.3	   39.0966	   24675.5	   39.0989
      7.31	   39.0966	   24675.5	   39.0989
      7.32	   39.0967	   24675.5	   39.0989
      7.33	   39.0968	   24675.5	   39.0989
      7.34	   39.0968	   24675.5	   39.0989
      7.35	   39.0969	   24675.6	   39.0989
      7.36	   39.0969	   24675.6	   39.0989
      7.37	    39.097	   24675.6	   39.0989
      7.38	    39.097	   24675.6	   39.0989
      7.39	   39.0971	   24675.6	   39.0989
       7.4	   39.0972	   24675.7	   39.0989
      7.41	   39.0972	   24675.7	   39.0989
      7.42	   39.0973	   24675.7	   39.0989
      7.43	   39.0973	   24675.7	   39.0989
      7.44	   39.0974	   24675.7	   39.0989
      7.45	   39.0975	   24675.7	   39.0989
      7.46	   39.0975	   24675.7	   39.0989
      7.47	   39.0976	   24675.7	   39.0989
      7.48	   39.0976	   24675.7	   39.0989
      7.49	   39.0977	   24675.7	   39.0989
       7.5	   39.0978	   24675.7	   39.0989
      7.51	   39.0978	   24675.7	   39.0989
      7.52	   39.0979	   24675.7	   39.0989
      7.53	   39.0979	   24675.7	   39.0989
      7.54	    39.098	   24675.7	   39.0989
      7.55	   39.0981	   24675.7	   39.0989
      7.56	   39.0981	   24675.7	   39.0989
      7.57	   39.0982	   24675.7	   39.0989
      7.58	   39.0982	   24675.7	   39.0989
      7.59	   39.0983	   24675.8	   39.0989
       7.6	   39.0983	   24675.8	   39.0989
      7.61	   39.0984	   24675.8	   39.0989
      7.62	   39.0984	   24675.8	   39.0989
      7.63	   39.0984	   24675.8	   39.0989
      7.64	   39.0984	   24675.8	   39.0989
      7.65	   39.0984	   24675.8	   39.0989
      7.66	   39.0985	   24675.8	   39.0989
      7.67	   39.0985	   24675.8	   39.0989
      7.68	   39.0985	   24675.8	   39.0989
      7.69	   39.0985	   24675.8	   39.0989
       7.7	   39.0985	   24675.8	   39.0989
      7.71	   39.0985	   24675.8	   39.0989
      7.72	   39.0986	   24675.8	   39.0989
      7.73	   39.0986	   24675.8	   39.0989
      7.74	   39.0986	   24675.8	   39.0989
      7.75	   39.0986	   24675.8	   39.0989
      7.76	   39.0986	   24675.8	   39.0989
      7.77	   39.0987	   24675.8	   39.0989
      7.78	   39.0987	   24675.8	   39.0989
      7.79	   39.0987	   24675.8	   39.0989
       7.8	   39.0987	   24675.8	   39.0989
      7.81	   39.0987	   24675.8	   39.0989
      7.82	   39.0987	   24675.8	   39.0989
      7.83	   39.0988	   24675.8	   39.0989
      7.84	   39.0988	   24675.8	   39.0989
      7.85	   39.0988	   24675.8	   39.0989
      7.86	   39.0988	   24675.8	   39.0989
      7.87	   39.0988	   24675.8	   39.0989
      7.88	   39.0989	   24675.8	   39.0989
      7.89	   39.0989	   24675.8	   39.0989
       7.9	   39.0989	   24675.8	   39.0989
      7.91	   39.0989	   24675.8	   39.0989
      7.92	   39.0989	   24675.8	   39.0989
      7.93	   39.0989	   24675.8	   39.0989
      7.94	   39.0988	   24675.8	   39.0989
      7.95	   39.0988	   24675.8	   39.0989
      7.96	   39.0988	   24675.8	   39.0989
      7.97	   39.0988	   24675.8	   39.0989
      7.98	   39.0988	   24675.8	   39.0989
      7.99	   39.0988	   24675.8	   39.0989
         8	   39.0988	   24675.8	   39.0989
      8.01	   39.0988	   24675.8	   39.0989
      8.02	   39.0988	   24675.8	   39.0989
      8.03	   39.0988	   24675.8	   39.0989
      8.04	   39.0988	   24675.8	   39.0989
      8.05	   39.0988	   24675.8	   39.0989
      8.06	   39.0988	   24675.8	   39.0989
      8.07	   39.0988	   24675.8	   39.0989
      8.08	   39.0988	   24675.8	   39.0989
      8.09	   39.0988	   24675.8	   39.0989
       8.1	   39.0988	   24675.8	   39.0989
      8.11	   39.0988	   24675.8	   39.0989
      8.12	   39.0987	   24675.8	   39.0989
      8.13	   39.0987	   24675.8	   39.0989
      8.14	   39.0987	   24675.8	   39.0989
      8.15	   39.0987	   24675.8	   39.0989
      8.16	   39.0987	   24675.8	   39.0989
      8.17	   39.0987	   24675.8	   39.0989
      8.18	   39.0987	   24675.8	   39.0989
      8.19	   39.0987	   24675.8	   39.0989
       8.2	   39.0987	   24675.8	   39.0989
      8.21	   39.0987	   24675.8	   39.0989
      8.22	   39.0987	   24675.8	   39.0989
      8.23	   39.0987	   24675.8	   39.0989
      8.24	   39.0987	   24675.8	   39.0989
      8.25	   39.0987	   24675.9	   39.0989
      8.26	   39.0987	   24675.9	   39.0989
      8.27	   39.0986	   24675.9	   39.0989
      8.28	   39.0986	   24675.9	   39.0989
      8.29	   39.0986	   24675.9	   39.0989
       8.3	   39.0986	     24676	   39.0989
      8.31	   39.0986	     24676	   39.0989
      8.32	   39.0986	     24676	   39.0989
      8.33	   39.0986	     24676	   39.0989
      8.34	   39.0985	   24676.1	   39.0989
      8.35	   39.0985	   24676.1	   39.0989
      8.36	   39.0985	   24676.1	   39.0989
      8.37	   39.0985	   24676.1	   39.0989
      8.38	   39.0985	   24676.1	   39.0989
      8.39	   39.0985	   24676.2	   39.0989
       8.4	   39.0985	   24676.2	   39.0989
      8.41	   39.0985	   24676.2	   39.0989
      8.42	   39.0984	   24676.2	   39.0989
      8.43	   39.0984	   24676.2	   39.0989
      8.44	   39.0984	   24676.3	   39.0989
      8.45	   39.0984	   24676.3	   39.0989
      8.46	   39.0984	   24676.3	   39.0989
      8.47	   39.0984	   24676.3	   39.0989
      8.48	   39.0984	   24676.4	   39.0989
      8.49	   39.0984	   24676.4	   39.0989
       8.5	   39.0983	   24676.4	   39.0989
      8.51	   39.0983	   24676.4	   39.0989
      8.52	   39.0983	   24676.4	   39.0989
      8.53	   39.0983	   24676.5	   39.0989
      8.54	   39.0983	   24676.5	   39.0989
      8.55	   39.0983	   24676.5	   39.0989
      8.56	   39.0983	   24676.6	   39.0989
      8.57	   39.0983	   24676.6	   39.0989
      8.58	   39.0982	   24676.7	   39.0989
      8.59	   39.0982	   24676.7	   39.0989
       8.6	   39.0982	   24676.7	   39.0989
      8.61	   39.0982	   24676.8	   39.0989
      8.62	   39.0982	   24676.8	   39.0989
      8.63	   39.0982	   24676.8	   39.0989
      8.64	   39.0982	   24676.9	   39.0989
      8.65	   39.0982	   24676.9	   39.0989
      8.66	   39.0981	     24677	   39.0989
      8.67	   39.0981	     24677	   39.0989
      8.68	   39.0981	     24677	   39.0989
      8.69	   39.0981	   24677.1	   39.0989
       8.7	   39.0981	   24677.1	   39.0989
      8.71	   39.0981	   24677.2	   39.0989
      8.72	   39.0981	   24677.2	   39.0989
      8.73	    39.098	   24677.2	   39.0989
      8.74	    39.098	   24677.3	   39.0989
      8.75	    39.098	   24677.3	   39.0989
      8.76	    39.098	   24677.4	   39.0989
      8.77	    39.098	   24677.4	   39.0989
      8.78	    39.098	   24677.4	   39.0989
      8.79	    39.098	   24677.5	   39.0989
       8.8	    39.098	   24677.5	   39.0989
      8.81	   39.0979	   24677.5	   39.0989
      8.82	   39.0979	   24677.6	   39.0989
      8.83	   39.0979	   24677.6	   39.0989
      8.84	   39.0979	   24677.7	   39.0989
      8.85	   39.0979	   24677.7	   39.0989
      8.86	   39.0979	   24677.8	   39.0989
      8.87	   39.0979	   24677.8	   39.0989
      8.88	   39.0979	   24677.9	   39.0989
      8.89	   39.0978	   24677.9	   39.0989
       8.9	   39.0978	     24678	   39.0989
      8.91	   39.0978	     24678	   39.0989
      8.92	   39.0978	   24678.1	   39.0989
      8.93	   39.0978	   24678.1	   39.0989
      8.94	   39.0978	   24678.2	   39.0989
      8.95	   39.0978	   24678.2	   39.0989
      8.96	   39.0978	   24678.3	   39.0989
      8.97	   39.0977	   24678.3	   39.0989
      8.98	   39.0977	   24678.4	   39.0989
      8.99	   39.0977	   24678.4	   39.0989
         9	   39.0977	   24678.5	   39.0989
      9.01	   39.0977	   24678.6	   39.0989
      9.02	   39.0977	   24678.6	   39.0989
      9.03	   39.0977	   24678.7	   39.0989
      9.04	   39.0977	   24678.7	   39.0989
      9.05	   39.0976	   24678.8	   39.0989
      9.06	   39.0976	   24678.8	   39.0989
      9.07	   39.0976	   24678.9	   39.0989
      9.08	   39.0976	   24678.9	   39.0989
      9.09	   39.0976	     24679	   39.0989
       9.1	   39.0976	     24679	   39.0989
      9.11	   39.0976	   24679.1	   39.0989
      9.12	   39.0975	   24679.1	   39.0989
      9.13	   39.0975	   24679.2	   39.0989
      9.14	   39.0975	   24679.2	   39.0989
      9.15	   39.0975	   24679.3	   39.0989
      9.16	   39.0975	   24679.3	   39.0989
      9.17	   39.0975	   24679.4	   39.0989
      9.18	   39.0975	   24679.5	   39.0989
      9.19	   39.0975	   24679.5	   39.0989
       9.2	   39.0974	   24679.6	   39.0989
      9.21	   39.0974	   24679.6	   39.0989
      9.22	   39.0974	   24679.7	   39.0989
      9.23	   39.0974	   24679.7	   39.0989
      9.24	   39.0974	   24679.8	   39.0989
      9.25	   39.0974	   24679.8	   39.0989
      9.26	   39.0974	   24679.9	   39.0989
      9.27	   39.0974	   24679.9	   39.0989
      9.28	   39.0973	     24680	   39.0989
      9.29	   39.0973	     24680	   39.0989
       9.3	   39.0973	   24680.1	   39.0989
      9.31	   39.0973	   24680.2	   39.0989
      9.32	   39.0973	   24680.2	   39.0989
      9.33	   39.0973	   24680.3	   39.0989
      9.34	   39.0973	   24680.3	   39.0989
      9.35	   39.0973	   24680.4	   39.0989
      9.36	   39.0972	   24680.4	   39.0989
      9.37	   39.0972	   24680.5	   39.0989
      9.38	   39.0972	   24680.5	   39.0989
      9.39	   39.0972	   24680.6	   39.0989
       9.4	   39.0972	   24680.6	   39.0989
      9.41	   39.0972	   24680.7	   39.0989
      9.42	   39.0972	   24680.8	   39.0989
      9.43	   39.0972	   24680.8	   39.0989
      9.44	   39.0971	   24680.9	   39.0989
      9.45	   39.0971	   24680.9	   39.0989
      9.46	   39.0971	     24681	   39.0989
      9.47	   39.0971	     24681	   39.0989
      9.48	   39.0971	   24681.1	   39.0989
      9.49	   39.0971	   24681.1	   39.0989
       9.5	   39.0971	   24681.2	   39.0989
      9.51	    39.097	   24681.2	   39.0989
      9.52	    39.097	   24681.3	   39.0989
      9.53	    39.097	   24681.4	   39.0989
      9.54	    39.097	   24681.4	   39.0989
      9.55	    39.097	   24681.5	   39.0989
      9.56	    39.097	   24681.5	   39.0989
      9.57	    39.097	   24681.6	   39.0989
      9.58	    39.097	   24681.6	   39.0989
      9.59	   39.0969	   24681.7	   39.0989
       9.6	   39.0969	   24681.7	   39.0989
      9.61	   39.0969	   24681.8	   39.0989
      9.62	   39.0969	   24681.9	   39.0989
      9.63	   39.0969	   24681.9	   39.0989
      9.64	   39.0969	     24682	   39.0989
      9.65	   39.0969	     24682	   39.0989
      9.66	   39.0969	   24682.1	   39.0989
      9.67	   39.0968	   24682.1	   39.0989
      9.68	   39.0968	   24682.2	   39.0989
      9.69	   39.0968	   24682.2	   39.0989
       9.7	   39.0968	   24682.3	   39.0989
      9.71	   39.0968	   24682.3	   39.0989
      9.72	   39.0968	   24682.4	   39.0989
      9.73	   39.0968	   24682.5	   39.0989
      9.74	   39.0968	   24682.5	   39.0989
      9.75	   39.0968	   24682.6	   39.0989
      9.76	   39.0968	   24682.6	   39.0989
      9.77	   39.0968	   24682.7	   39.0989
      9.78	   39.0968	   24682.7	   39.0989
      9.79	   39.0968	   24682.8	   39.0989
       9.8	   39.0968	   24682.8	   39.0989
      9.81	   39.0968	   24682.9	   39.0989
      9.82	   39.0968	   24682.9	   39.0989
      9.83	   39.0968	     24683	   39.0989
      9.84	   39.0968	   24683.1	   39.0989
      9.85	   39.0968	   24683.1	   39.0989
      9.86	   39.0968	   24683.2	   39.0989
      9.87	   39.0968	   24683.2	   39.0989
      9.88	   39.0968	   24683.3	   39.0989
      9.89	   39.0968	   24683.3	   39.0989
       9.9	   39.0968	   24683.4	   39.0989
      9.91	   39.0968	   24683.4	   39.0989
      9.92	   39.0968	   24683.5	   39.0989
      9.93	   39.0968	   24683.5	   39.0989
      9.94	   39.0968	   24683.6	   39.0989
      9.95	   39.0968	   24683.7	   39.0989
      9.96	   39.0968	   24683.7	   39.0989
      9.97	   39.0968	   24683.8	   39.0989
      9.98	   39.0968	   24683.8	   39.0989
      9.99	   39.0968	   24683.9	   39.0989
        10	   39.0968	   24683.9	   39.0989
     10.01	   39.0968	     24684	   39.0989
     10.02	   39.0968	     24684	   39.0989
     10.03	   39.0968	   24684.1	   39.0989
     10.04	   39.0968	   24684.1	   39.0989
     10.05	   39.0968	   24684.2	   39.0989
     10.06	   39.0968	   24684.3	   39.0989
     10.07	   39.0968	   24684.3	   39.0989
     10.08	   39.0968	   24684.4	   39.0989
     10.09	   39.0968	   24684.4	   39.0989
      10.1	   39.0968	   24684.5	   39.0989
     10.11	   39.0968	   24684.5	   39.0989
     10.12	   39.0968	   24684.6	   39.0989
     10.13	   39.0968	   24684.6	   39.0989
     10.14	   39.0968	   24684.7	   39.0989
     10.15	   39.0968	   24684.7	   39.0989
     10.16	   39.0968	   24684.8	   39.0989
     10.17	   39.0968	   24684.8	   39.0989
     10.18	   39.0968	   24684.9	   39.0989
     10.19	   39.0968	   24684.9	   39.0989
      10.2	   39.0968	     24685	   39.0989
     10.21	   39.0968	     24685	   39.0989
     10.22	   39.0968	   24685.1	   39.0989
     10.23	   39.0968	   24685.1	   39.0989
     10.24	   39.0968	   24685.1	   39.0989
     10.25	   39.0968	   24685.2	   39.0989
     10.26	   39.0968	   24685.2	   39.0989
     10.27	   39.0968	   24685.3	   39.0989
     10.28	   39.0968	   24685.3	   39.0989
     10.29	   39.0968	   24685.4	   39.0989
      10.3	   39.0969	   24685.4	   39.0989
     10.31	   39.0969	   24685.4	   39.0989
     10.32	   39.0969	   24685.5	   39.0989
     10.33	   39.0969	   24685.5	   39.0989
     10.34	   39.0969	   24685.6	   39.0989
     10.35	   39.0969	   24685.6	   39.0989
     10.36	   39.0969	   24685.7	   39.0989
     10.37	   39.0969	   24685.7	   39.0989
     10.38	   39.0969	   24685.7	   39.0989
     10.39	   39.0969	   24685.8	   39.0989
      10.4	   39.0969	   24685.8	   39.0989
     10.41	   39.0969	   24685.9	   39.0989
     10.42	   39.0969	   24685.9	   39.0989
     10.43	   39.0969	     24686	   39.0989
     10.44	   39.0969	     24686	   39.0989
     10.45	   39.0969	     24686	   39.0989
     10.46	   39.0969	   24686.1	   39.0989
     10.47	   39.0969	   24686.1	   39.0989
     10.48	   39.0969	   24686.2	   39.0989
     10.49	   39.0969	   24686.2	   39.0989
      10.5	   39.0969	   24686.3	   39.0989
     10.51	   39.0969	   24686.3	   39.0989
     10.52	   39.0969	   24686.3	   39.0989
     10.53	   39.0969	   24686.4	   39.0989
     10.54	   39.0969	   24686.4	   39.0989
     10.55	   39.0969	   24686.5	   39.0989
     10.56	   39.0969	   24686.5	   39.0989
     10.57	   39.0969	   24686.6	   39.0989
     10.58	   39.0969	   24686.6	   39.0989
     10.59	   39.0969	   24686.6	   39.0989
      10.6	   39.0969	   24686.7	   39.0989
     10.61	   39.0969	   24686.7	   39.0989
     10.62	   39.0969	   24686.8	   39.0989
     10.63	   39.0969	   24686.8	   39.0989
     10.64	   39.0969	   24686.9	   39.0989
     10.65	   39.0969	   24686.9	   39.0989
     10.66	   39.0969	   24686.9	   39.0989
     10.67	   39.0969	     24687	   39.0989
     10.68	   39.0969	     24687	   39.0989
     10.69	   39.0969	   24687.1	   39.0989
      10.7	   39.0969	   24687.1	   39.0989
     10.71	   39.0969	   24687.2	   39.0989
     10.72	   39.0969	   24687.2	   39.0989
     10.73	   39.0969	   24687.2	   39.0989
     10.74	   39.0969	   24687.3	   39.0989
     10.75	   39.0969	   24687.3	   39.0989
     10.76	   39.0969	   24687.4	   39.0989
     10.77	   39.0969	   24687.4	   39.0989
     10.78	   39.0969	   24687.4	   39.0989
     10.79	   39.0969	   24687.5	   39.0989
      10.8	   39.0969	   24687.5	   39.0989
     10.81	   39.0969	   24687.6	   39.0989
     10.82	   39.0969	   24687.6	   39.0989
     10.83	   39.0969	   24687.6	   39.0989
     10.84	   39.0969	   24687.7	   39.0989
     10.85	   39.0969	   24687.7	   39.0989
     10.86	   39.0969	   24687.8	   39.0989
     10.87	   39.0969	   24687.8	   39.0989
     10.88	    39.097	   24687.8	   39.0989
     10.89	    39.097	   24687.9	   39.0989
      10.9	    39.097	   24687.9	   39.0989
     10.91	    39.097	     24688	   39.0989
     10.92	    39.097	     24688	   39.0989
     10.93	    39.097	   24688.1	   39.0989
     10.94	    39.097	   24688.1	   39.0989
     10.95	    39.097	   24688.1	   39.0989
     10.96	    39.097	   24688.2	   39.0989
     10.97	    39.097	   24688.2	   39.0989
     10.98	    39.097	   24688.3	   39.0989
     10.99	    39.097	   24688.3	   39.0989
        11	    39.097	   24688.3	   39.0989
     11.01	    39.097	   24688.4	   39.0989
     11.02	    39.097	   24688.4	   39.0989
     11.03	    39.097	   24688.5	   39.0989
     11.04	    39.097	   24688.5	   39.0989
     11.05	    39.097	   24688.5	   39.0989
     11.06	    39.097	   24688.6	   39.0989
     11.07	    39.097	   24688.6	   39.0989
     11.08	    39.097	   24688.7	   39.0989
     11.09	    39.097	   24688.7	   39.0989
      11.1	    39.097	   24688.7	   39.0989
     11.11	    39.097	   24688.8	   39.0989
     11.12	    39.097	   24688.8	   39.0989
     11.13	    39.097	   24688.9	   39.0989
     11.14	    39.097	   24688.9	   39.0989
     11.15	    39.097	   24688.9	   39.0989
     11.16	    39.097	     24689	   39.0989
     11.17	    39.097	     24689	   39.0989
     11.18	    39.097	   24689.1	   39.0989
     11.19	    39.097	   24689.1	   39.0989
      11.2	    39.097	   24689.1	   39.0989
     11.21	    39.097	   24689.2	   39.0989
     11.22	    39.097	   24689.2	   39.0989
     11.23	    39.097	   24689.3	   39.0989
     11.24	    39.097	   24689.3	   39.0989
     11.25	    39.097	   24689.4	   39.0989
     11.26	    39.097	   24689.4	   39.0989
     11.27	    39.097	   24689.4	   39.0989
     11.28	    39.097	   24689.5	   39.0989
     11.29	    39.097	   24689.5	   39.0989
      11.3	    39.097	   24689.6	   39.0989
     11.31	    39.097	   24689.6	   39.0989
     11.32	    39.097	   24689.6	   39.0989
     11.33	    39.097	   24689.7	   39.0989
     11.34	    39.097	   24689.7	   39.0989
     11.35	    39.097	   24689.8	   39.0989
     11.36	    39.097	   24689.8	   39.0989
     11.37	    39.097	   24689.8	   39.0989
     11.38	    39.097	   24689.9	   39.0989
     11.39	    39.097	   24689.9	   39.0989
      11.4	    39.097	     24690	   39.0989
     11.41	    39.097	     24690	   39.0989
     11.42	    39.097	     24690	   39.0989
     11.43	    39.097	   24690.1	   39.0989
     11.44	    39.097	   24690.1	   39.0989
     11.45	    39.097	   24690.2	   39.0989
     11.46	   39.0971	   24690.2	   39.0989
     11.47	   39.0971	   24690.2	   39.0989
     11.48	   39.0971	   24690.3	   39.0989
     11.49	   39.0971	   24690.3	   39.0989
      11.5	   39.0971	   24690.4	   39.0989
     11.51	   39.0971	   24690.4	   39.0989
     11.52	   39.0971	   24690.4	   39.0989
     11.53	   39.0971	   24690.5	   39.0989
     11.54	   39.0971	   24690.5	   39.0989
     11.55	   39.0971	   24690.6	   39.0989
     11.56	   39.0971	   24690.6	   39.0989
     11.57	   39.0971	   24690.7	   39.0989
     11.58	   39.0971	   24690.7	   39.0989
     11.59	   39.0971	   24690.7	   39.0989
      11.6	   39.0971	   24690.8	   39.0989
     11.61	   39.0971	   24690.8	   39.0989
     11.62	   39.0971	   24690.9	   39.0989
     11.63	   39.0971	   24690.9	   39.0989
     11.64	   39.0971	   24690.9	   39.0989
     11.65	   39.0971	     24691	   39.0989
     11.66	   39.0971	     24691	   39.0989
     11.67	   39.0971	   24691.1	   39.0989
     11.68	   39.0971	   24691.1	   39.0989
     11.69	   39.0971	   24691.1	   39.0989
      11.7	   39.0971	   24691.2	   39.0989
     11.71	   39.0971	   24691.2	   39.0989
     11.72	   39.0971	   24691.3	   39.0989
     11.73	   39.0971	   24691.3	   39.0989
     11.74	   39.0971	   24691.3	   39.0989
     11.75	   39.0971	   24691.4	   39.0989
     11.76	   39.0971	   24691.4	   39.0989
     11.77	   39.0971	   24691.5	   39.0989
     11.78	   39.0971	   24691.5	   39.0989
     11.79	   39.0971	   24691.5	   39.0989
      11.8	   39.0971	   24691.6	   39.0989
     11.81	   39.0971	   24691.6	   39.0989
     11.82	   39.0971	   24691.7	   39.0989
     11.83	   39.0971	   24691.7	   39.0989
     11.84	   39.0971	   24691.7	   39.0989
     11.85	   39.0971	   24691.8	   39.0989
     11.86	   39.0971	   24691.8	   39.0989
     11.87	   39.0971	   24691.9	   39.0989
     11.88	   39.0971	   24691.9	   39.0989
     11.89	   39.0971	     24692	   39.0989
      11.9	   39.0971	     24692	   39.0989
     11.91	   39.0971	     24692	   39.0989
     11.92	   39.0971	   24692.1	   39.0989
     11.93	   39.0971	   24692.1	   39.0989
     11.94	   39.0971	   24692.2	   39.0989
     11.95	   39.0971	   24692.2	   39.0989
     11.96	   39.0971	   24692.2	   39.0989
     11.97	   39.0971	   24692.3	   39.0989
     11.98	   39.0971	   24692.3	   39.0989
     11.99	   39.0971	   24692.4	   39.0989
        12	   39.0971	   24692.4	   39.0989
     12.01	   39.0971	   24692.4	   39.0989
     12.02	   39.0971	   24692.5	   39.0989
     12.03	   39.0971	   24692.5	   39.0989
     12.04	   39.0972	   24692.6	   39.0989
     12.05	   39.0972	   24692.6	   39.0989
     12.06	   39.0972	   24692.6	   39.0989
     12.07	   39.0972	   24692.7	   39.0989
     12.08	   39.0972	   24692.7	   39.0989
     12.09	   39.0972	   24692.8	   39.0989
      12.1	   39.0972	   24692.8	   39.0989
     12.11	   39.0972	   24692.8	   39.0989
     12.12	   39.0972	   24692.9	   39.0989
     12.13	   39.0972	   24692.9	   39.0989
     12.14	   39.0972	     24693	   39.0989
     12.15	   39.0972	     24693	   39.0989
     12.16	   39.0972	     24693	   39.0989
     12.17	   39.0972	   24693.1	   39.0989
     12.18	   39.0972	   24693.1	   39.0989
     12.19	   39.0972	   24693.2	   39.0989
      12.2	   39.0972	   24693.2	   39.0989
     12.21	   39.0972	   24693.3	   39.0989
     12.22	   39.0972	   24693.3	   39.0989
     12.23	   39.0972	   24693.3	   39.0989
     12.24	   39.0972	   24693.4	   39.0989
     12.25	   39.0972	   24693.4	   39.0989
     12.26	   39.0972	   24693.5	   39.0989
     12.27	   39.0972	   24693.5	   39.0989
     12.28	   39.0972	   24693.5	   39.0989
     12.29	   39.0972	   24693.6	   39.0989
      12.3	   39.0972	   24693.6	   39.0989
     12.31	   39.0972	   24693.7	   39.0989
     12.32	   39.0972	   24693.7	   39.0989
     12.33	   39.0972	   24693.7	   39.0989
     12.34	   39.0972	   24693.8	   39.0989
     12.35	   39.0972	   24693.8	   39.0989
     12.36	   39.0972	   24693.9	   39.0989
     12.37	   39.0972	   24693.9	   39.0989
     12.38	   39.0972	   24693.9	   39.0989
     12.39	   39.0972	     24694	   39.0989
      12.4	   39.0972	     24694	   39.0989
     12.41	   39.0972	   24694.1	   39.0989
     12.42	   39.0972	   24694.1	   39.0989
     12.43	   39.0972	   24694.1	   39.0989
     12.44	   39.0972	   24694.2	   39.0989
     12.45	   39.0972	   24694.2	   39.0989
     12.46	   39.0972	   24694.3	   39.0989
     12.47	   39.0972	   24694.3	   39.0989
     12.48	   39.0972	   24694.3	   39.0989
     12.49	   39.0972	   24694.4	   39.0989
      12.5	   39.0972	   24694.4	   39.0989
     12.51	   39.0972	   24694.5	   39.0989
     12.52	   39.0972	   24694.5	   39.0989
     12.53	   39.0972	   24694.6	   39.0989
     12.54	   39.0972	   24694.6	   39.0989
     12.55	   39.0972	   24694.6	   39.0989
     12.56	   39.0972	   24694.7	   39.0989
     12.57	   39.0972	   24694.7	   39.0989
     12.58	   39.0972	   24694.8	   39.0989
     12.59	   39.0972	   24694.8	   39.0989
      12.6	   39.0972	   24694.8	   39.0989
     12.61	   39.0973	   24694.9	   39.0989
     12.62	   39.0973	   24694.9	   39.0989
     12.63	   39.0973	     24695	   39.0989
     12.64	   39.0973	     24695	   39.0989
     12.65	   39.0973	     24695	   39.0989
     12.66	   39.0973	   24695.1	   39.0989
     12.67	   39.0973	   24695.1	   39.0989
     12.68	   39.0973	   24695.2	   39.0989
     12.69	   39.0973	   24695.2	   39.0989
      12.7	   39.0973	   24695.2	   39.0989
     12.71	   39.0973	   24695.3	   39.0989
     12.72	   39.0973	   24695.3	   39.0989
     12.73	   39.0973	   24695.4	   39.0989
     12.74	   39.0973	   24695.4	   39.0989
     12.75	   39.0973	   24695.4	   39.0989
     12.76	   39.0973	   24695.5	   39.0989
     12.77	   39.0973	   24695.5	   39.0989
     12.78	   39.0973	   24695.6	   39.0989
     12.79	   39.0973	   24695.6	   39.0989
      12.8	   39.0973	   24695.6	   39.0989
     12.81	   39.0973	   24695.7	   39.0989
     12.82	   39.0973	   24695.7	   39.0989
     12.83	   39.0973	   24695.8	   39.0989
     12.84	   39.0973	   24695.8	   39.0989
     12.85	   39.0973	   24695.9	   39.0989
     12.86	   39.0973	   24695.9	   39.0989
     12.87	   39.0973	   24695.9	   39.0989
     12.88	   39.0973	     24696	   39.0989
     12.89	   39.0973	     24696	   39.0989
      12.9	   39.0973	   24696.1	   39.0989
     12.91	   39.0973	   24696.1	   39.0989
     12.92	   39.0973	   24696.1	   39.0989
     12.93	   39.0973	   24696.2	   39.0989
     12.94	   39.0973	   24696.2	   39.0989
     12.95	   39.0973	   24696.3	   39.0989
     12.96	   39.0973	   24696.3	   39.0989
     12.97	   39.0973	   24696.3	   39.0989
     12.98	   39.0973	   24696.4	   39.0989
     12.99	   39.0973	   24696.4	   39.0989
        13	   39.0973	   24696.5	   39.0989
     13.01	   39.0973	   24696.5	   39.0989
     13.02	   39.0973	   24696.6	   39.0989
     13.03	   39.0973	   24696.6	   39.0989
     13.04	   39.0973	   24696.6	   39.0989
     13.05	   39.0973	   24696.7	   39.0989
     13.06	   39.0973	   24696.7	   39.0989
     13.07	   39.0973	   24696.8	   39.0989
     13.08	   39.0973	   24696.8	   39.0989
     13.09	   39.0973	   24696.8	   39.0989
      13.1	   39.0973	   24696.9	   39.0989
     13.11	   39.0973	   24696.9	   39.0989
     13.12	   39.0973	     24697	   39.0989
     13.13	   39.0973	     24697	   39.0989
     13.14	   39.0973	   24697.1	   39.0989
     13.15	   39.0973	   24697.1	   39.0989
     13.16	   39.0973	   24697.1	   39.0989
     13.17	   39.0973	   24697.2	   39.0989
     13.18	   39.0973	   24697.2	   39.0989
     13.19	   39.0973	   24697.3	   39.0989
      13.2	   39.0973	   24697.3	   39.0989
     13.21	   39.0973	   24697.3	   39.0989
     13.22	   39.0973	   24697.4	   39.0989
     13.23	   39.0973	   24697.4	   39.0989
     13.24	   39.0973	   24697.5	   39.0989
     13.25	   39.0973	   24697.5	   39.0989
     13.26	   39.0973	   24697.5	   39.0989
     13.27	   39.0973	   24697.6	   39.0989
     13.28	   39.0973	   24697.6	   39.0989
     13.29	   39.0973	   24697.7	   39.0989
      13.3	   39.0973	   24697.7	   39.0989
     13.31	   39.0973	   24697.8	   39.0989
     13.32	   39.0973	   24697.8	   39.0989
     13.33	   39.0973	   24697.8	   39.0989
     13.34	   39.0973	   24697.9	   39.0989
     13.35	   39.0973	   24697.9	   39.0989
     13.36	   39.0973	     24698	   39.0989
     13.37	   39.0973	     24698	   39.0989
     13.38	   39.0973	     24698	   39.0989
     13.39	   39.0973	   24698.1	   39.0989
      13.4	   39.0973	   24698.1	   39.0989
     13.41	   39.0973	   24698.2	   39.0989
     13.42	   39.0973	   24698.2	   39.0989
     13.43	   39.0973	   24698.3	   39.0989
     13.44	   39.0973	   24698.3	   39.0989
     13.45	   39.0973	   24698.3	   39.0989
     13.46	   39.0973	   24698.4	   39.0989
     13.47	   39.0973	   24698.4	   39.0989
     13.48	   39.0973	   24698.5	   39.0989
     13.49	   39.0973	   24698.5	   39.0989
      13.5	   39.0973	   24698.5	   39.0989
     13.51	   39.0973	   24698.6	   39.0989
     13.52	   39.0973	   24698.6	   39.0989
     13.53	   39.0973	   24698.7	   39.0989
     13.54	   39.0973	   24698.7	   39.0989
     13.55	   39.0973	   24698.7	   39.0989
     13.56	   39.0972	   24698.8	   39.0989
     13.57	   39.0972	   24698.8	   39.0989
     13.58	   39.0972	   24698.9	   39.0989
     13.59	   39.0972	   24698.9	   39.0989
      13.6	   39.0972	     24699	   39.0989
     13.61	   39.0972	     24699	   39.0989
     13.62	   39.0972	     24699	   39.0989
     13.63	   39.0972	   24699.1	   39.0989
     13.64	   39.0972	   24699.1	   39.0989
     13.65	   39.0972	   24699.2	   39.0989
     13.66	   39.0972	   24699.2	   39.0989
     13.67	   39.0972	   24699.2	   39.0989
     13.68	   39.0972	   24699.3	   39.0989
     13.69	   39.0972	   24699.3	   39.0989
      13.7	   39.0972	   24699.4	   39.0989
     13.71	   39.0972	   24699.4	   39.0989
     13.72	   39.0972	   24699.4	   39.0989
     13.73	   39.0972	   24699.5	   39.0989
     13.74	   39.0972	   24699.5	   39.0989
     13.75	   39.0972	   24699.6	   39.0989
     13.76	   39.0972	   24699.6	   39.0989
     13.77	   39.0972	   24699.7	   39.0989
     13.78	   39.0972	   24699.7	   39.0989
     13.79	   39.0972	   24699.7	   39.0989
      13.8	   39.0972	   24699.8	   39.0989
     13.81	   39.0972	   24699.8	   39.0989
     13.82	   39.0972	   24699.9	   39.0989
     13.83	   39.0972	   24699.9	   39.0989
     13.84	   39.0972	   24699.9	   39.0989
     13.85	   39.0972	     24700	   39.0989
     13.86	   39.0972	     24700	   39.0989
     13.87	   39.0972	   24700.1	   39.0989
     13.88	   39.0972	   24700.1	   39.0989
     13.89	   39.0972	   24700.2	   39.0989
      13.9	   39.0972	   24700.2	   39.0989
     13.91	   39.0972	   24700.2	   39.0989
     13.92	   39.0972	   24700.3	   39.0989
     13.93	   39.0972	   24700.3	   39.0989
     13.94	   39.0972	   24700.4	   39.0989
     13.95	   39.0972	   24700.4	   39.0989
     13.96	   39.0972	   24700.4	   39.0989
     13.97	   39.0972	   24700.5	   39.0989
     13.98	   39.0972	   24700.5	   39.0989
     13.99	   39.0972	   24700.6	   39.0989
        14	   39.0972	   24700.6	   39.0989
     14.01	   39.0972	   24700.6	   39.0989
     14.02	   39.0972	   24700.7	   39.0989
     14.03	   39.0972	   24700.7	   39.0989
     14.04	   39.0972	   24700.8	   39.0989
     14.05	   39.0972	   24700.8	   39.0989
     14.06	   39.0972	   24700.9	   39.0989
     14.07	   39.0972	   24700.9	   39.0989
     14.08	   39.0972	   24700.9	   39.0989
     14.09	   39.0972	     24701	   39.0989
      14.1	   39.0972	     24701	   39.0989
     14.11	   39.0972	   24701.1	   39.0989
     14.12	   39.0972	   24701.1	   39.0989
     14.13	   39.0972	   24701.1	   39.0989
     14.14	   39.0972	   24701.2	   39.0989
     14.15	   39.0972	   24701.2	   39.0989
     14.16	   39.0972	   24701.3	   39.0989
     14.17	   39.0972	   24701.3	   39.0989
     14.18	   39.0972	   24701.3	   39.0989
     14.19	   39.0972	   24701.4	   39.0989
      14.2	   39.0972	   24701.4	   39.0989
     14.21	   39.0972	   24701.5	   39.0989
     14.22	   39.0972	   24701.5	   39.0989
     14.23	   39.0972	   24701.6	   39.0989
     14.24	   39.0972	   24701.6	   39.0989
     14.25	   39.0972	   24701.6	   39.0989
     14.26	   39.0972	   24701.7	   39.0989
     14.27	   39.0972	   24701.7	   39.0989
     14.28	   39.0972	   24701.8	   39.0989
     14.29	   39.0972	   24701.8	   39.0989
      14.3	   39.0972	   24701.8	   39.0989
     14.31	   39.0972	   24701.9	   39.0989
     14.32	   39.0972	   24701.9	   39.0989
     14.33	   39.0972	     24702	   39.0989
     14.34	   39.0972	     24702	   39.0989
     14.35	   39.0972	   24702.1	   39.0989
     14.36	   39.0972	   24702.1	   39.0989
     14.37	   39.0972	   24702.1	   39.0989
     14.38	   39.0972	   24702.2	   39.0989
     14.39	   39.0972	   24702.2	   39.0989
      14.4	   39.0972	   24702.3	   39.0989
     14.41	   39.0972	   24702.3	   39.0989
     14.42	   39.0972	   24702.3	   39.0989
     14.43	   39.0972	   24702.4	   39.0989
     14.44	   39.0972	   24702.4	   39.0989
     14.45	   39.0972	   24702.5	   39.0989
     14.46	   39.0972	   24702.5	   39.0989
     14.47	   39.0972	   24702.5	   39.0989
     14.48	   39.0972	   24702.6	   39.0989
     14.49	   39.0972	   24702.6	   39.0989
      14.5	   39.0972	   24702.7	   39.0989
     14.51	   39.0972	   24702.7	   39.0989
     14.52	   39.0972	   24702.7	   39.0989
     14.53	   39.0972	   24702.8	   39.0989
     14.54	   39.0972	   24702.8	   39.0989
     14.55	   39.0972	   24702.9	   39.0989
     14.56	   39.0972	   24702.9	   39.0989
     14.57	   39.0972	   24702.9	   39.0989
     14.58	   39.0972	     24703	   39.0989
     14.59	   39.0972	     24703	   39.0989
      14.6	   39.0972	   24703.1	   39.0989
     14.61	   39.0972	   24703.1	   39.0989
     14.62	   39.0972	   24703.1	   39.0989
     14.63	   39.0972	   24703.2	   39.0989
     14.64	   39.0972	   24703.2	   39.0989
     14.65	   39.0972	   24703.3	   39.0989
     14.66	   39.0972	   24703.3	   39.0989
     14.67	   39.0972	   24703.3	   39.0989
     14.68	   39.0972	   24703.4	   39.0989
     14.69	   39.0972	   24703.4	   39.0989
      14.7	   39.0972	   24703.5	   39.0989
     14.71	   39.0972	   24703.5	   39.0989
     14.72	   39.0972	   24703.5	   39.0989
     14.73	   39.0972	   24703.6	   39.0989
     14.74	   39.0972	   24703.6	   39.0989
     14.75	   39.0972	   24703.7	   39.0989
     14.76	   39.0972	   24703.7	   39.0989
     14.77	   39.0972	   24703.7	   39.0989
     14.78	   39.0972	   24703.8	   39.0989
     14.79	   39.0972	   24703.8	   39.0989
      14.8	   39.0972	   24703.9	   39.0989
     14.81	   39.0972	   24703.9	   39.0989
     14.82	   39.0972	   24703.9	   39.0989
     14.83	   39.0972	     24704	   39.0989
     14.84	   39.0972	     24704	   39.0989
     14.85	   39.0972	   24704.1	   39.0989
     14.86	   39.0972	   24704.1	   39.0989
     14.87	   39.0972	   24704.1	   39.0989
     14.88	   39.0972	   24704.2	   39.0989
     14.89	   39.0972	   24704.2	   39.0989
      14.9	   39.0972	   24704.3	   39.0989
     14.91	   39.0972	   24704.3	   39.0989
     14.92	   39.0972	   24704.3	   39.0989
     14.93	   39.0972	   24704.4	   39.0989
     14.94	   39.0972	   24704.4	   39.0989
     14.95	   39.0972	   24704.5	   39.0989
     14.96	   39.0972	   24704.5	   39.0989
     14.97	   39.0972	   24704.5	   39.0989
     14.98	   39.0972	   24704.6	   39.0989
     14.99	   39.0972	   24704.6	   39.0989
        15	   39.0972	   24704.7	   39.0989
