Time	PV	OP	SP
         0	 0.0827435	    151803	 0.0827435
      0.01	 0.0827435	    151803	 0.0827435
      0.02	 0.0827435	    151803	 0.0827435
      0.03	 0.0827435	    151803	 0.0827435
      0.04	 0.0827435	    151803	 0.0827435
      0.05	 0.0827435	    151803	 0.0827435
      0.06	 0.0827435	    151803	 0.0827435
      0.07	 0.0827435	    151803	 0.0827435
      0.08	 0.0827435	    151803	 0.0827435
      0.09	 0.0827435	    151803	 0.0827435
       0.1	 0.0827435	    151803	 0.0827435
      0.11	 0.0827435	    151803	 0.0827435
      0.12	 0.0827435	    151803	 0.0827435
      0.13	 0.0827435	    151803	 0.0827435
      0.14	 0.0827435	    151803	 0.0827435
      0.15	 0.0827435	    151803	 0.0827435
      0.16	 0.0827435	    151803	 0.0827435
      0.17	 0.0827435	    151803	 0.0827435
      0.18	 0.0827435	    151803	 0.0827435
      0.19	 0.0827435	    151803	 0.0827435
       0.2	 0.0827435	    151803	 0.0827435
      0.21	 0.0827435	    151803	 0.0827435
      0.22	 0.0827435	    151803	 0.0827435
      0.23	 0.0827435	    151803	 0.0827435
      0.24	 0.0827435	    151803	 0.0827435
      0.25	 0.0827435	    151803	 0.0827435
      0.26	 0.0827435	    151803	 0.0827435
      0.27	 0.0827435	    151803	 0.0827435
      0.28	 0.0827435	    151803	 0.0827435
      0.29	 0.0827435	    151803	 0.0827435
       0.3	 0.0827435	    151803	 0.0827435
      0.31	 0.0827435	    151803	 0.0827435
      0.32	 0.0827435	    151803	 0.0827435
      0.33	 0.0827435	    151803	 0.0827435
      0.34	 0.0827435	    151803	 0.0827435
      0.35	 0.0827435	    151803	 0.0827435
      0.36	 0.0827435	    151803	 0.0827435
      0.37	 0.0827435	    151803	 0.0827435
      0.38	 0.0827435	    151803	 0.0827435
      0.39	 0.0827435	    151803	 0.0827435
       0.4	 0.0827435	    151803	 0.0827435
      0.41	 0.0827435	    151803	 0.0827435
      0.42	 0.0827435	    151803	 0.0827435
      0.43	 0.0827435	    151803	 0.0827435
      0.44	 0.0827435	    151803	 0.0827435
      0.45	 0.0827435	    151803	 0.0827435
      0.46	 0.0827435	    151803	 0.0827435
      0.47	 0.0827435	    151803	 0.0827435
      0.48	 0.0827435	    151803	 0.0827435
      0.49	 0.0827435	    151803	 0.0827435
       0.5	 0.0827435	    151803	 0.0827435
      0.51	 0.0827435	    151803	 0.0827435
      0.52	 0.0827435	    151803	 0.0827435
      0.53	 0.0827435	    151803	 0.0827435
      0.54	 0.0827435	    151803	 0.0827435
      0.55	 0.0827435	    151803	 0.0827435
      0.56	 0.0827435	    151803	 0.0827435
      0.57	 0.0827435	    151803	 0.0827435
      0.58	 0.0827435	    151803	 0.0827435
      0.59	 0.0827435	    151803	 0.0827435
       0.6	 0.0827435	    151803	 0.0827435
      0.61	 0.0827435	    151803	 0.0827435
      0.62	 0.0827435	    151803	 0.0827435
      0.63	 0.0827435	    151803	 0.0827435
      0.64	 0.0827435	    151803	 0.0827435
      0.65	 0.0827435	    151803	 0.0827435
      0.66	 0.0827435	    151803	 0.0827435
      0.67	 0.0827435	    151803	 0.0827435
      0.68	 0.0827435	    151803	 0.0827435
      0.69	 0.0827435	    151803	 0.0827435
       0.7	 0.0827435	    151803	 0.0827435
      0.71	 0.0827435	    151803	 0.0827435
      0.72	 0.0827435	    151803	 0.0827435
      0.73	 0.0827435	    151803	 0.0827435
      0.74	 0.0827435	    151803	 0.0827435
      0.75	 0.0827435	    151803	 0.0827435
      0.76	 0.0827435	    151803	 0.0827435
      0.77	 0.0827435	    151803	 0.0827435
      0.78	 0.0827435	    151803	 0.0827435
      0.79	 0.0827435	    151803	 0.0827435
       0.8	 0.0827435	    151803	 0.0827435
      0.81	 0.0827435	    151803	 0.0827435
      0.82	 0.0827435	    151803	 0.0827435
      0.83	 0.0827435	    151803	 0.0827435
      0.84	 0.0827435	    151803	 0.0827435
      0.85	 0.0827435	    151803	 0.0827435
      0.86	 0.0827435	    151803	 0.0827435
      0.87	 0.0827435	    151803	 0.0827435
      0.88	 0.0827435	    151803	 0.0827435
      0.89	 0.0827435	    151803	 0.0827435
       0.9	 0.0827435	    151803	 0.0827435
      0.91	 0.0827435	    151803	 0.0827435
      0.92	 0.0827435	    151803	 0.0827435
      0.93	 0.0827435	    151803	 0.0827435
      0.94	 0.0827435	    151803	 0.0827435
      0.95	 0.0827435	    151803	 0.0827435
      0.96	 0.0827435	    151803	 0.0827435
      0.97	 0.0827435	    151803	 0.0827435
      0.98	 0.0827435	    151803	 0.0827435
      0.99	 0.0827435	    151803	 0.0827435
         1	 0.0827435	    151803	 0.0827435
      1.01	 0.0830712	    150297	 0.0827435
      1.02	 0.0830831	    150788	 0.0827435
      1.03	 0.0830916	    151054	 0.0827435
      1.04	 0.0830988	    151208	 0.0827435
      1.05	 0.0831059	    151308	 0.0827435
      1.06	  0.083112	    151353	 0.0827435
      1.07	 0.0831181	    151392	 0.0827435
      1.08	 0.0831231	    151410	 0.0827435
      1.09	 0.0831281	    151427	 0.0827435
       1.1	 0.0831321	    151435	 0.0827435
      1.11	  0.083136	    151443	 0.0827435
      1.12	 0.0831385	    151448	 0.0827435
      1.13	  0.083141	    151452	 0.0827435
      1.14	 0.0831434	    151456	 0.0827435
      1.15	 0.0831443	    151459	 0.0827435
      1.16	 0.0831452	    151461	 0.0827435
      1.17	  0.083146	    151464	 0.0827435
      1.18	 0.0831469	    151466	 0.0827435
      1.19	 0.0831478	    151469	 0.0827435
       1.2	 0.0831476	    151470	 0.0827435
      1.21	 0.0831474	    151471	 0.0827435
      1.22	 0.0831472	    151473	 0.0827435
      1.23	  0.083147	    151474	 0.0827435
      1.24	 0.0831468	    151476	 0.0827435
      1.25	 0.0831459	    151477	 0.0827435
      1.26	  0.083145	    151478	 0.0827435
      1.27	 0.0831441	    151480	 0.0827435
      1.28	 0.0831432	    151481	 0.0827435
      1.29	 0.0831423	    151482	 0.0827435
       1.3	 0.0831407	    151484	 0.0827435
      1.31	 0.0831391	    151485	 0.0827435
      1.32	 0.0831376	    151486	 0.0827435
      1.33	  0.083136	    151487	 0.0827435
      1.34	 0.0831344	    151489	 0.0827435
      1.35	 0.0831322	    151491	 0.0827435
      1.36	   0.08313	    151493	 0.0827435
      1.37	 0.0831278	    151495	 0.0827435
      1.38	 0.0831256	    151497	 0.0827435
      1.39	 0.0831234	    151499	 0.0827435
       1.4	 0.0831206	    151501	 0.0827435
      1.41	 0.0831178	    151503	 0.0827435
      1.42	 0.0831151	    151504	 0.0827435
      1.43	 0.0831123	    151507	 0.0827435
      1.44	 0.0831095	    151509	 0.0827435
      1.45	 0.0831061	    151512	 0.0827435
      1.46	 0.0831028	    151514	 0.0827435
      1.47	 0.0830994	    151517	 0.0827435
      1.48	  0.083096	    151519	 0.0827435
      1.49	 0.0830927	    151522	 0.0827435
       1.5	 0.0830888	    151525	 0.0827435
      1.51	 0.0830849	    151528	 0.0827435
      1.52	 0.0830809	    151532	 0.0827435
      1.53	  0.083077	    151535	 0.0827435
      1.54	 0.0830731	    151538	 0.0827435
      1.55	 0.0830687	    151541	 0.0827435
      1.56	 0.0830644	    151544	 0.0827435
      1.57	   0.08306	    151547	 0.0827435
      1.58	 0.0830556	    151550	 0.0827435
      1.59	 0.0830512	    151554	 0.0827435
       1.6	 0.0830464	    151558	 0.0827435
      1.61	 0.0830416	    151561	 0.0827435
      1.62	 0.0830369	    151565	 0.0827435
      1.63	 0.0830321	    151568	 0.0827435
      1.64	 0.0830273	    151572	 0.0827435
      1.65	 0.0830222	    151575	 0.0827435
      1.66	  0.083017	    151579	 0.0827435
      1.67	 0.0830119	    151583	 0.0827435
      1.68	 0.0830067	    151586	 0.0827435
      1.69	 0.0830016	    151590	 0.0827435
       1.7	 0.0829965	    151594	 0.0827435
      1.71	 0.0829911	    151598	 0.0827435
      1.72	 0.0829856	    151602	 0.0827435
      1.73	 0.0829802	    151605	 0.0827435
      1.74	 0.0829748	    151609	 0.0827435
      1.75	 0.0829694	    151613	 0.0827435
      1.76	  0.082964	    151617	 0.0827435
      1.77	 0.0829584	    151620	 0.0827435
      1.78	 0.0829528	    151624	 0.0827435
      1.79	 0.0829471	    151628	 0.0827435
       1.8	 0.0829415	    151632	 0.0827435
      1.81	 0.0829359	    151636	 0.0827435
      1.82	 0.0829303	    151640	 0.0827435
      1.83	 0.0829247	    151643	 0.0827435
      1.84	  0.082919	    151647	 0.0827435
      1.85	 0.0829133	    151651	 0.0827435
      1.86	 0.0829076	    151655	 0.0827435
      1.87	  0.082902	    151659	 0.0827435
      1.88	 0.0828963	    151663	 0.0827435
      1.89	 0.0828906	    151666	 0.0827435
       1.9	 0.0828849	    151670	 0.0827435
      1.91	 0.0828792	    151674	 0.0827435
      1.92	 0.0828736	    151678	 0.0827435
      1.93	 0.0828679	    151682	 0.0827435
      1.94	 0.0828622	    151685	 0.0827435
      1.95	 0.0828565	    151689	 0.0827435
      1.96	 0.0828508	    151693	 0.0827435
      1.97	 0.0828452	    151697	 0.0827435
      1.98	 0.0828395	    151701	 0.0827435
      1.99	 0.0828338	    151705	 0.0827435
         2	 0.0828281	    151708	 0.0827435
      2.01	 0.0828224	    151712	 0.0827435
      2.02	 0.0828168	    151716	 0.0827435
      2.03	 0.0828111	    151720	 0.0827435
      2.04	 0.0828057	    151724	 0.0827435
      2.05	 0.0828003	    151728	 0.0827435
      2.06	 0.0827949	    151731	 0.0827435
      2.07	 0.0827896	    151735	 0.0827435
      2.08	 0.0827842	    151739	 0.0827435
      2.09	 0.0827788	    151743	 0.0827435
       2.1	 0.0827734	    151746	 0.0827435
      2.11	  0.082768	    151750	 0.0827435
      2.12	 0.0827626	    151753	 0.0827435
      2.13	 0.0827575	    151756	 0.0827435
      2.14	 0.0827525	    151760	 0.0827435
      2.15	 0.0827474	    151763	 0.0827435
      2.16	 0.0827423	    151767	 0.0827435
      2.17	 0.0827372	    151770	 0.0827435
      2.18	 0.0827321	    151773	 0.0827435
      2.19	 0.0827274	    151777	 0.0827435
       2.2	 0.0827226	    151780	 0.0827435
      2.21	 0.0827179	    151783	 0.0827435
      2.22	 0.0827132	    151786	 0.0827435
      2.23	 0.0827084	    151789	 0.0827435
      2.24	 0.0827037	    151792	 0.0827435
      2.25	 0.0826989	    151795	 0.0827435
      2.26	 0.0826945	    151798	 0.0827435
      2.27	 0.0826901	    151801	 0.0827435
      2.28	 0.0826857	    151804	 0.0827435
      2.29	 0.0826813	    151807	 0.0827435
       2.3	 0.0826769	    151810	 0.0827435
      2.31	 0.0826727	    151812	 0.0827435
      2.32	 0.0826686	    151815	 0.0827435
      2.33	 0.0826645	    151817	 0.0827435
      2.34	 0.0826604	    151820	 0.0827435
      2.35	 0.0826563	    151823	 0.0827435
      2.36	 0.0826525	    151825	 0.0827435
      2.37	 0.0826487	    151828	 0.0827435
      2.38	 0.0826449	    151831	 0.0827435
      2.39	 0.0826412	    151833	 0.0827435
       2.4	 0.0826374	    151835	 0.0827435
      2.41	 0.0826339	    151837	 0.0827435
      2.42	 0.0826304	    151840	 0.0827435
      2.43	 0.0826269	    151842	 0.0827435
      2.44	 0.0826234	    151844	 0.0827435
      2.45	 0.0826202	    151846	 0.0827435
      2.46	  0.082617	    151848	 0.0827435
      2.47	 0.0826139	    151851	 0.0827435
      2.48	 0.0826107	    151853	 0.0827435
      2.49	 0.0826075	    151855	 0.0827435
       2.5	 0.0826047	    151856	 0.0827435
      2.51	 0.0826018	    151858	 0.0827435
      2.52	  0.082599	    151860	 0.0827435
      2.53	 0.0825962	    151862	 0.0827435
      2.54	 0.0825934	    151863	 0.0827435
      2.55	 0.0825909	    151865	 0.0827435
      2.56	 0.0825884	    151867	 0.0827435
      2.57	 0.0825859	    151869	 0.0827435
      2.58	 0.0825835	    151870	 0.0827435
      2.59	  0.082581	    151872	 0.0827435
       2.6	 0.0825789	    151873	 0.0827435
      2.61	 0.0825767	    151874	 0.0827435
      2.62	 0.0825746	    151876	 0.0827435
      2.63	 0.0825725	    151877	 0.0827435
      2.64	 0.0825703	    151878	 0.0827435
      2.65	 0.0825686	    151880	 0.0827435
      2.66	 0.0825668	    151881	 0.0827435
      2.67	 0.0825651	    151882	 0.0827435
      2.68	 0.0825634	    151883	 0.0827435
      2.69	 0.0825616	    151884	 0.0827435
       2.7	 0.0825599	    151885	 0.0827435
      2.71	 0.0825585	    151886	 0.0827435
      2.72	 0.0825571	    151887	 0.0827435
      2.73	 0.0825557	    151888	 0.0827435
      2.74	 0.0825543	    151889	 0.0827435
      2.75	 0.0825529	    151890	 0.0827435
      2.76	 0.0825519	    151891	 0.0827435
      2.77	 0.0825508	    151891	 0.0827435
      2.78	 0.0825497	    151892	 0.0827435
      2.79	 0.0825487	    151893	 0.0827435
       2.8	 0.0825476	    151893	 0.0827435
      2.81	 0.0825468	    151894	 0.0827435
      2.82	 0.0825461	    151894	 0.0827435
      2.83	 0.0825453	    151895	 0.0827435
      2.84	 0.0825446	    151895	 0.0827435
      2.85	 0.0825438	    151896	 0.0827435
      2.86	 0.0825433	    151896	 0.0827435
      2.87	 0.0825429	    151897	 0.0827435
      2.88	 0.0825424	    151897	 0.0827435
      2.89	 0.0825419	    151898	 0.0827435
       2.9	 0.0825415	    151898	 0.0827435
      2.91	 0.0825413	    151898	 0.0827435
      2.92	 0.0825411	    151898	 0.0827435
      2.93	 0.0825409	    151898	 0.0827435
      2.94	 0.0825407	    151898	 0.0827435
      2.95	 0.0825405	    151898	 0.0827435
      2.96	 0.0825406	    151899	 0.0827435
      2.97	 0.0825406	    151899	 0.0827435
      2.98	 0.0825407	    151899	 0.0827435
      2.99	 0.0825407	    151899	 0.0827435
         3	 0.0825408	    151899	 0.0827435
      3.01	 0.0825411	    151899	 0.0827435
      3.02	 0.0825414	    151899	 0.0827435
      3.03	 0.0825417	    151899	 0.0827435
      3.04	  0.082542	    151898	 0.0827435
      3.05	 0.0825423	    151898	 0.0827435
      3.06	 0.0825426	    151898	 0.0827435
      3.07	 0.0825432	    151898	 0.0827435
      3.08	 0.0825437	    151898	 0.0827435
      3.09	 0.0825443	    151898	 0.0827435
       3.1	 0.0825448	    151897	 0.0827435
      3.11	 0.0825454	    151897	 0.0827435
      3.12	 0.0825461	    151897	 0.0827435
      3.13	 0.0825468	    151896	 0.0827435
      3.14	 0.0825476	    151896	 0.0827435
      3.15	 0.0825483	    151896	 0.0827435
      3.16	  0.082549	    151895	 0.0827435
      3.17	 0.0825498	    151895	 0.0827435
      3.18	 0.0825507	    151894	 0.0827435
      3.19	 0.0825517	    151894	 0.0827435
       3.2	 0.0825526	    151894	 0.0827435
      3.21	 0.0825536	    151893	 0.0827435
      3.22	 0.0825545	    151893	 0.0827435
      3.23	 0.0825555	    151892	 0.0827435
      3.24	 0.0825564	    151892	 0.0827435
      3.25	 0.0825576	    151891	 0.0827435
      3.26	 0.0825587	    151891	 0.0827435
      3.27	 0.0825599	    151890	 0.0827435
      3.28	  0.082561	    151889	 0.0827435
      3.29	 0.0825622	    151889	 0.0827435
       3.3	 0.0825633	    151888	 0.0827435
      3.31	 0.0825644	    151888	 0.0827435
      3.32	 0.0825656	    151887	 0.0827435
      3.33	 0.0825667	    151886	 0.0827435
      3.34	 0.0825681	    151886	 0.0827435
      3.35	 0.0825694	    151885	 0.0827435
      3.36	 0.0825707	    151885	 0.0827435
      3.37	  0.082572	    151884	 0.0827435
      3.38	 0.0825734	    151883	 0.0827435
      3.39	 0.0825747	    151883	 0.0827435
       3.4	  0.082576	    151882	 0.0827435
      3.41	 0.0825774	    151882	 0.0827435
      3.42	 0.0825787	    151881	 0.0827435
      3.43	   0.08258	    151880	 0.0827435
      3.44	 0.0825814	    151880	 0.0827435
      3.45	 0.0825827	    151879	 0.0827435
      3.46	  0.082584	    151879	 0.0827435
      3.47	 0.0825854	    151878	 0.0827435
      3.48	 0.0825868	    151877	 0.0827435
      3.49	 0.0825881	    151877	 0.0827435
       3.5	 0.0825895	    151876	 0.0827435
      3.51	 0.0825909	    151876	 0.0827435
      3.52	 0.0825922	    151875	 0.0827435
      3.53	 0.0825936	    151874	 0.0827435
      3.54	  0.082595	    151874	 0.0827435
      3.55	 0.0825963	    151873	 0.0827435
      3.56	 0.0825977	    151872	 0.0827435
      3.57	 0.0825991	    151872	 0.0827435
      3.58	 0.0826005	    151871	 0.0827435
      3.59	 0.0826018	    151871	 0.0827435
       3.6	 0.0826032	    151870	 0.0827435
      3.61	 0.0826046	    151869	 0.0827435
      3.62	 0.0826059	    151869	 0.0827435
      3.63	 0.0826073	    151868	 0.0827435
      3.64	 0.0826087	    151867	 0.0827435
      3.65	   0.08261	    151867	 0.0827435
      3.66	 0.0826114	    151866	 0.0827435
      3.67	 0.0826128	    151866	 0.0827435
      3.68	 0.0826142	    151865	 0.0827435
      3.69	 0.0826155	    151864	 0.0827435
       3.7	 0.0826169	    151864	 0.0827435
      3.71	 0.0826183	    151863	 0.0827435
      3.72	 0.0826196	    151863	 0.0827435
      3.73	  0.082621	    151862	 0.0827435
      3.74	 0.0826224	    151861	 0.0827435
      3.75	 0.0826237	    151861	 0.0827435
      3.76	 0.0826251	    151860	 0.0827435
      3.77	 0.0826265	    151859	 0.0827435
      3.78	 0.0826279	    151859	 0.0827435
      3.79	 0.0826292	    151858	 0.0827435
       3.8	 0.0826306	    151858	 0.0827435
      3.81	  0.082632	    151858	 0.0827435
      3.82	 0.0826333	    151857	 0.0827435
      3.83	 0.0826347	    151857	 0.0827435
      3.84	 0.0826361	    151856	 0.0827435
      3.85	 0.0826372	    151856	 0.0827435
      3.86	 0.0826383	    151856	 0.0827435
      3.87	 0.0826395	    151855	 0.0827435
      3.88	 0.0826406	    151855	 0.0827435
      3.89	 0.0826417	    151854	 0.0827435
       3.9	 0.0826428	    151854	 0.0827435
      3.91	  0.082644	    151854	 0.0827435
      3.92	 0.0826451	    151853	 0.0827435
      3.93	 0.0826462	    151853	 0.0827435
      3.94	 0.0826473	    151852	 0.0827435
      3.95	 0.0826485	    151852	 0.0827435
      3.96	 0.0826494	    151851	 0.0827435
      3.97	 0.0826504	    151851	 0.0827435
      3.98	 0.0826513	    151851	 0.0827435
      3.99	 0.0826523	    151851	 0.0827435
         4	 0.0826532	    151851	 0.0827435
      4.01	 0.0826542	    151850	 0.0827435
      4.02	 0.0826551	    151850	 0.0827435
      4.03	 0.0826561	    151850	 0.0827435
      4.04	  0.082657	    151850	 0.0827435
      4.05	 0.0826578	    151850	 0.0827435
      4.06	 0.0826586	    151849	 0.0827435
      4.07	 0.0826594	    151849	 0.0827435
      4.08	 0.0826601	    151849	 0.0827435
      4.09	 0.0826609	    151849	 0.0827435
       4.1	 0.0826617	    151848	 0.0827435
      4.11	 0.0826625	    151848	 0.0827435
      4.12	 0.0826632	    151848	 0.0827435
      4.13	  0.082664	    151848	 0.0827435
      4.14	 0.0826648	    151848	 0.0827435
      4.15	 0.0826654	    151848	 0.0827435
      4.16	  0.082666	    151848	 0.0827435
      4.17	 0.0826665	    151848	 0.0827435
      4.18	 0.0826671	    151848	 0.0827435
      4.19	 0.0826677	    151848	 0.0827435
       4.2	 0.0826683	    151848	 0.0827435
      4.21	 0.0826688	    151848	 0.0827435
      4.22	 0.0826694	    151848	 0.0827435
      4.23	   0.08267	    151848	 0.0827435
      4.24	 0.0826706	    151848	 0.0827435
      4.25	  0.082671	    151848	 0.0827435
      4.26	 0.0826713	    151848	 0.0827435
      4.27	 0.0826717	    151849	 0.0827435
      4.28	 0.0826721	    151849	 0.0827435
      4.29	 0.0826725	    151849	 0.0827435
       4.3	 0.0826729	    151849	 0.0827435
      4.31	 0.0826733	    151849	 0.0827435
      4.32	 0.0826736	    151849	 0.0827435
      4.33	  0.082674	    151850	 0.0827435
      4.34	 0.0826744	    151850	 0.0827435
      4.35	 0.0826746	    151850	 0.0827435
      4.36	 0.0826748	    151850	 0.0827435
      4.37	  0.082675	    151850	 0.0827435
      4.38	 0.0826752	    151850	 0.0827435
      4.39	 0.0826754	    151851	 0.0827435
       4.4	 0.0826756	    151851	 0.0827435
      4.41	 0.0826758	    151851	 0.0827435
      4.42	  0.082676	    151851	 0.0827435
      4.43	 0.0826762	    151852	 0.0827435
      4.44	 0.0826764	    151852	 0.0827435
      4.45	 0.0826764	    151853	 0.0827435
      4.46	 0.0826764	    151853	 0.0827435
      4.47	 0.0826764	    151853	 0.0827435
      4.48	 0.0826764	    151854	 0.0827435
      4.49	 0.0826765	    151854	 0.0827435
       4.5	 0.0826765	    151854	 0.0827435
      4.51	 0.0826765	    151855	 0.0827435
      4.52	 0.0826765	    151855	 0.0827435
      4.53	 0.0826765	    151855	 0.0827435
      4.54	 0.0826765	    151856	 0.0827435
      4.55	 0.0826766	    151856	 0.0827435
      4.56	 0.0826764	    151856	 0.0827435
      4.57	 0.0826763	    151857	 0.0827435
      4.58	 0.0826761	    151857	 0.0827435
      4.59	  0.082676	    151858	 0.0827435
       4.6	 0.0826758	    151858	 0.0827435
      4.61	 0.0826757	    151859	 0.0827435
      4.62	 0.0826756	    151859	 0.0827435
      4.63	 0.0826754	    151860	 0.0827435
      4.64	 0.0826753	    151860	 0.0827435
      4.65	 0.0826751	    151861	 0.0827435
      4.66	 0.0826749	    151861	 0.0827435
      4.67	 0.0826746	    151862	 0.0827435
      4.68	 0.0826743	    151862	 0.0827435
      4.69	  0.082674	    151863	 0.0827435
       4.7	 0.0826738	    151863	 0.0827435
      4.71	 0.0826735	    151864	 0.0827435
      4.72	 0.0826732	    151864	 0.0827435
      4.73	 0.0826729	    151865	 0.0827435
      4.74	 0.0826727	    151865	 0.0827435
      4.75	 0.0826724	    151866	 0.0827435
      4.76	 0.0826721	    151866	 0.0827435
      4.77	 0.0826718	    151867	 0.0827435
      4.78	 0.0826714	    151868	 0.0827435
      4.79	 0.0826711	    151868	 0.0827435
       4.8	 0.0826707	    151869	 0.0827435
      4.81	 0.0826703	    151869	 0.0827435
      4.82	 0.0826699	    151870	 0.0827435
      4.83	 0.0826695	    151871	 0.0827435
      4.84	 0.0826691	    151871	 0.0827435
      4.85	 0.0826687	    151872	 0.0827435
      4.86	 0.0826683	    151873	 0.0827435
      4.87	 0.0826679	    151873	 0.0827435
      4.88	 0.0826675	    151874	 0.0827435
      4.89	 0.0826671	    151874	 0.0827435
       4.9	 0.0826667	    151875	 0.0827435
      4.91	 0.0826663	    151876	 0.0827435
      4.92	 0.0826658	    151876	 0.0827435
      4.93	 0.0826653	    151877	 0.0827435
      4.94	 0.0826648	    151878	 0.0827435
      4.95	 0.0826643	    151878	 0.0827435
      4.96	 0.0826639	    151879	 0.0827435
      4.97	 0.0826634	    151879	 0.0827435
      4.98	 0.0826629	    151880	 0.0827435
      4.99	 0.0826624	    151881	 0.0827435
         5	 0.0826619	    151881	 0.0827435
      5.01	 0.0826614	    151882	 0.0827435
      5.02	 0.0826609	    151883	 0.0827435
      5.03	 0.0826605	    151883	 0.0827435
      5.04	   0.08266	    151884	 0.0827435
      5.05	 0.0826595	    151885	 0.0827435
      5.06	  0.082659	    151885	 0.0827435
      5.07	 0.0826585	    151886	 0.0827435
      5.08	  0.082658	    151886	 0.0827435
      5.09	 0.0826576	    151887	 0.0827435
       5.1	 0.0826571	    151888	 0.0827435
      5.11	 0.0826566	    151888	 0.0827435
      5.12	 0.0826561	    151889	 0.0827435
      5.13	 0.0826556	    151890	 0.0827435
      5.14	 0.0826551	    151890	 0.0827435
      5.15	 0.0826546	    151891	 0.0827435
      5.16	 0.0826541	    151891	 0.0827435
      5.17	 0.0826536	    151892	 0.0827435
      5.18	 0.0826531	    151893	 0.0827435
      5.19	 0.0826527	    151893	 0.0827435
       5.2	 0.0826522	    151894	 0.0827435
      5.21	 0.0826517	    151895	 0.0827435
      5.22	 0.0826512	    151895	 0.0827435
      5.23	 0.0826507	    151896	 0.0827435
      5.24	 0.0826502	    151897	 0.0827435
      5.25	 0.0826497	    151897	 0.0827435
      5.26	 0.0826492	    151898	 0.0827435
      5.27	 0.0826487	    151898	 0.0827435
      5.28	 0.0826483	    151899	 0.0827435
      5.29	 0.0826478	    151900	 0.0827435
       5.3	 0.0826473	    151900	 0.0827435
      5.31	 0.0826468	    151901	 0.0827435
      5.32	 0.0826463	    151902	 0.0827435
      5.33	 0.0826458	    151902	 0.0827435
      5.34	 0.0826453	    151903	 0.0827435
      5.35	 0.0826448	    151903	 0.0827435
      5.36	 0.0826443	    151904	 0.0827435
      5.37	 0.0826438	    151905	 0.0827435
      5.38	 0.0826434	    151905	 0.0827435
      5.39	 0.0826429	    151906	 0.0827435
       5.4	 0.0826424	    151907	 0.0827435
      5.41	 0.0826419	    151907	 0.0827435
      5.42	 0.0826414	    151908	 0.0827435
      5.43	 0.0826409	    151908	 0.0827435
      5.44	 0.0826404	    151909	 0.0827435
      5.45	 0.0826399	    151910	 0.0827435
      5.46	 0.0826394	    151910	 0.0827435
      5.47	 0.0826391	    151911	 0.0827435
      5.48	 0.0826387	    151912	 0.0827435
      5.49	 0.0826383	    151912	 0.0827435
       5.5	 0.0826379	    151913	 0.0827435
      5.51	 0.0826375	    151914	 0.0827435
      5.52	 0.0826371	    151914	 0.0827435
      5.53	 0.0826367	    151915	 0.0827435
      5.54	 0.0826363	    151915	 0.0827435
      5.55	 0.0826359	    151916	 0.0827435
      5.56	 0.0826356	    151916	 0.0827435
      5.57	 0.0826352	    151917	 0.0827435
      5.58	 0.0826348	    151917	 0.0827435
      5.59	 0.0826344	    151918	 0.0827435
       5.6	  0.082634	    151918	 0.0827435
      5.61	 0.0826336	    151919	 0.0827435
      5.62	 0.0826332	    151919	 0.0827435
      5.63	 0.0826329	    151920	 0.0827435
      5.64	 0.0826326	    151920	 0.0827435
      5.65	 0.0826324	    151921	 0.0827435
      5.66	 0.0826321	    151921	 0.0827435
      5.67	 0.0826318	    151922	 0.0827435
      5.68	 0.0826315	    151922	 0.0827435
      5.69	 0.0826312	    151923	 0.0827435
       5.7	 0.0826309	    151923	 0.0827435
      5.71	 0.0826306	    151924	 0.0827435
      5.72	 0.0826303	    151924	 0.0827435
      5.73	   0.08263	    151925	 0.0827435
      5.74	 0.0826297	    151925	 0.0827435
      5.75	 0.0826295	    151926	 0.0827435
      5.76	 0.0826292	    151926	 0.0827435
      5.77	 0.0826289	    151927	 0.0827435
      5.78	 0.0826286	    151927	 0.0827435
      5.79	 0.0826284	    151928	 0.0827435
       5.8	 0.0826282	    151928	 0.0827435
      5.81	  0.082628	    151929	 0.0827435
      5.82	 0.0826279	    151929	 0.0827435
      5.83	 0.0826277	    151930	 0.0827435
      5.84	 0.0826275	    151930	 0.0827435
      5.85	 0.0826273	    151930	 0.0827435
      5.86	 0.0826271	    151931	 0.0827435
      5.87	  0.082627	    151931	 0.0827435
      5.88	 0.0826268	    151932	 0.0827435
      5.89	 0.0826266	    151932	 0.0827435
       5.9	 0.0826264	    151932	 0.0827435
      5.91	 0.0826262	    151933	 0.0827435
      5.92	 0.0826261	    151933	 0.0827435
      5.93	 0.0826259	    151934	 0.0827435
      5.94	 0.0826257	    151934	 0.0827435
      5.95	 0.0826255	    151934	 0.0827435
      5.96	 0.0826254	    151935	 0.0827435
      5.97	 0.0826254	    151935	 0.0827435
      5.98	 0.0826253	    151935	 0.0827435
      5.99	 0.0826252	    151936	 0.0827435
         6	 0.0826251	    151936	 0.0827435
      6.01	  0.082625	    151937	 0.0827435
      6.02	  0.082625	    151937	 0.0827435
      6.03	 0.0826249	    151937	 0.0827435
      6.04	 0.0826248	    151938	 0.0827435
      6.05	 0.0826247	    151938	 0.0827435
      6.06	 0.0826247	    151939	 0.0827435
      6.07	 0.0826246	    151939	 0.0827435
      6.08	 0.0826245	    151939	 0.0827435
      6.09	 0.0826244	    151940	 0.0827435
       6.1	 0.0826243	    151940	 0.0827435
      6.11	 0.0826243	    151940	 0.0827435
      6.12	 0.0826243	    151940	 0.0827435
      6.13	 0.0826243	    151941	 0.0827435
      6.14	 0.0826243	    151941	 0.0827435
      6.15	 0.0826243	    151941	 0.0827435
      6.16	 0.0826243	    151942	 0.0827435
      6.17	 0.0826243	    151942	 0.0827435
      6.18	 0.0826243	    151942	 0.0827435
      6.19	 0.0826244	    151942	 0.0827435
       6.2	 0.0826244	    151943	 0.0827435
      6.21	 0.0826244	    151943	 0.0827435
      6.22	 0.0826244	    151943	 0.0827435
      6.23	 0.0826244	    151944	 0.0827435
      6.24	 0.0826244	    151944	 0.0827435
      6.25	 0.0826244	    151944	 0.0827435
      6.26	 0.0826244	    151944	 0.0827435
      6.27	 0.0826245	    151945	 0.0827435
      6.28	 0.0826245	    151945	 0.0827435
      6.29	 0.0826246	    151945	 0.0827435
       6.3	 0.0826247	    151946	 0.0827435
      6.31	 0.0826247	    151946	 0.0827435
      6.32	 0.0826248	    151946	 0.0827435
      6.33	 0.0826249	    151946	 0.0827435
      6.34	  0.082625	    151947	 0.0827435
      6.35	 0.0826251	    151947	 0.0827435
      6.36	 0.0826252	    151947	 0.0827435
      6.37	 0.0826253	    151948	 0.0827435
      6.38	 0.0826254	    151948	 0.0827435
      6.39	 0.0826255	    151948	 0.0827435
       6.4	 0.0826256	    151948	 0.0827435
      6.41	 0.0826257	    151949	 0.0827435
      6.42	 0.0826258	    151949	 0.0827435
      6.43	 0.0826259	    151949	 0.0827435
      6.44	  0.082626	    151949	 0.0827435
      6.45	 0.0826261	    151950	 0.0827435
      6.46	 0.0826262	    151950	 0.0827435
      6.47	 0.0826263	    151950	 0.0827435
      6.48	 0.0826263	    151950	 0.0827435
      6.49	 0.0826264	    151950	 0.0827435
       6.5	 0.0826265	    151951	 0.0827435
      6.51	 0.0826266	    151951	 0.0827435
      6.52	 0.0826268	    151951	 0.0827435
      6.53	 0.0826269	    151951	 0.0827435
      6.54	 0.0826271	    151952	 0.0827435
      6.55	 0.0826272	    151952	 0.0827435
      6.56	 0.0826274	    151952	 0.0827435
      6.57	 0.0826275	    151952	 0.0827435
      6.58	 0.0826277	    151952	 0.0827435
      6.59	 0.0826278	    151953	 0.0827435
       6.6	  0.082628	    151953	 0.0827435
      6.61	 0.0826281	    151953	 0.0827435
      6.62	 0.0826283	    151953	 0.0827435
      6.63	 0.0826284	    151954	 0.0827435
      6.64	 0.0826286	    151954	 0.0827435
      6.65	 0.0826287	    151954	 0.0827435
      6.66	 0.0826289	    151954	 0.0827435
      6.67	 0.0826291	    151954	 0.0827435
      6.68	 0.0826292	    151955	 0.0827435
      6.69	 0.0826294	    151955	 0.0827435
       6.7	 0.0826295	    151955	 0.0827435
      6.71	 0.0826297	    151955	 0.0827435
      6.72	 0.0826298	    151956	 0.0827435
      6.73	   0.08263	    151956	 0.0827435
      6.74	 0.0826301	    151956	 0.0827435
      6.75	 0.0826303	    151956	 0.0827435
      6.76	 0.0826304	    151956	 0.0827435
      6.77	 0.0826306	    151957	 0.0827435
      6.78	 0.0826307	    151957	 0.0827435
      6.79	 0.0826309	    151957	 0.0827435
       6.8	  0.082631	    151957	 0.0827435
      6.81	 0.0826312	    151958	 0.0827435
      6.82	 0.0826313	    151958	 0.0827435
      6.83	 0.0826315	    151958	 0.0827435
      6.84	 0.0826316	    151958	 0.0827435
      6.85	 0.0826318	    151958	 0.0827435
      6.86	 0.0826319	    151959	 0.0827435
      6.87	 0.0826321	    151959	 0.0827435
      6.88	 0.0826322	    151959	 0.0827435
      6.89	 0.0826323	    151959	 0.0827435
       6.9	 0.0826325	    151960	 0.0827435
      6.91	 0.0826326	    151960	 0.0827435
      6.92	 0.0826328	    151960	 0.0827435
      6.93	 0.0826329	    151960	 0.0827435
      6.94	 0.0826331	    151960	 0.0827435
      6.95	 0.0826332	    151961	 0.0827435
      6.96	 0.0826334	    151961	 0.0827435
      6.97	 0.0826335	    151961	 0.0827435
      6.98	 0.0826336	    151961	 0.0827435
      6.99	 0.0826338	    151962	 0.0827435
         7	 0.0826339	    151962	 0.0827435
      7.01	 0.0826341	    151962	 0.0827435
      7.02	 0.0826342	    151962	 0.0827435
      7.03	 0.0826344	    151962	 0.0827435
      7.04	 0.0826345	    151963	 0.0827435
      7.05	 0.0826346	    151963	 0.0827435
      7.06	 0.0826348	    151963	 0.0827435
      7.07	 0.0826349	    151963	 0.0827435
      7.08	 0.0826351	    151964	 0.0827435
      7.09	 0.0826352	    151964	 0.0827435
       7.1	 0.0826354	    151964	 0.0827435
      7.11	 0.0826355	    151964	 0.0827435
      7.12	 0.0826357	    151965	 0.0827435
      7.13	 0.0826358	    151965	 0.0827435
      7.14	 0.0826359	    151965	 0.0827435
      7.15	 0.0826361	    151966	 0.0827435
      7.16	 0.0826362	    151966	 0.0827435
      7.17	 0.0826364	    151966	 0.0827435
      7.18	 0.0826365	    151966	 0.0827435
      7.19	 0.0826367	    151967	 0.0827435
       7.2	 0.0826368	    151967	 0.0827435
      7.21	  0.082637	    151967	 0.0827435
      7.22	 0.0826371	    151967	 0.0827435
      7.23	 0.0826372	    151968	 0.0827435
      7.24	 0.0826374	    151968	 0.0827435
      7.25	 0.0826375	    151968	 0.0827435
      7.26	 0.0826377	    151968	 0.0827435
      7.27	 0.0826378	    151969	 0.0827435
      7.28	 0.0826379	    151969	 0.0827435
      7.29	  0.082638	    151969	 0.0827435
       7.3	 0.0826381	    151969	 0.0827435
      7.31	 0.0826382	    151970	 0.0827435
      7.32	 0.0826382	    151970	 0.0827435
      7.33	 0.0826383	    151970	 0.0827435
      7.34	 0.0826384	    151970	 0.0827435
      7.35	 0.0826385	    151971	 0.0827435
      7.36	 0.0826386	    151971	 0.0827435
      7.37	 0.0826387	    151971	 0.0827435
      7.38	 0.0826388	    151971	 0.0827435
      7.39	 0.0826389	    151972	 0.0827435
       7.4	 0.0826389	    151972	 0.0827435
      7.41	  0.082639	    151972	 0.0827435
      7.42	 0.0826391	    151972	 0.0827435
      7.43	 0.0826392	    151973	 0.0827435
      7.44	 0.0826393	    151973	 0.0827435
      7.45	 0.0826394	    151973	 0.0827435
      7.46	 0.0826395	    151973	 0.0827435
      7.47	 0.0826395	    151974	 0.0827435
      7.48	 0.0826396	    151974	 0.0827435
      7.49	 0.0826397	    151974	 0.0827435
       7.5	 0.0826398	    151974	 0.0827435
      7.51	 0.0826399	    151975	 0.0827435
      7.52	   0.08264	    151975	 0.0827435
      7.53	 0.0826401	    151975	 0.0827435
      7.54	 0.0826401	    151975	 0.0827435
      7.55	 0.0826402	    151976	 0.0827435
      7.56	 0.0826403	    151976	 0.0827435
      7.57	 0.0826403	    151976	 0.0827435
      7.58	 0.0826404	    151977	 0.0827435
      7.59	 0.0826404	    151977	 0.0827435
       7.6	 0.0826404	    151977	 0.0827435
      7.61	 0.0826405	    151978	 0.0827435
      7.62	 0.0826405	    151978	 0.0827435
      7.63	 0.0826405	    151978	 0.0827435
      7.64	 0.0826406	    151979	 0.0827435
      7.65	 0.0826406	    151979	 0.0827435
      7.66	 0.0826406	    151979	 0.0827435
      7.67	 0.0826407	    151979	 0.0827435
      7.68	 0.0826407	    151980	 0.0827435
      7.69	 0.0826407	    151980	 0.0827435
       7.7	 0.0826408	    151980	 0.0827435
      7.71	 0.0826408	    151981	 0.0827435
      7.72	 0.0826408	    151981	 0.0827435
      7.73	 0.0826409	    151981	 0.0827435
      7.74	 0.0826409	    151982	 0.0827435
      7.75	 0.0826409	    151982	 0.0827435
      7.76	  0.082641	    151982	 0.0827435
      7.77	  0.082641	    151983	 0.0827435
      7.78	  0.082641	    151983	 0.0827435
      7.79	 0.0826411	    151983	 0.0827435
       7.8	 0.0826411	    151984	 0.0827435
      7.81	 0.0826411	    151984	 0.0827435
      7.82	 0.0826412	    151984	 0.0827435
      7.83	 0.0826412	    151984	 0.0827435
      7.84	 0.0826412	    151985	 0.0827435
      7.85	 0.0826413	    151985	 0.0827435
      7.86	 0.0826412	    151985	 0.0827435
      7.87	 0.0826412	    151986	 0.0827435
      7.88	 0.0826412	    151986	 0.0827435
      7.89	 0.0826412	    151986	 0.0827435
       7.9	 0.0826412	    151987	 0.0827435
      7.91	 0.0826412	    151987	 0.0827435
      7.92	 0.0826412	    151987	 0.0827435
      7.93	 0.0826412	    151988	 0.0827435
      7.94	 0.0826412	    151988	 0.0827435
      7.95	 0.0826411	    151988	 0.0827435
      7.96	 0.0826411	    151989	 0.0827435
      7.97	 0.0826411	    151989	 0.0827435
      7.98	 0.0826411	    151989	 0.0827435
      7.99	 0.0826411	    151989	 0.0827435
         8	 0.0826411	    151990	 0.0827435
      8.01	 0.0826411	    151990	 0.0827435
      8.02	 0.0826411	    151990	 0.0827435
      8.03	 0.0826411	    151991	 0.0827435
      8.04	  0.082641	    151991	 0.0827435
      8.05	  0.082641	    151991	 0.0827435
      8.06	  0.082641	    151992	 0.0827435
      8.07	  0.082641	    151992	 0.0827435
      8.08	  0.082641	    151992	 0.0827435
      8.09	  0.082641	    151993	 0.0827435
       8.1	  0.082641	    151993	 0.0827435
      8.11	  0.082641	    151993	 0.0827435
      8.12	  0.082641	    151994	 0.0827435
      8.13	 0.0826409	    151994	 0.0827435
      8.14	 0.0826409	    151994	 0.0827435
      8.15	 0.0826409	    151994	 0.0827435
      8.16	 0.0826409	    151995	 0.0827435
      8.17	 0.0826409	    151995	 0.0827435
      8.18	 0.0826409	    151995	 0.0827435
      8.19	 0.0826409	    151996	 0.0827435
       8.2	 0.0826409	    151996	 0.0827435
      8.21	 0.0826409	    151996	 0.0827435
      8.22	 0.0826408	    151997	 0.0827435
      8.23	 0.0826408	    151997	 0.0827435
      8.24	 0.0826408	    151997	 0.0827435
      8.25	 0.0826408	    151998	 0.0827435
      8.26	 0.0826408	    151998	 0.0827435
      8.27	 0.0826408	    151998	 0.0827435
      8.28	 0.0826408	    151999	 0.0827435
      8.29	 0.0826407	    151999	 0.0827435
       8.3	 0.0826407	    151999	 0.0827435
      8.31	 0.0826407	    152000	 0.0827435
      8.32	 0.0826407	    152000	 0.0827435
      8.33	 0.0826407	    152000	 0.0827435
      8.34	 0.0826406	    152001	 0.0827435
      8.35	 0.0826406	    152001	 0.0827435
      8.36	 0.0826406	    152001	 0.0827435
      8.37	 0.0826406	    152002	 0.0827435
      8.38	 0.0826406	    152002	 0.0827435
      8.39	 0.0826406	    152002	 0.0827435
       8.4	 0.0826405	    152002	 0.0827435
      8.41	 0.0826405	    152003	 0.0827435
      8.42	 0.0826405	    152003	 0.0827435
      8.43	 0.0826405	    152003	 0.0827435
      8.44	 0.0826405	    152004	 0.0827435
      8.45	 0.0826404	    152004	 0.0827435
      8.46	 0.0826404	    152004	 0.0827435
      8.47	 0.0826404	    152005	 0.0827435
      8.48	 0.0826404	    152005	 0.0827435
      8.49	 0.0826404	    152005	 0.0827435
       8.5	 0.0826404	    152006	 0.0827435
      8.51	 0.0826403	    152006	 0.0827435
      8.52	 0.0826403	    152006	 0.0827435
      8.53	 0.0826403	    152007	 0.0827435
      8.54	 0.0826403	    152007	 0.0827435
      8.55	 0.0826403	    152007	 0.0827435
      8.56	 0.0826402	    152008	 0.0827435
      8.57	 0.0826402	    152008	 0.0827435
      8.58	 0.0826402	    152008	 0.0827435
      8.59	 0.0826402	    152009	 0.0827435
       8.6	 0.0826402	    152009	 0.0827435
      8.61	 0.0826402	    152009	 0.0827435
      8.62	 0.0826401	    152010	 0.0827435
      8.63	 0.0826401	    152010	 0.0827435
      8.64	 0.0826401	    152010	 0.0827435
      8.65	 0.0826401	    152010	 0.0827435
      8.66	 0.0826401	    152011	 0.0827435
      8.67	   0.08264	    152011	 0.0827435
      8.68	   0.08264	    152011	 0.0827435
      8.69	   0.08264	    152012	 0.0827435
       8.7	   0.08264	    152012	 0.0827435
      8.71	   0.08264	    152012	 0.0827435
      8.72	   0.08264	    152013	 0.0827435
      8.73	 0.0826399	    152013	 0.0827435
      8.74	 0.0826399	    152013	 0.0827435
      8.75	 0.0826399	    152014	 0.0827435
      8.76	 0.0826399	    152014	 0.0827435
      8.77	 0.0826399	    152014	 0.0827435
      8.78	 0.0826399	    152015	 0.0827435
      8.79	 0.0826398	    152015	 0.0827435
       8.8	 0.0826398	    152015	 0.0827435
      8.81	 0.0826398	    152016	 0.0827435
      8.82	 0.0826398	    152016	 0.0827435
      8.83	 0.0826398	    152016	 0.0827435
      8.84	 0.0826397	    152017	 0.0827435
      8.85	 0.0826397	    152017	 0.0827435
      8.86	 0.0826397	    152017	 0.0827435
      8.87	 0.0826397	    152017	 0.0827435
      8.88	 0.0826397	    152018	 0.0827435
      8.89	 0.0826397	    152018	 0.0827435
       8.9	 0.0826396	    152018	 0.0827435
      8.91	 0.0826396	    152019	 0.0827435
      8.92	 0.0826396	    152019	 0.0827435
      8.93	 0.0826396	    152019	 0.0827435
      8.94	 0.0826396	    152020	 0.0827435
      8.95	 0.0826395	    152020	 0.0827435
      8.96	 0.0826395	    152020	 0.0827435
      8.97	 0.0826395	    152021	 0.0827435
      8.98	 0.0826395	    152021	 0.0827435
      8.99	 0.0826395	    152021	 0.0827435
         9	 0.0826395	    152022	 0.0827435
      9.01	 0.0826394	    152022	 0.0827435
      9.02	 0.0826394	    152022	 0.0827435
      9.03	 0.0826394	    152023	 0.0827435
      9.04	 0.0826394	    152023	 0.0827435
      9.05	 0.0826394	    152023	 0.0827435
      9.06	 0.0826393	    152024	 0.0827435
      9.07	 0.0826393	    152024	 0.0827435
      9.08	 0.0826393	    152024	 0.0827435
      9.09	 0.0826393	    152025	 0.0827435
       9.1	 0.0826393	    152025	 0.0827435
      9.11	 0.0826393	    152025	 0.0827435
      9.12	 0.0826392	    152025	 0.0827435
      9.13	 0.0826392	    152026	 0.0827435
      9.14	 0.0826392	    152026	 0.0827435
      9.15	 0.0826392	    152026	 0.0827435
      9.16	 0.0826392	    152027	 0.0827435
      9.17	 0.0826391	    152027	 0.0827435
      9.18	 0.0826391	    152027	 0.0827435
      9.19	 0.0826391	    152028	 0.0827435
       9.2	 0.0826391	    152028	 0.0827435
      9.21	 0.0826391	    152028	 0.0827435
      9.22	 0.0826391	    152029	 0.0827435
      9.23	 0.0826391	    152029	 0.0827435
      9.24	 0.0826391	    152029	 0.0827435
      9.25	 0.0826392	    152030	 0.0827435
      9.26	 0.0826392	    152030	 0.0827435
      9.27	 0.0826392	    152030	 0.0827435
      9.28	 0.0826392	    152031	 0.0827435
      9.29	 0.0826392	    152031	 0.0827435
       9.3	 0.0826393	    152031	 0.0827435
      9.31	 0.0826393	    152032	 0.0827435
      9.32	 0.0826393	    152032	 0.0827435
      9.33	 0.0826393	    152032	 0.0827435
      9.34	 0.0826393	    152033	 0.0827435
      9.35	 0.0826394	    152033	 0.0827435
      9.36	 0.0826394	    152033	 0.0827435
      9.37	 0.0826394	    152033	 0.0827435
      9.38	 0.0826394	    152034	 0.0827435
      9.39	 0.0826394	    152034	 0.0827435
       9.4	 0.0826395	    152034	 0.0827435
      9.41	 0.0826395	    152035	 0.0827435
      9.42	 0.0826395	    152035	 0.0827435
      9.43	 0.0826395	    152035	 0.0827435
      9.44	 0.0826395	    152036	 0.0827435
      9.45	 0.0826396	    152036	 0.0827435
      9.46	 0.0826396	    152036	 0.0827435
      9.47	 0.0826396	    152037	 0.0827435
      9.48	 0.0826396	    152037	 0.0827435
      9.49	 0.0826396	    152037	 0.0827435
       9.5	 0.0826397	    152037	 0.0827435
      9.51	 0.0826397	    152038	 0.0827435
      9.52	 0.0826397	    152038	 0.0827435
      9.53	 0.0826397	    152038	 0.0827435
      9.54	 0.0826397	    152039	 0.0827435
      9.55	 0.0826398	    152039	 0.0827435
      9.56	 0.0826398	    152039	 0.0827435
      9.57	 0.0826398	    152039	 0.0827435
      9.58	 0.0826398	    152040	 0.0827435
      9.59	 0.0826398	    152040	 0.0827435
       9.6	 0.0826399	    152040	 0.0827435
      9.61	 0.0826399	    152041	 0.0827435
      9.62	 0.0826399	    152041	 0.0827435
      9.63	 0.0826399	    152041	 0.0827435
      9.64	 0.0826399	    152041	 0.0827435
      9.65	   0.08264	    152042	 0.0827435
      9.66	   0.08264	    152042	 0.0827435
      9.67	   0.08264	    152042	 0.0827435
      9.68	   0.08264	    152043	 0.0827435
      9.69	   0.08264	    152043	 0.0827435
       9.7	 0.0826401	    152043	 0.0827435
      9.71	 0.0826401	    152043	 0.0827435
      9.72	 0.0826401	    152044	 0.0827435
      9.73	 0.0826401	    152044	 0.0827435
      9.74	 0.0826401	    152044	 0.0827435
      9.75	 0.0826402	    152045	 0.0827435
      9.76	 0.0826402	    152045	 0.0827435
      9.77	 0.0826402	    152045	 0.0827435
      9.78	 0.0826402	    152045	 0.0827435
      9.79	 0.0826403	    152046	 0.0827435
       9.8	 0.0826403	    152046	 0.0827435
      9.81	 0.0826403	    152046	 0.0827435
      9.82	 0.0826403	    152047	 0.0827435
      9.83	 0.0826404	    152047	 0.0827435
      9.84	 0.0826404	    152047	 0.0827435
      9.85	 0.0826404	    152047	 0.0827435
      9.86	 0.0826404	    152048	 0.0827435
      9.87	 0.0826405	    152048	 0.0827435
      9.88	 0.0826405	    152048	 0.0827435
      9.89	 0.0826405	    152049	 0.0827435
       9.9	 0.0826405	    152049	 0.0827435
      9.91	 0.0826406	    152049	 0.0827435
      9.92	 0.0826406	    152049	 0.0827435
      9.93	 0.0826406	    152050	 0.0827435
      9.94	 0.0826407	    152050	 0.0827435
      9.95	 0.0826407	    152050	 0.0827435
      9.96	 0.0826407	    152051	 0.0827435
      9.97	 0.0826407	    152051	 0.0827435
      9.98	 0.0826408	    152051	 0.0827435
      9.99	 0.0826408	    152051	 0.0827435
        10	 0.0826408	    152052	 0.0827435
     10.01	 0.0826408	    152052	 0.0827435
     10.02	 0.0826409	    152052	 0.0827435
     10.03	 0.0826409	    152053	 0.0827435
     10.04	 0.0826409	    152053	 0.0827435
     10.05	 0.0826409	    152053	 0.0827435
     10.06	  0.082641	    152053	 0.0827435
     10.07	  0.082641	    152054	 0.0827435
     10.08	  0.082641	    152054	 0.0827435
     10.09	  0.082641	    152054	 0.0827435
      10.1	 0.0826411	    152055	 0.0827435
     10.11	 0.0826411	    152055	 0.0827435
     10.12	 0.0826411	    152055	 0.0827435
     10.13	 0.0826411	    152055	 0.0827435
     10.14	 0.0826412	    152056	 0.0827435
     10.15	 0.0826412	    152056	 0.0827435
     10.16	 0.0826412	    152056	 0.0827435
     10.17	 0.0826412	    152057	 0.0827435
     10.18	 0.0826413	    152057	 0.0827435
     10.19	 0.0826413	    152057	 0.0827435
      10.2	 0.0826413	    152057	 0.0827435
     10.21	 0.0826413	    152058	 0.0827435
     10.22	 0.0826414	    152058	 0.0827435
     10.23	 0.0826414	    152058	 0.0827435
     10.24	 0.0826414	    152059	 0.0827435
     10.25	 0.0826415	    152059	 0.0827435
     10.26	 0.0826415	    152059	 0.0827435
     10.27	 0.0826415	    152059	 0.0827435
     10.28	 0.0826415	    152060	 0.0827435
     10.29	 0.0826416	    152060	 0.0827435
      10.3	 0.0826416	    152060	 0.0827435
     10.31	 0.0826416	    152061	 0.0827435
     10.32	 0.0826416	    152061	 0.0827435
     10.33	 0.0826417	    152061	 0.0827435
     10.34	 0.0826417	    152061	 0.0827435
     10.35	 0.0826417	    152062	 0.0827435
     10.36	 0.0826417	    152062	 0.0827435
     10.37	 0.0826418	    152062	 0.0827435
     10.38	 0.0826418	    152063	 0.0827435
     10.39	 0.0826418	    152063	 0.0827435
      10.4	 0.0826418	    152063	 0.0827435
     10.41	 0.0826419	    152063	 0.0827435
     10.42	 0.0826419	    152064	 0.0827435
     10.43	 0.0826419	    152064	 0.0827435
     10.44	 0.0826419	    152064	 0.0827435
     10.45	  0.082642	    152065	 0.0827435
     10.46	  0.082642	    152065	 0.0827435
     10.47	  0.082642	    152065	 0.0827435
     10.48	  0.082642	    152065	 0.0827435
     10.49	 0.0826421	    152066	 0.0827435
      10.5	 0.0826421	    152066	 0.0827435
     10.51	 0.0826421	    152066	 0.0827435
     10.52	 0.0826422	    152067	 0.0827435
     10.53	 0.0826422	    152067	 0.0827435
     10.54	 0.0826422	    152067	 0.0827435
     10.55	 0.0826422	    152067	 0.0827435
     10.56	 0.0826423	    152068	 0.0827435
     10.57	 0.0826423	    152068	 0.0827435
     10.58	 0.0826423	    152068	 0.0827435
     10.59	 0.0826423	    152069	 0.0827435
      10.6	 0.0826424	    152069	 0.0827435
     10.61	 0.0826424	    152069	 0.0827435
     10.62	 0.0826424	    152069	 0.0827435
     10.63	 0.0826424	    152070	 0.0827435
     10.64	 0.0826425	    152070	 0.0827435
     10.65	 0.0826425	    152070	 0.0827435
     10.66	 0.0826425	    152071	 0.0827435
     10.67	 0.0826425	    152071	 0.0827435
     10.68	 0.0826426	    152071	 0.0827435
     10.69	 0.0826426	    152071	 0.0827435
      10.7	 0.0826426	    152072	 0.0827435
     10.71	 0.0826426	    152072	 0.0827435
     10.72	 0.0826427	    152072	 0.0827435
     10.73	 0.0826427	    152073	 0.0827435
     10.74	 0.0826427	    152073	 0.0827435
     10.75	 0.0826427	    152073	 0.0827435
     10.76	 0.0826428	    152073	 0.0827435
     10.77	 0.0826428	    152074	 0.0827435
     10.78	 0.0826428	    152074	 0.0827435
     10.79	 0.0826429	    152074	 0.0827435
      10.8	 0.0826429	    152075	 0.0827435
     10.81	 0.0826429	    152075	 0.0827435
     10.82	 0.0826429	    152075	 0.0827435
     10.83	  0.082643	    152075	 0.0827435
     10.84	  0.082643	    152076	 0.0827435
     10.85	  0.082643	    152076	 0.0827435
     10.86	  0.082643	    152076	 0.0827435
     10.87	 0.0826431	    152077	 0.0827435
     10.88	 0.0826431	    152077	 0.0827435
     10.89	 0.0826431	    152077	 0.0827435
      10.9	 0.0826431	    152077	 0.0827435
     10.91	 0.0826432	    152078	 0.0827435
     10.92	 0.0826432	    152078	 0.0827435
     10.93	 0.0826432	    152078	 0.0827435
     10.94	 0.0826432	    152079	 0.0827435
     10.95	 0.0826433	    152079	 0.0827435
     10.96	 0.0826433	    152079	 0.0827435
     10.97	 0.0826433	    152079	 0.0827435
     10.98	 0.0826433	    152080	 0.0827435
     10.99	 0.0826434	    152080	 0.0827435
        11	 0.0826434	    152080	 0.0827435
     11.01	 0.0826434	    152081	 0.0827435
     11.02	 0.0826434	    152081	 0.0827435
     11.03	 0.0826435	    152081	 0.0827435
     11.04	 0.0826435	    152081	 0.0827435
     11.05	 0.0826435	    152082	 0.0827435
     11.06	 0.0826436	    152082	 0.0827435
     11.07	 0.0826436	    152082	 0.0827435
     11.08	 0.0826436	    152083	 0.0827435
     11.09	 0.0826436	    152083	 0.0827435
      11.1	 0.0826437	    152083	 0.0827435
     11.11	 0.0826437	    152083	 0.0827435
     11.12	 0.0826437	    152084	 0.0827435
     11.13	 0.0826437	    152084	 0.0827435
     11.14	 0.0826438	    152084	 0.0827435
     11.15	 0.0826438	    152085	 0.0827435
     11.16	 0.0826438	    152085	 0.0827435
     11.17	 0.0826438	    152085	 0.0827435
     11.18	 0.0826439	    152085	 0.0827435
     11.19	 0.0826439	    152086	 0.0827435
      11.2	 0.0826439	    152086	 0.0827435
     11.21	 0.0826439	    152086	 0.0827435
     11.22	  0.082644	    152087	 0.0827435
     11.23	  0.082644	    152087	 0.0827435
     11.24	  0.082644	    152087	 0.0827435
     11.25	  0.082644	    152087	 0.0827435
     11.26	 0.0826441	    152088	 0.0827435
     11.27	 0.0826441	    152088	 0.0827435
     11.28	 0.0826441	    152088	 0.0827435
     11.29	 0.0826441	    152089	 0.0827435
      11.3	 0.0826442	    152089	 0.0827435
     11.31	 0.0826442	    152089	 0.0827435
     11.32	 0.0826442	    152089	 0.0827435
     11.33	 0.0826443	    152090	 0.0827435
     11.34	 0.0826443	    152090	 0.0827435
     11.35	 0.0826443	    152090	 0.0827435
     11.36	 0.0826443	    152090	 0.0827435
     11.37	 0.0826444	    152091	 0.0827435
     11.38	 0.0826444	    152091	 0.0827435
     11.39	 0.0826444	    152091	 0.0827435
      11.4	 0.0826444	    152092	 0.0827435
     11.41	 0.0826445	    152092	 0.0827435
     11.42	 0.0826445	    152092	 0.0827435
     11.43	 0.0826445	    152092	 0.0827435
     11.44	 0.0826445	    152093	 0.0827435
     11.45	 0.0826446	    152093	 0.0827435
     11.46	 0.0826446	    152093	 0.0827435
     11.47	 0.0826446	    152094	 0.0827435
     11.48	 0.0826446	    152094	 0.0827435
     11.49	 0.0826447	    152094	 0.0827435
      11.5	 0.0826447	    152094	 0.0827435
     11.51	 0.0826447	    152095	 0.0827435
     11.52	 0.0826447	    152095	 0.0827435
     11.53	 0.0826448	    152095	 0.0827435
     11.54	 0.0826448	    152096	 0.0827435
     11.55	 0.0826448	    152096	 0.0827435
     11.56	 0.0826448	    152096	 0.0827435
     11.57	 0.0826448	    152096	 0.0827435
     11.58	 0.0826449	    152097	 0.0827435
     11.59	 0.0826449	    152097	 0.0827435
      11.6	 0.0826449	    152097	 0.0827435
     11.61	 0.0826449	    152097	 0.0827435
     11.62	 0.0826449	    152098	 0.0827435
     11.63	 0.0826449	    152098	 0.0827435
     11.64	  0.082645	    152098	 0.0827435
     11.65	  0.082645	    152099	 0.0827435
     11.66	  0.082645	    152099	 0.0827435
     11.67	  0.082645	    152099	 0.0827435
     11.68	  0.082645	    152099	 0.0827435
     11.69	 0.0826451	    152100	 0.0827435
      11.7	 0.0826451	    152100	 0.0827435
     11.71	 0.0826451	    152100	 0.0827435
     11.72	 0.0826451	    152101	 0.0827435
     11.73	 0.0826451	    152101	 0.0827435
     11.74	 0.0826451	    152101	 0.0827435
     11.75	 0.0826452	    152101	 0.0827435
     11.76	 0.0826452	    152102	 0.0827435
     11.77	 0.0826452	    152102	 0.0827435
     11.78	 0.0826452	    152102	 0.0827435
     11.79	 0.0826452	    152103	 0.0827435
      11.8	 0.0826453	    152103	 0.0827435
     11.81	 0.0826453	    152103	 0.0827435
     11.82	 0.0826453	    152103	 0.0827435
     11.83	 0.0826453	    152104	 0.0827435
     11.84	 0.0826453	    152104	 0.0827435
     11.85	 0.0826454	    152104	 0.0827435
     11.86	 0.0826454	    152105	 0.0827435
     11.87	 0.0826454	    152105	 0.0827435
     11.88	 0.0826454	    152105	 0.0827435
     11.89	 0.0826454	    152105	 0.0827435
      11.9	 0.0826454	    152106	 0.0827435
     11.91	 0.0826455	    152106	 0.0827435
     11.92	 0.0826455	    152106	 0.0827435
     11.93	 0.0826455	    152106	 0.0827435
     11.94	 0.0826455	    152107	 0.0827435
     11.95	 0.0826455	    152107	 0.0827435
     11.96	 0.0826456	    152107	 0.0827435
     11.97	 0.0826456	    152108	 0.0827435
     11.98	 0.0826456	    152108	 0.0827435
     11.99	 0.0826456	    152108	 0.0827435
        12	 0.0826456	    152108	 0.0827435
     12.01	 0.0826456	    152109	 0.0827435
     12.02	 0.0826457	    152109	 0.0827435
     12.03	 0.0826457	    152109	 0.0827435
     12.04	 0.0826457	    152110	 0.0827435
     12.05	 0.0826457	    152110	 0.0827435
     12.06	 0.0826457	    152110	 0.0827435
     12.07	 0.0826458	    152110	 0.0827435
     12.08	 0.0826458	    152111	 0.0827435
     12.09	 0.0826458	    152111	 0.0827435
      12.1	 0.0826458	    152111	 0.0827435
     12.11	 0.0826458	    152112	 0.0827435
     12.12	 0.0826458	    152112	 0.0827435
     12.13	 0.0826459	    152112	 0.0827435
     12.14	 0.0826459	    152112	 0.0827435
     12.15	 0.0826459	    152113	 0.0827435
     12.16	 0.0826459	    152113	 0.0827435
     12.17	 0.0826459	    152113	 0.0827435
     12.18	  0.082646	    152113	 0.0827435
     12.19	  0.082646	    152114	 0.0827435
      12.2	  0.082646	    152114	 0.0827435
     12.21	  0.082646	    152114	 0.0827435
     12.22	  0.082646	    152115	 0.0827435
     12.23	 0.0826461	    152115	 0.0827435
     12.24	 0.0826461	    152115	 0.0827435
     12.25	 0.0826461	    152115	 0.0827435
     12.26	 0.0826461	    152116	 0.0827435
     12.27	 0.0826461	    152116	 0.0827435
     12.28	 0.0826461	    152116	 0.0827435
     12.29	 0.0826462	    152117	 0.0827435
      12.3	 0.0826462	    152117	 0.0827435
     12.31	 0.0826462	    152117	 0.0827435
     12.32	 0.0826462	    152117	 0.0827435
     12.33	 0.0826462	    152118	 0.0827435
     12.34	 0.0826463	    152118	 0.0827435
     12.35	 0.0826463	    152118	 0.0827435
     12.36	 0.0826463	    152119	 0.0827435
     12.37	 0.0826463	    152119	 0.0827435
     12.38	 0.0826463	    152119	 0.0827435
     12.39	 0.0826463	    152119	 0.0827435
      12.4	 0.0826464	    152120	 0.0827435
     12.41	 0.0826464	    152120	 0.0827435
     12.42	 0.0826464	    152120	 0.0827435
     12.43	 0.0826464	    152120	 0.0827435
     12.44	 0.0826464	    152121	 0.0827435
     12.45	 0.0826465	    152121	 0.0827435
     12.46	 0.0826465	    152121	 0.0827435
     12.47	 0.0826465	    152122	 0.0827435
     12.48	 0.0826465	    152122	 0.0827435
     12.49	 0.0826465	    152122	 0.0827435
      12.5	 0.0826465	    152122	 0.0827435
     12.51	 0.0826466	    152123	 0.0827435
     12.52	 0.0826466	    152123	 0.0827435
     12.53	 0.0826466	    152123	 0.0827435
     12.54	 0.0826466	    152124	 0.0827435
     12.55	 0.0826466	    152124	 0.0827435
     12.56	 0.0826467	    152124	 0.0827435
     12.57	 0.0826467	    152124	 0.0827435
     12.58	 0.0826467	    152125	 0.0827435
     12.59	 0.0826467	    152125	 0.0827435
      12.6	 0.0826467	    152125	 0.0827435
     12.61	 0.0826467	    152126	 0.0827435
     12.62	 0.0826468	    152126	 0.0827435
     12.63	 0.0826468	    152126	 0.0827435
     12.64	 0.0826468	    152126	 0.0827435
     12.65	 0.0826468	    152127	 0.0827435
     12.66	 0.0826468	    152127	 0.0827435
     12.67	 0.0826469	    152127	 0.0827435
     12.68	 0.0826469	    152128	 0.0827435
     12.69	 0.0826469	    152128	 0.0827435
      12.7	 0.0826469	    152128	 0.0827435
     12.71	 0.0826469	    152128	 0.0827435
     12.72	  0.082647	    152129	 0.0827435
     12.73	  0.082647	    152129	 0.0827435
     12.74	  0.082647	    152129	 0.0827435
     12.75	  0.082647	    152129	 0.0827435
     12.76	  0.082647	    152130	 0.0827435
     12.77	  0.082647	    152130	 0.0827435
     12.78	 0.0826471	    152130	 0.0827435
     12.79	 0.0826471	    152131	 0.0827435
      12.8	 0.0826471	    152131	 0.0827435
     12.81	 0.0826471	    152131	 0.0827435
     12.82	 0.0826471	    152131	 0.0827435
     12.83	 0.0826472	    152132	 0.0827435
     12.84	 0.0826472	    152132	 0.0827435
     12.85	 0.0826472	    152132	 0.0827435
     12.86	 0.0826472	    152133	 0.0827435
     12.87	 0.0826472	    152133	 0.0827435
     12.88	 0.0826472	    152133	 0.0827435
     12.89	 0.0826473	    152133	 0.0827435
      12.9	 0.0826473	    152134	 0.0827435
     12.91	 0.0826473	    152134	 0.0827435
     12.92	 0.0826473	    152134	 0.0827435
     12.93	 0.0826473	    152135	 0.0827435
     12.94	 0.0826474	    152135	 0.0827435
     12.95	 0.0826474	    152135	 0.0827435
     12.96	 0.0826474	    152135	 0.0827435
     12.97	 0.0826474	    152136	 0.0827435
     12.98	 0.0826474	    152136	 0.0827435
     12.99	 0.0826474	    152136	 0.0827435
        13	 0.0826475	    152136	 0.0827435
     13.01	 0.0826475	    152137	 0.0827435
     13.02	 0.0826475	    152137	 0.0827435
     13.03	 0.0826475	    152137	 0.0827435
     13.04	 0.0826475	    152138	 0.0827435
     13.05	 0.0826476	    152138	 0.0827435
     13.06	 0.0826476	    152138	 0.0827435
     13.07	 0.0826476	    152138	 0.0827435
     13.08	 0.0826476	    152139	 0.0827435
     13.09	 0.0826476	    152139	 0.0827435
      13.1	 0.0826477	    152139	 0.0827435
     13.11	 0.0826477	    152140	 0.0827435
     13.12	 0.0826477	    152140	 0.0827435
     13.13	 0.0826477	    152140	 0.0827435
     13.14	 0.0826477	    152140	 0.0827435
     13.15	 0.0826477	    152141	 0.0827435
     13.16	 0.0826478	    152141	 0.0827435
     13.17	 0.0826478	    152141	 0.0827435
     13.18	 0.0826478	    152142	 0.0827435
     13.19	 0.0826478	    152142	 0.0827435
      13.2	 0.0826478	    152142	 0.0827435
     13.21	 0.0826479	    152142	 0.0827435
     13.22	 0.0826479	    152143	 0.0827435
     13.23	 0.0826479	    152143	 0.0827435
     13.24	 0.0826479	    152143	 0.0827435
     13.25	 0.0826479	    152143	 0.0827435
     13.26	 0.0826479	    152144	 0.0827435
     13.27	  0.082648	    152144	 0.0827435
     13.28	  0.082648	    152144	 0.0827435
     13.29	  0.082648	    152145	 0.0827435
      13.3	  0.082648	    152145	 0.0827435
     13.31	  0.082648	    152145	 0.0827435
     13.32	 0.0826481	    152145	 0.0827435
     13.33	 0.0826481	    152146	 0.0827435
     13.34	 0.0826481	    152146	 0.0827435
     13.35	 0.0826481	    152146	 0.0827435
     13.36	 0.0826481	    152147	 0.0827435
     13.37	 0.0826481	    152147	 0.0827435
     13.38	 0.0826482	    152147	 0.0827435
     13.39	 0.0826482	    152147	 0.0827435
      13.4	 0.0826482	    152148	 0.0827435
     13.41	 0.0826482	    152148	 0.0827435
     13.42	 0.0826482	    152148	 0.0827435
     13.43	 0.0826483	    152149	 0.0827435
     13.44	 0.0826483	    152149	 0.0827435
     13.45	 0.0826483	    152149	 0.0827435
     13.46	 0.0826483	    152149	 0.0827435
     13.47	 0.0826483	    152150	 0.0827435
     13.48	 0.0826483	    152150	 0.0827435
     13.49	 0.0826484	    152150	 0.0827435
      13.5	 0.0826484	    152150	 0.0827435
     13.51	 0.0826484	    152151	 0.0827435
     13.52	 0.0826484	    152151	 0.0827435
     13.53	 0.0826484	    152151	 0.0827435
     13.54	 0.0826485	    152152	 0.0827435
     13.55	 0.0826485	    152152	 0.0827435
     13.56	 0.0826485	    152152	 0.0827435
     13.57	 0.0826485	    152152	 0.0827435
     13.58	 0.0826485	    152153	 0.0827435
     13.59	 0.0826486	    152153	 0.0827435
      13.6	 0.0826486	    152153	 0.0827435
     13.61	 0.0826486	    152153	 0.0827435
     13.62	 0.0826486	    152154	 0.0827435
     13.63	 0.0826486	    152154	 0.0827435
     13.64	 0.0826486	    152154	 0.0827435
     13.65	 0.0826487	    152155	 0.0827435
     13.66	 0.0826487	    152155	 0.0827435
     13.67	 0.0826487	    152155	 0.0827435
     13.68	 0.0826487	    152155	 0.0827435
     13.69	 0.0826487	    152156	 0.0827435
      13.7	 0.0826488	    152156	 0.0827435
     13.71	 0.0826488	    152156	 0.0827435
     13.72	 0.0826488	    152156	 0.0827435
     13.73	 0.0826488	    152157	 0.0827435
     13.74	 0.0826488	    152157	 0.0827435
     13.75	 0.0826488	    152157	 0.0827435
     13.76	 0.0826489	    152158	 0.0827435
     13.77	 0.0826489	    152158	 0.0827435
     13.78	 0.0826489	    152158	 0.0827435
     13.79	 0.0826489	    152158	 0.0827435
      13.8	 0.0826489	    152159	 0.0827435
     13.81	  0.082649	    152159	 0.0827435
     13.82	  0.082649	    152159	 0.0827435
     13.83	  0.082649	    152159	 0.0827435
     13.84	  0.082649	    152160	 0.0827435
     13.85	  0.082649	    152160	 0.0827435
     13.86	  0.082649	    152160	 0.0827435
     13.87	 0.0826491	    152161	 0.0827435
     13.88	 0.0826491	    152161	 0.0827435
     13.89	 0.0826491	    152161	 0.0827435
      13.9	 0.0826491	    152161	 0.0827435
     13.91	 0.0826491	    152162	 0.0827435
     13.92	 0.0826492	    152162	 0.0827435
     13.93	 0.0826492	    152162	 0.0827435
     13.94	 0.0826492	    152162	 0.0827435
     13.95	 0.0826492	    152163	 0.0827435
     13.96	 0.0826492	    152163	 0.0827435
     13.97	 0.0826493	    152163	 0.0827435
     13.98	 0.0826493	    152164	 0.0827435
     13.99	 0.0826493	    152164	 0.0827435
        14	 0.0826493	    152164	 0.0827435
     14.01	 0.0826493	    152164	 0.0827435
     14.02	 0.0826493	    152165	 0.0827435
     14.03	 0.0826494	    152165	 0.0827435
     14.04	 0.0826494	    152165	 0.0827435
     14.05	 0.0826494	    152165	 0.0827435
     14.06	 0.0826494	    152166	 0.0827435
     14.07	 0.0826494	    152166	 0.0827435
     14.08	 0.0826495	    152166	 0.0827435
     14.09	 0.0826495	    152166	 0.0827435
      14.1	 0.0826495	    152167	 0.0827435
     14.11	 0.0826495	    152167	 0.0827435
     14.12	 0.0826495	    152167	 0.0827435
     14.13	 0.0826495	    152168	 0.0827435
     14.14	 0.0826496	    152168	 0.0827435
     14.15	 0.0826496	    152168	 0.0827435
     14.16	 0.0826496	    152168	 0.0827435
     14.17	 0.0826496	    152169	 0.0827435
     14.18	 0.0826496	    152169	 0.0827435
     14.19	 0.0826497	    152169	 0.0827435
      14.2	 0.0826497	    152169	 0.0827435
     14.21	 0.0826497	    152170	 0.0827435
     14.22	 0.0826497	    152170	 0.0827435
     14.23	 0.0826497	    152170	 0.0827435
     14.24	 0.0826498	    152171	 0.0827435
     14.25	 0.0826498	    152171	 0.0827435
     14.26	 0.0826498	    152171	 0.0827435
     14.27	 0.0826498	    152171	 0.0827435
     14.28	 0.0826498	    152172	 0.0827435
     14.29	 0.0826499	    152172	 0.0827435
      14.3	 0.0826499	    152172	 0.0827435
     14.31	 0.0826499	    152172	 0.0827435
     14.32	 0.0826499	    152173	 0.0827435
     14.33	 0.0826499	    152173	 0.0827435
     14.34	 0.0826499	    152173	 0.0827435
     14.35	   0.08265	    152174	 0.0827435
     14.36	   0.08265	    152174	 0.0827435
     14.37	   0.08265	    152174	 0.0827435
     14.38	   0.08265	    152174	 0.0827435
     14.39	   0.08265	    152175	 0.0827435
      14.4	 0.0826501	    152175	 0.0827435
     14.41	 0.0826501	    152175	 0.0827435
     14.42	 0.0826501	    152175	 0.0827435
     14.43	 0.0826501	    152176	 0.0827435
     14.44	 0.0826501	    152176	 0.0827435
     14.45	 0.0826502	    152176	 0.0827435
     14.46	 0.0826502	    152177	 0.0827435
     14.47	 0.0826502	    152177	 0.0827435
     14.48	 0.0826502	    152177	 0.0827435
     14.49	 0.0826502	    152177	 0.0827435
      14.5	 0.0826503	    152178	 0.0827435
     14.51	 0.0826503	    152178	 0.0827435
     14.52	 0.0826503	    152178	 0.0827435
     14.53	 0.0826503	    152178	 0.0827435
     14.54	 0.0826503	    152179	 0.0827435
     14.55	 0.0826504	    152179	 0.0827435
     14.56	 0.0826504	    152179	 0.0827435
     14.57	 0.0826504	    152180	 0.0827435
     14.58	 0.0826504	    152180	 0.0827435
     14.59	 0.0826504	    152180	 0.0827435
      14.6	 0.0826504	    152180	 0.0827435
     14.61	 0.0826505	    152181	 0.0827435
     14.62	 0.0826505	    152181	 0.0827435
     14.63	 0.0826505	    152181	 0.0827435
     14.64	 0.0826505	    152181	 0.0827435
     14.65	 0.0826505	    152182	 0.0827435
     14.66	 0.0826506	    152182	 0.0827435
     14.67	 0.0826506	    152182	 0.0827435
     14.68	 0.0826506	    152183	 0.0827435
     14.69	 0.0826506	    152183	 0.0827435
      14.7	 0.0826506	    152183	 0.0827435
     14.71	 0.0826507	    152183	 0.0827435
     14.72	 0.0826507	    152184	 0.0827435
     14.73	 0.0826507	    152184	 0.0827435
     14.74	 0.0826507	    152184	 0.0827435
     14.75	 0.0826507	    152184	 0.0827435
     14.76	 0.0826508	    152185	 0.0827435
     14.77	 0.0826508	    152185	 0.0827435
     14.78	 0.0826508	    152185	 0.0827435
     14.79	 0.0826508	    152186	 0.0827435
      14.8	 0.0826508	    152186	 0.0827435
     14.81	 0.0826508	    152186	 0.0827435
     14.82	 0.0826509	    152186	 0.0827435
     14.83	 0.0826509	    152187	 0.0827435
     14.84	 0.0826509	    152187	 0.0827435
     14.85	 0.0826509	    152187	 0.0827435
     14.86	 0.0826509	    152187	 0.0827435
     14.87	  0.082651	    152188	 0.0827435
     14.88	  0.082651	    152188	 0.0827435
     14.89	  0.082651	    152188	 0.0827435
      14.9	  0.082651	    152189	 0.0827435
     14.91	  0.082651	    152189	 0.0827435
     14.92	 0.0826511	    152189	 0.0827435
     14.93	 0.0826511	    152189	 0.0827435
     14.94	 0.0826511	    152190	 0.0827435
     14.95	 0.0826511	    152190	 0.0827435
     14.96	 0.0826511	    152190	 0.0827435
     14.97	 0.0826512	    152190	 0.0827435
     14.98	 0.0826512	    152191	 0.0827435
     14.99	 0.0826512	    152191	 0.0827435
        15	 0.0826512	    152191	 0.0827435
