Time	PV	OP	SP
         0	   39.0989	   24905.9	   39.0989
      0.01	   39.0989	   24905.9	   39.0989
      0.02	   39.0989	   24905.9	   39.0989
      0.03	   39.0989	   24905.9	   39.0989
      0.04	   39.0989	   24905.9	   39.0989
      0.05	   39.0989	   24905.9	   39.0989
      0.06	   39.0989	   24905.9	   39.0989
      0.07	   39.0989	   24905.9	   39.0989
      0.08	   39.0989	   24905.9	   39.0989
      0.09	   39.0989	   24905.9	   39.0989
       0.1	   39.0989	   24905.9	   39.0989
      0.11	   39.0989	   24905.9	   39.0989
      0.12	   39.0989	   24905.9	   39.0989
      0.13	   39.0989	   24905.9	   39.0989
      0.14	   39.0989	   24905.9	   39.0989
      0.15	   39.0989	   24905.9	   39.0989
      0.16	   39.0989	   24905.9	   39.0989
      0.17	   39.0989	   24905.9	   39.0989
      0.18	   39.0989	   24905.9	   39.0989
      0.19	   39.0989	   24905.9	   39.0989
       0.2	   39.0989	   24905.9	   39.0989
      0.21	   39.0989	   24905.9	   39.0989
      0.22	   39.0989	   24905.9	   39.0989
      0.23	   39.0989	   24905.9	   39.0989
      0.24	   39.0989	   24905.9	   39.0989
      0.25	   39.0989	   24905.9	   39.0989
      0.26	   39.0989	   24905.9	   39.0989
      0.27	   39.0989	   24905.9	   39.0989
      0.28	   39.0989	   24905.9	   39.0989
      0.29	   39.0989	   24905.9	   39.0989
       0.3	   39.0989	   24905.9	   39.0989
      0.31	   39.0989	   24905.9	   39.0989
      0.32	   39.0989	   24905.9	   39.0989
      0.33	   39.0989	   24905.9	   39.0989
      0.34	   39.0989	   24905.9	   39.0989
      0.35	   39.0989	   24905.9	   39.0989
      0.36	   39.0989	   24905.9	   39.0989
      0.37	   39.0989	   24905.9	   39.0989
      0.38	   39.0989	   24905.9	   39.0989
      0.39	   39.0989	   24905.9	   39.0989
       0.4	   39.0989	   24905.9	   39.0989
      0.41	   39.0989	   24905.9	   39.0989
      0.42	   39.0989	   24905.9	   39.0989
      0.43	   39.0989	   24905.9	   39.0989
      0.44	   39.0989	   24905.9	   39.0989
      0.45	   39.0989	   24905.9	   39.0989
      0.46	   39.0989	   24905.9	   39.0989
      0.47	   39.0989	   24905.9	   39.0989
      0.48	   39.0989	   24905.9	   39.0989
      0.49	   39.0989	   24905.9	   39.0989
       0.5	   39.0989	   24905.9	   39.0989
      0.51	   39.0989	   24905.9	   39.0989
      0.52	   39.0989	   24905.9	   39.0989
      0.53	   39.0989	   24905.9	   39.0989
      0.54	   39.0989	   24905.9	   39.0989
      0.55	   39.0989	   24905.9	   39.0989
      0.56	   39.0989	   24905.9	   39.0989
      0.57	   39.0989	   24905.9	   39.0989
      0.58	   39.0989	   24905.9	   39.0989
      0.59	   39.0989	   24905.9	   39.0989
       0.6	   39.0989	   24905.9	   39.0989
      0.61	   39.0989	   24905.9	   39.0989
      0.62	   39.0989	   24905.9	   39.0989
      0.63	   39.0989	   24905.9	   39.0989
      0.64	   39.0989	   24905.9	   39.0989
      0.65	   39.0989	   24905.9	   39.0989
      0.66	   39.0989	   24905.9	   39.0989
      0.67	   39.0989	   24905.9	   39.0989
      0.68	   39.0989	   24905.9	   39.0989
      0.69	   39.0989	   24905.9	   39.0989
       0.7	   39.0989	   24905.9	   39.0989
      0.71	   39.0989	   24905.9	   39.0989
      0.72	   39.0989	   24905.9	   39.0989
      0.73	   39.0989	   24905.9	   39.0989
      0.74	   39.0989	   24905.9	   39.0989
      0.75	   39.0989	   24905.9	   39.0989
      0.76	   39.0989	   24905.9	   39.0989
      0.77	   39.0989	   24905.9	   39.0989
      0.78	   39.0989	   24905.9	   39.0989
      0.79	   39.0989	   24905.9	   39.0989
       0.8	   39.0989	   24905.9	   39.0989
      0.81	   39.0989	   24905.9	   39.0989
      0.82	   39.0989	   24905.9	   39.0989
      0.83	   39.0989	   24905.9	   39.0989
      0.84	   39.0989	   24905.9	   39.0989
      0.85	   39.0989	   24905.9	   39.0989
      0.86	   39.0989	   24905.9	   39.0989
      0.87	   39.0989	   24905.9	   39.0989
      0.88	   39.0989	   24905.9	   39.0989
      0.89	   39.0989	   24905.9	   39.0989
       0.9	   39.0989	   24905.9	   39.0989
      0.91	   39.0989	   24905.9	   39.0989
      0.92	   39.0989	   24905.9	   39.0989
      0.93	   39.0989	   24905.9	   39.0989
      0.94	   39.0989	   24905.9	   39.0989
      0.95	   39.0989	   24905.9	   39.0989
      0.96	   39.0989	   24905.9	   39.0989
      0.97	   39.0989	   24905.9	   39.0989
      0.98	   39.0989	   24905.9	   39.0989
      0.99	   39.0989	   24905.9	   39.0989
         1	   39.0989	   24905.9	   39.0989
      1.01	   39.0988	   24905.9	   39.0989
      1.02	   39.0987	   24905.9	   39.0989
      1.03	   39.0987	   24905.9	   39.0989
      1.04	   39.0987	   24905.9	   39.0989
      1.05	   39.0987	   24905.9	   39.0989
      1.06	   39.0986	   24905.9	   39.0989
      1.07	   39.0986	   24905.9	   39.0989
      1.08	   39.0986	   24905.9	   39.0989
      1.09	   39.0986	   24905.9	   39.0989
       1.1	   39.0986	   24905.9	   39.0989
      1.11	   39.0986	   24905.9	   39.0989
      1.12	   39.0986	     24906	   39.0989
      1.13	   39.0986	     24906	   39.0989
      1.14	   39.0986	     24906	   39.0989
      1.15	   39.0985	     24906	   39.0989
      1.16	   39.0985	     24906	   39.0989
      1.17	   39.0985	     24906	   39.0989
      1.18	   39.0985	     24906	   39.0989
      1.19	   39.0985	     24906	   39.0989
       1.2	   39.0985	     24906	   39.0989
      1.21	   39.0985	     24906	   39.0989
      1.22	   39.0985	     24906	   39.0989
      1.23	   39.0984	   24906.1	   39.0989
      1.24	   39.0984	   24906.2	   39.0989
      1.25	   39.0984	   24906.2	   39.0989
      1.26	   39.0983	   24906.3	   39.0989
      1.27	   39.0981	   24906.4	   39.0989
      1.28	    39.098	   24906.4	   39.0989
      1.29	   39.0978	   24906.5	   39.0989
       1.3	   39.0977	   24906.6	   39.0989
      1.31	   39.0975	   24906.8	   39.0989
      1.32	   39.0974	   24906.9	   39.0989
      1.33	   39.0972	     24907	   39.0989
      1.34	   39.0969	   24907.2	   39.0989
      1.35	   39.0967	   24907.3	   39.0989
      1.36	   39.0964	   24907.4	   39.0989
      1.37	   39.0962	   24907.6	   39.0989
      1.38	   39.0959	   24907.9	   39.0989
      1.39	   39.0957	   24908.1	   39.0989
       1.4	   39.0955	   24908.3	   39.0989
      1.41	   39.0952	   24908.5	   39.0989
      1.42	    39.095	   24908.7	   39.0989
      1.43	   39.0946	     24909	   39.0989
      1.44	   39.0943	   24909.2	   39.0989
      1.45	    39.094	   24909.5	   39.0989
      1.46	   39.0936	   24909.8	   39.0989
      1.47	   39.0933	   24910.1	   39.0989
      1.48	   39.0929	   24910.4	   39.0989
      1.49	   39.0926	   24910.7	   39.0989
       1.5	   39.0923	     24911	   39.0989
      1.51	   39.0919	   24911.4	   39.0989
      1.52	   39.0916	   24911.8	   39.0989
      1.53	   39.0913	   24912.1	   39.0989
      1.54	   39.0909	   24912.5	   39.0989
      1.55	   39.0906	   24912.8	   39.0989
      1.56	   39.0902	   24913.3	   39.0989
      1.57	   39.0899	   24913.7	   39.0989
      1.58	   39.0895	   24914.1	   39.0989
      1.59	   39.0892	   24914.5	   39.0989
       1.6	   39.0888	     24915	   39.0989
      1.61	   39.0885	   24915.4	   39.0989
      1.62	   39.0881	   24915.9	   39.0989
      1.63	   39.0878	   24916.4	   39.0989
      1.64	   39.0874	   24916.9	   39.0989
      1.65	    39.087	   24917.3	   39.0989
      1.66	   39.0867	   24917.8	   39.0989
      1.67	   39.0863	   24918.4	   39.0989
      1.68	    39.086	   24918.9	   39.0989
      1.69	   39.0856	   24919.5	   39.0989
       1.7	   39.0853	     24920	   39.0989
      1.71	   39.0849	   24920.6	   39.0989
      1.72	   39.0846	   24921.1	   39.0989
      1.73	   39.0842	   24921.7	   39.0989
      1.74	   39.0838	   24922.2	   39.0989
      1.75	   39.0835	   24922.8	   39.0989
      1.76	   39.0831	   24923.4	   39.0989
      1.77	   39.0828	     24924	   39.0989
      1.78	   39.0824	   24924.7	   39.0989
      1.79	   39.0821	   24925.3	   39.0989
       1.8	   39.0817	   24925.9	   39.0989
      1.81	   39.0814	   24926.5	   39.0989
      1.82	    39.081	   24927.1	   39.0989
      1.83	   39.0806	   24927.8	   39.0989
      1.84	   39.0803	   24928.4	   39.0989
      1.85	   39.0799	   24929.1	   39.0989
      1.86	   39.0796	   24929.8	   39.0989
      1.87	   39.0792	   24930.4	   39.0989
      1.88	   39.0789	   24931.1	   39.0989
      1.89	   39.0785	   24931.8	   39.0989
       1.9	   39.0783	   24932.5	   39.0989
      1.91	    39.078	   24933.1	   39.0989
      1.92	   39.0778	   24933.8	   39.0989
      1.93	   39.0775	   24934.5	   39.0989
      1.94	   39.0773	   24935.1	   39.0989
      1.95	    39.077	   24935.8	   39.0989
      1.96	   39.0768	   24936.5	   39.0989
      1.97	   39.0765	   24937.3	   39.0989
      1.98	   39.0763	     24938	   39.0989
      1.99	    39.076	   24938.7	   39.0989
         2	   39.0758	   24939.4	   39.0989
      2.01	   39.0757	   24940.1	   39.0989
      2.02	   39.0755	   24940.8	   39.0989
      2.03	   39.0753	   24941.5	   39.0989
      2.04	   39.0751	   24942.2	   39.0989
      2.05	    39.075	   24942.9	   39.0989
      2.06	   39.0748	   24943.6	   39.0989
      2.07	   39.0746	   24944.3	   39.0989
      2.08	   39.0744	   24945.1	   39.0989
      2.09	   39.0743	   24945.8	   39.0989
       2.1	   39.0742	   24946.5	   39.0989
      2.11	   39.0741	   24947.2	   39.0989
      2.12	    39.074	   24947.9	   39.0989
      2.13	   39.0739	   24948.6	   39.0989
      2.14	   39.0738	   24949.3	   39.0989
      2.15	   39.0737	     24950	   39.0989
      2.16	   39.0736	   24950.7	   39.0989
      2.17	   39.0735	   24951.4	   39.0989
      2.18	   39.0735	   24952.1	   39.0989
      2.19	   39.0734	   24952.8	   39.0989
       2.2	   39.0734	   24953.5	   39.0989
      2.21	   39.0734	   24954.2	   39.0989
      2.22	   39.0734	   24954.9	   39.0989
      2.23	   39.0734	   24955.6	   39.0989
      2.24	   39.0734	   24956.3	   39.0989
      2.25	   39.0734	     24957	   39.0989
      2.26	   39.0733	   24957.6	   39.0989
      2.27	   39.0733	   24958.3	   39.0989
      2.28	   39.0733	     24959	   39.0989
      2.29	   39.0734	   24959.6	   39.0989
       2.3	   39.0735	   24960.3	   39.0989
      2.31	   39.0735	   24960.9	   39.0989
      2.32	   39.0736	   24961.6	   39.0989
      2.33	   39.0737	   24962.2	   39.0989
      2.34	   39.0737	   24962.9	   39.0989
      2.35	   39.0738	   24963.5	   39.0989
      2.36	   39.0739	   24964.1	   39.0989
      2.37	   39.0739	   24964.7	   39.0989
      2.38	    39.074	   24965.3	   39.0989
      2.39	   39.0741	     24966	   39.0989
       2.4	   39.0742	   24966.6	   39.0989
      2.41	   39.0744	   24967.2	   39.0989
      2.42	   39.0745	   24967.8	   39.0989
      2.43	   39.0746	   24968.4	   39.0989
      2.44	   39.0748	     24969	   39.0989
      2.45	   39.0749	   24969.5	   39.0989
      2.46	   39.0751	   24970.1	   39.0989
      2.47	   39.0752	   24970.6	   39.0989
      2.48	   39.0754	   24971.2	   39.0989
      2.49	   39.0755	   24971.7	   39.0989
       2.5	   39.0757	   24972.3	   39.0989
      2.51	   39.0759	   24972.8	   39.0989
      2.52	   39.0761	   24973.4	   39.0989
      2.53	   39.0763	   24973.9	   39.0989
      2.54	   39.0765	   24974.3	   39.0989
      2.55	   39.0767	   24974.8	   39.0989
      2.56	   39.0769	   24975.3	   39.0989
      2.57	   39.0771	   24975.8	   39.0989
      2.58	   39.0773	   24976.3	   39.0989
      2.59	   39.0775	   24976.8	   39.0989
       2.6	   39.0777	   24977.2	   39.0989
      2.61	   39.0779	   24977.7	   39.0989
      2.62	   39.0782	   24978.1	   39.0989
      2.63	   39.0785	   24978.5	   39.0989
      2.64	   39.0787	     24979	   39.0989
      2.65	    39.079	   24979.4	   39.0989
      2.66	   39.0792	   24979.8	   39.0989
      2.67	   39.0795	   24980.2	   39.0989
      2.68	   39.0798	   24980.6	   39.0989
      2.69	     39.08	     24981	   39.0989
       2.7	   39.0803	   24981.4	   39.0989
      2.71	   39.0806	   24981.7	   39.0989
      2.72	   39.0808	   24982.1	   39.0989
      2.73	   39.0811	   24982.4	   39.0989
      2.74	   39.0813	   24982.8	   39.0989
      2.75	   39.0816	   24983.1	   39.0989
      2.76	   39.0819	   24983.5	   39.0989
      2.77	   39.0821	   24983.8	   39.0989
      2.78	   39.0824	   24984.1	   39.0989
      2.79	   39.0827	   24984.3	   39.0989
       2.8	    39.083	   24984.6	   39.0989
      2.81	   39.0832	   24984.9	   39.0989
      2.82	   39.0835	   24985.2	   39.0989
      2.83	   39.0838	   24985.5	   39.0989
      2.84	   39.0841	   24985.8	   39.0989
      2.85	   39.0844	     24986	   39.0989
      2.86	   39.0846	   24986.2	   39.0989
      2.87	   39.0849	   24986.5	   39.0989
      2.88	   39.0852	   24986.7	   39.0989
      2.89	   39.0855	   24986.9	   39.0989
       2.9	   39.0858	   24987.1	   39.0989
      2.91	    39.086	   24987.4	   39.0989
      2.92	   39.0863	   24987.5	   39.0989
      2.93	   39.0866	   24987.7	   39.0989
      2.94	   39.0869	   24987.8	   39.0989
      2.95	   39.0872	     24988	   39.0989
      2.96	   39.0874	   24988.2	   39.0989
      2.97	   39.0877	   24988.3	   39.0989
      2.98	    39.088	   24988.5	   39.0989
      2.99	   39.0883	   24988.7	   39.0989
         3	   39.0886	   24988.8	   39.0989
      3.01	   39.0888	   24988.9	   39.0989
      3.02	   39.0891	     24989	   39.0989
      3.03	   39.0894	   24989.1	   39.0989
      3.04	   39.0897	   24989.2	   39.0989
      3.05	     39.09	   24989.3	   39.0989
      3.06	   39.0902	   24989.4	   39.0989
      3.07	   39.0905	   24989.5	   39.0989
      3.08	   39.0908	   24989.5	   39.0989
      3.09	   39.0911	   24989.6	   39.0989
       3.1	   39.0914	   24989.6	   39.0989
      3.11	   39.0916	   24989.7	   39.0989
      3.12	   39.0919	   24989.7	   39.0989
      3.13	   39.0922	   24989.7	   39.0989
      3.14	   39.0925	   24989.8	   39.0989
      3.15	   39.0928	   24989.8	   39.0989
      3.16	   39.0931	   24989.9	   39.0989
      3.17	   39.0933	   24989.9	   39.0989
      3.18	   39.0936	   24989.9	   39.0989
      3.19	   39.0939	   24989.9	   39.0989
       3.2	   39.0942	   24989.8	   39.0989
      3.21	   39.0945	   24989.8	   39.0989
      3.22	   39.0947	   24989.8	   39.0989
      3.23	    39.095	   24989.8	   39.0989
      3.24	   39.0953	   24989.7	   39.0989
      3.25	   39.0956	   24989.7	   39.0989
      3.26	   39.0959	   24989.7	   39.0989
      3.27	   39.0961	   24989.7	   39.0989
      3.28	   39.0964	   24989.6	   39.0989
      3.29	   39.0967	   24989.6	   39.0989
       3.3	    39.097	   24989.5	   39.0989
      3.31	   39.0973	   24989.4	   39.0989
      3.32	   39.0975	   24989.3	   39.0989
      3.33	   39.0978	   24989.2	   39.0989
      3.34	    39.098	   24989.2	   39.0989
      3.35	   39.0982	   24989.1	   39.0989
      3.36	   39.0984	     24989	   39.0989
      3.37	   39.0986	   24988.9	   39.0989
      3.38	   39.0988	   24988.8	   39.0989
      3.39	    39.099	   24988.8	   39.0989
       3.4	   39.0992	   24988.6	   39.0989
      3.41	   39.0994	   24988.5	   39.0989
      3.42	   39.0996	   24988.4	   39.0989
      3.43	   39.0998	   24988.3	   39.0989
      3.44	      39.1	   24988.1	   39.0989
      3.45	   39.1002	     24988	   39.0989
      3.46	   39.1004	   24987.9	   39.0989
      3.47	   39.1006	   24987.8	   39.0989
      3.48	   39.1008	   24987.7	   39.0989
      3.49	    39.101	   24987.5	   39.0989
       3.5	   39.1011	   24987.4	   39.0989
      3.51	   39.1013	   24987.3	   39.0989
      3.52	   39.1014	   24987.1	   39.0989
      3.53	   39.1016	     24987	   39.0989
      3.54	   39.1017	   24986.8	   39.0989
      3.55	   39.1019	   24986.6	   39.0989
      3.56	    39.102	   24986.5	   39.0989
      3.57	   39.1022	   24986.3	   39.0989
      3.58	   39.1023	   24986.2	   39.0989
      3.59	   39.1025	     24986	   39.0989
       3.6	   39.1026	   24985.9	   39.0989
      3.61	   39.1028	   24985.7	   39.0989
      3.62	   39.1029	   24985.5	   39.0989
      3.63	    39.103	   24985.4	   39.0989
      3.64	   39.1031	   24985.2	   39.0989
      3.65	   39.1032	   24985.1	   39.0989
      3.66	   39.1033	   24984.9	   39.0989
      3.67	   39.1034	   24984.7	   39.0989
      3.68	   39.1035	   24984.6	   39.0989
      3.69	   39.1036	   24984.4	   39.0989
       3.7	   39.1037	   24984.2	   39.0989
      3.71	   39.1038	   24984.1	   39.0989
      3.72	   39.1039	   24983.9	   39.0989
      3.73	    39.104	   24983.7	   39.0989
      3.74	   39.1041	   24983.6	   39.0989
      3.75	   39.1041	   24983.4	   39.0989
      3.76	   39.1042	   24983.2	   39.0989
      3.77	   39.1043	   24983.1	   39.0989
      3.78	   39.1044	   24982.9	   39.0989
      3.79	   39.1045	   24982.7	   39.0989
       3.8	   39.1045	   24982.6	   39.0989
      3.81	   39.1045	   24982.4	   39.0989
      3.82	   39.1046	   24982.2	   39.0989
      3.83	   39.1046	   24982.1	   39.0989
      3.84	   39.1047	   24981.9	   39.0989
      3.85	   39.1047	   24981.7	   39.0989
      3.86	   39.1047	   24981.6	   39.0989
      3.87	   39.1048	   24981.4	   39.0989
      3.88	   39.1048	   24981.2	   39.0989
      3.89	   39.1048	   24981.1	   39.0989
       3.9	   39.1049	   24980.9	   39.0989
      3.91	   39.1049	   24980.7	   39.0989
      3.92	    39.105	   24980.5	   39.0989
      3.93	    39.105	   24980.4	   39.0989
      3.94	    39.105	   24980.2	   39.0989
      3.95	    39.105	     24980	   39.0989
      3.96	    39.105	   24979.9	   39.0989
      3.97	    39.105	   24979.7	   39.0989
      3.98	    39.105	   24979.5	   39.0989
      3.99	    39.105	   24979.4	   39.0989
         4	    39.105	   24979.2	   39.0989
      4.01	    39.105	     24979	   39.0989
      4.02	    39.105	   24978.9	   39.0989
      4.03	    39.105	   24978.7	   39.0989
      4.04	   39.1049	   24978.5	   39.0989
      4.05	   39.1049	   24978.4	   39.0989
      4.06	   39.1049	   24978.2	   39.0989
      4.07	   39.1049	     24978	   39.0989
      4.08	   39.1049	   24977.9	   39.0989
      4.09	   39.1049	   24977.7	   39.0989
       4.1	   39.1049	   24977.5	   39.0989
      4.11	   39.1049	   24977.4	   39.0989
      4.12	   39.1048	   24977.2	   39.0989
      4.13	   39.1048	     24977	   39.0989
      4.14	   39.1047	   24976.9	   39.0989
      4.15	   39.1047	   24976.8	   39.0989
      4.16	   39.1046	   24976.7	   39.0989
      4.17	   39.1046	   24976.5	   39.0989
      4.18	   39.1045	   24976.4	   39.0989
      4.19	   39.1045	   24976.3	   39.0989
       4.2	   39.1044	   24976.2	   39.0989
      4.21	   39.1044	     24976	   39.0989
      4.22	   39.1043	   24975.9	   39.0989
      4.23	   39.1043	   24975.8	   39.0989
      4.24	   39.1042	   24975.6	   39.0989
      4.25	   39.1042	   24975.5	   39.0989
      4.26	   39.1041	   24975.4	   39.0989
      4.27	   39.1041	   24975.3	   39.0989
      4.28	    39.104	   24975.1	   39.0989
      4.29	    39.104	     24975	   39.0989
       4.3	   39.1039	   24974.9	   39.0989
      4.31	   39.1039	   24974.8	   39.0989
      4.32	   39.1038	   24974.7	   39.0989
      4.33	   39.1038	   24974.7	   39.0989
      4.34	   39.1037	   24974.6	   39.0989
      4.35	   39.1036	   24974.5	   39.0989
      4.36	   39.1035	   24974.4	   39.0989
      4.37	   39.1035	   24974.3	   39.0989
      4.38	   39.1034	   24974.2	   39.0989
      4.39	   39.1033	   24974.1	   39.0989
       4.4	   39.1032	     24974	   39.0989
      4.41	   39.1032	   24973.9	   39.0989
      4.42	   39.1031	   24973.8	   39.0989
      4.43	    39.103	   24973.7	   39.0989
      4.44	   39.1029	   24973.7	   39.0989
      4.45	   39.1029	   24973.6	   39.0989
      4.46	   39.1028	   24973.6	   39.0989
      4.47	   39.1027	   24973.5	   39.0989
      4.48	   39.1026	   24973.4	   39.0989
      4.49	   39.1025	   24973.4	   39.0989
       4.5	   39.1025	   24973.3	   39.0989
      4.51	   39.1024	   24973.3	   39.0989
      4.52	   39.1023	   24973.2	   39.0989
      4.53	   39.1022	   24973.1	   39.0989
      4.54	   39.1022	   24973.1	   39.0989
      4.55	   39.1021	     24973	   39.0989
      4.56	    39.102	     24973	   39.0989
      4.57	   39.1019	   24972.9	   39.0989
      4.58	   39.1019	   24972.8	   39.0989
      4.59	   39.1018	   24972.8	   39.0989
       4.6	   39.1017	   24972.8	   39.0989
      4.61	   39.1016	   24972.8	   39.0989
      4.62	   39.1016	   24972.7	   39.0989
      4.63	   39.1015	   24972.7	   39.0989
      4.64	   39.1014	   24972.7	   39.0989
      4.65	   39.1013	   24972.7	   39.0989
      4.66	   39.1012	   24972.6	   39.0989
      4.67	   39.1012	   24972.6	   39.0989
      4.68	   39.1011	   24972.6	   39.0989
      4.69	    39.101	   24972.5	   39.0989
       4.7	   39.1009	   24972.5	   39.0989
      4.71	   39.1009	   24972.5	   39.0989
      4.72	   39.1008	   24972.5	   39.0989
      4.73	   39.1007	   24972.4	   39.0989
      4.74	   39.1006	   24972.4	   39.0989
      4.75	   39.1006	   24972.4	   39.0989
      4.76	   39.1005	   24972.4	   39.0989
      4.77	   39.1004	   24972.4	   39.0989
      4.78	   39.1004	   24972.4	   39.0989
      4.79	   39.1003	   24972.4	   39.0989
       4.8	   39.1003	   24972.4	   39.0989
      4.81	   39.1002	   24972.4	   39.0989
      4.82	   39.1001	   24972.4	   39.0989
      4.83	   39.1001	   24972.4	   39.0989
      4.84	      39.1	   24972.4	   39.0989
      4.85	   39.0999	   24972.4	   39.0989
      4.86	   39.0999	   24972.5	   39.0989
      4.87	   39.0998	   24972.5	   39.0989
      4.88	   39.0997	   24972.5	   39.0989
      4.89	   39.0997	   24972.5	   39.0989
       4.9	   39.0996	   24972.5	   39.0989
      4.91	   39.0995	   24972.5	   39.0989
      4.92	   39.0995	   24972.5	   39.0989
      4.93	   39.0994	   24972.5	   39.0989
      4.94	   39.0993	   24972.5	   39.0989
      4.95	   39.0993	   24972.6	   39.0989
      4.96	   39.0992	   24972.6	   39.0989
      4.97	   39.0991	   24972.6	   39.0989
      4.98	   39.0991	   24972.7	   39.0989
      4.99	    39.099	   24972.7	   39.0989
         5	   39.0989	   24972.7	   39.0989
      5.01	   39.0989	   24972.7	   39.0989
      5.02	   39.0988	   24972.8	   39.0989
      5.03	   39.0988	   24972.8	   39.0989
      5.04	   39.0987	   24972.8	   39.0989
      5.05	   39.0986	   24972.9	   39.0989
      5.06	   39.0986	   24972.9	   39.0989
      5.07	   39.0985	   24972.9	   39.0989
      5.08	   39.0985	   24972.9	   39.0989
      5.09	   39.0985	     24973	   39.0989
       5.1	   39.0984	     24973	   39.0989
      5.11	   39.0984	     24973	   39.0989
      5.12	   39.0983	     24973	   39.0989
      5.13	   39.0983	   24973.1	   39.0989
      5.14	   39.0983	   24973.1	   39.0989
      5.15	   39.0982	   24973.1	   39.0989
      5.16	   39.0982	   24973.2	   39.0989
      5.17	   39.0982	   24973.2	   39.0989
      5.18	   39.0981	   24973.2	   39.0989
      5.19	   39.0981	   24973.3	   39.0989
       5.2	   39.0981	   24973.3	   39.0989
      5.21	    39.098	   24973.3	   39.0989
      5.22	    39.098	   24973.4	   39.0989
      5.23	    39.098	   24973.4	   39.0989
      5.24	   39.0979	   24973.5	   39.0989
      5.25	   39.0979	   24973.5	   39.0989
      5.26	   39.0978	   24973.5	   39.0989
      5.27	   39.0978	   24973.6	   39.0989
      5.28	   39.0978	   24973.6	   39.0989
      5.29	   39.0977	   24973.6	   39.0989
       5.3	   39.0977	   24973.7	   39.0989
      5.31	   39.0977	   24973.7	   39.0989
      5.32	   39.0976	   24973.7	   39.0989
      5.33	   39.0976	   24973.8	   39.0989
      5.34	   39.0976	   24973.8	   39.0989
      5.35	   39.0976	   24973.8	   39.0989
      5.36	   39.0976	   24973.9	   39.0989
      5.37	   39.0976	   24973.9	   39.0989
      5.38	   39.0976	   24973.9	   39.0989
      5.39	   39.0976	     24974	   39.0989
       5.4	   39.0976	     24974	   39.0989
      5.41	   39.0975	     24974	   39.0989
      5.42	   39.0975	   24974.1	   39.0989
      5.43	   39.0975	   24974.1	   39.0989
      5.44	   39.0975	   24974.1	   39.0989
      5.45	   39.0975	   24974.2	   39.0989
      5.46	   39.0975	   24974.2	   39.0989
      5.47	   39.0975	   24974.2	   39.0989
      5.48	   39.0975	   24974.3	   39.0989
      5.49	   39.0975	   24974.3	   39.0989
       5.5	   39.0975	   24974.4	   39.0989
      5.51	   39.0975	   24974.4	   39.0989
      5.52	   39.0975	   24974.4	   39.0989
      5.53	   39.0975	   24974.5	   39.0989
      5.54	   39.0975	   24974.5	   39.0989
      5.55	   39.0975	   24974.5	   39.0989
      5.56	   39.0975	   24974.6	   39.0989
      5.57	   39.0974	   24974.6	   39.0989
      5.58	   39.0974	   24974.6	   39.0989
      5.59	   39.0974	   24974.7	   39.0989
       5.6	   39.0974	   24974.7	   39.0989
      5.61	   39.0974	   24974.7	   39.0989
      5.62	   39.0974	   24974.8	   39.0989
      5.63	   39.0974	   24974.8	   39.0989
      5.64	   39.0974	   24974.8	   39.0989
      5.65	   39.0975	   24974.9	   39.0989
      5.66	   39.0975	   24974.9	   39.0989
      5.67	   39.0975	   24974.9	   39.0989
      5.68	   39.0975	     24975	   39.0989
      5.69	   39.0975	     24975	   39.0989
       5.7	   39.0976	     24975	   39.0989
      5.71	   39.0976	   24975.1	   39.0989
      5.72	   39.0976	   24975.1	   39.0989
      5.73	   39.0976	   24975.1	   39.0989
      5.74	   39.0976	   24975.2	   39.0989
      5.75	   39.0976	   24975.2	   39.0989
      5.76	   39.0977	   24975.3	   39.0989
      5.77	   39.0977	   24975.3	   39.0989
      5.78	   39.0977	   24975.3	   39.0989
      5.79	   39.0977	   24975.4	   39.0989
       5.8	   39.0977	   24975.4	   39.0989
      5.81	   39.0978	   24975.4	   39.0989
      5.82	   39.0978	   24975.5	   39.0989
      5.83	   39.0978	   24975.5	   39.0989
      5.84	   39.0978	   24975.5	   39.0989
      5.85	   39.0978	   24975.6	   39.0989
      5.86	   39.0978	   24975.6	   39.0989
      5.87	   39.0979	   24975.6	   39.0989
      5.88	   39.0979	   24975.7	   39.0989
      5.89	   39.0979	   24975.7	   39.0989
       5.9	   39.0979	   24975.7	   39.0989
      5.91	   39.0979	   24975.8	   39.0989
      5.92	   39.0979	   24975.8	   39.0989
      5.93	    39.098	   24975.8	   39.0989
      5.94	    39.098	   24975.9	   39.0989
      5.95	    39.098	   24975.9	   39.0989
      5.96	    39.098	   24975.9	   39.0989
      5.97	    39.098	   24975.9	   39.0989
      5.98	   39.0981	   24975.9	   39.0989
      5.99	   39.0981	   24975.9	   39.0989
         6	   39.0981	   24975.9	   39.0989
      6.01	   39.0981	   24975.9	   39.0989
      6.02	   39.0981	   24975.9	   39.0989
      6.03	   39.0982	   24975.9	   39.0989
      6.04	   39.0982	   24975.9	   39.0989
      6.05	   39.0982	   24975.9	   39.0989
      6.06	   39.0982	   24975.9	   39.0989
      6.07	   39.0982	     24976	   39.0989
      6.08	   39.0983	     24976	   39.0989
      6.09	   39.0983	     24976	   39.0989
       6.1	   39.0983	     24976	   39.0989
      6.11	   39.0983	     24976	   39.0989
      6.12	   39.0983	     24976	   39.0989
      6.13	   39.0984	     24976	   39.0989
      6.14	   39.0984	     24976	   39.0989
      6.15	   39.0984	     24976	   39.0989
      6.16	   39.0984	     24976	   39.0989
      6.17	   39.0985	     24976	   39.0989
      6.18	   39.0985	     24976	   39.0989
      6.19	   39.0985	     24976	   39.0989
       6.2	   39.0985	     24976	   39.0989
      6.21	   39.0985	     24976	   39.0989
      6.22	   39.0986	     24976	   39.0989
      6.23	   39.0986	   24975.9	   39.0989
      6.24	   39.0986	   24975.9	   39.0989
      6.25	   39.0986	   24975.9	   39.0989
      6.26	   39.0986	   24975.9	   39.0989
      6.27	   39.0987	   24975.9	   39.0989
      6.28	   39.0987	   24975.9	   39.0989
      6.29	   39.0987	   24975.9	   39.0989
       6.3	   39.0987	   24975.8	   39.0989
      6.31	   39.0987	   24975.8	   39.0989
      6.32	   39.0988	   24975.8	   39.0989
      6.33	   39.0988	   24975.8	   39.0989
      6.34	   39.0988	   24975.8	   39.0989
      6.35	   39.0988	   24975.8	   39.0989
      6.36	   39.0989	   24975.8	   39.0989
      6.37	   39.0989	   24975.7	   39.0989
      6.38	   39.0989	   24975.7	   39.0989
      6.39	   39.0989	   24975.7	   39.0989
       6.4	   39.0989	   24975.7	   39.0989
      6.41	    39.099	   24975.7	   39.0989
      6.42	    39.099	   24975.7	   39.0989
      6.43	    39.099	   24975.7	   39.0989
      6.44	    39.099	   24975.6	   39.0989
      6.45	    39.099	   24975.6	   39.0989
      6.46	   39.0991	   24975.6	   39.0989
      6.47	   39.0991	   24975.6	   39.0989
      6.48	   39.0991	   24975.5	   39.0989
      6.49	   39.0991	   24975.5	   39.0989
       6.5	   39.0991	   24975.5	   39.0989
      6.51	   39.0992	   24975.5	   39.0989
      6.52	   39.0992	   24975.4	   39.0989
      6.53	   39.0992	   24975.4	   39.0989
      6.54	   39.0992	   24975.4	   39.0989
      6.55	   39.0993	   24975.3	   39.0989
      6.56	   39.0993	   24975.3	   39.0989
      6.57	   39.0993	   24975.3	   39.0989
      6.58	   39.0993	   24975.3	   39.0989
      6.59	   39.0993	   24975.2	   39.0989
       6.6	   39.0994	   24975.2	   39.0989
      6.61	   39.0994	   24975.2	   39.0989
      6.62	   39.0994	   24975.1	   39.0989
      6.63	   39.0994	   24975.1	   39.0989
      6.64	   39.0994	   24975.1	   39.0989
      6.65	   39.0995	   24975.1	   39.0989
      6.66	   39.0995	     24975	   39.0989
      6.67	   39.0995	     24975	   39.0989
      6.68	   39.0995	     24975	   39.0989
      6.69	   39.0996	   24974.9	   39.0989
       6.7	   39.0996	   24974.9	   39.0989
      6.71	   39.0996	   24974.9	   39.0989
      6.72	   39.0996	   24974.8	   39.0989
      6.73	   39.0996	   24974.8	   39.0989
      6.74	   39.0997	   24974.8	   39.0989
      6.75	   39.0997	   24974.8	   39.0989
      6.76	   39.0997	   24974.7	   39.0989
      6.77	   39.0997	   24974.7	   39.0989
      6.78	   39.0997	   24974.7	   39.0989
      6.79	   39.0998	   24974.6	   39.0989
       6.8	   39.0998	   24974.6	   39.0989
      6.81	   39.0998	   24974.6	   39.0989
      6.82	   39.0998	   24974.6	   39.0989
      6.83	   39.0998	   24974.5	   39.0989
      6.84	   39.0999	   24974.5	   39.0989
      6.85	   39.0999	   24974.5	   39.0989
      6.86	   39.0999	   24974.4	   39.0989
      6.87	   39.0999	   24974.4	   39.0989
      6.88	      39.1	   24974.4	   39.0989
      6.89	      39.1	   24974.3	   39.0989
       6.9	      39.1	   24974.3	   39.0989
      6.91	      39.1	   24974.3	   39.0989
      6.92	      39.1	   24974.2	   39.0989
      6.93	      39.1	   24974.2	   39.0989
      6.94	      39.1	   24974.2	   39.0989
      6.95	      39.1	   24974.2	   39.0989
      6.96	      39.1	   24974.1	   39.0989
      6.97	      39.1	   24974.1	   39.0989
      6.98	      39.1	   24974.1	   39.0989
      6.99	      39.1	     24974	   39.0989
         7	      39.1	     24974	   39.0989
      7.01	      39.1	     24974	   39.0989
      7.02	      39.1	   24973.9	   39.0989
      7.03	      39.1	   24973.9	   39.0989
      7.04	      39.1	   24973.9	   39.0989
      7.05	      39.1	   24973.8	   39.0989
      7.06	      39.1	   24973.8	   39.0989
      7.07	      39.1	   24973.8	   39.0989
      7.08	      39.1	   24973.8	   39.0989
      7.09	      39.1	   24973.7	   39.0989
       7.1	      39.1	   24973.7	   39.0989
      7.11	      39.1	   24973.7	   39.0989
      7.12	      39.1	   24973.6	   39.0989
      7.13	      39.1	   24973.6	   39.0989
      7.14	      39.1	   24973.6	   39.0989
      7.15	      39.1	   24973.5	   39.0989
      7.16	      39.1	   24973.5	   39.0989
      7.17	      39.1	   24973.5	   39.0989
      7.18	      39.1	   24973.4	   39.0989
      7.19	      39.1	   24973.4	   39.0989
       7.2	      39.1	   24973.4	   39.0989
      7.21	      39.1	   24973.3	   39.0989
      7.22	      39.1	   24973.3	   39.0989
      7.23	      39.1	   24973.3	   39.0989
      7.24	      39.1	   24973.3	   39.0989
      7.25	      39.1	   24973.2	   39.0989
      7.26	      39.1	   24973.2	   39.0989
      7.27	      39.1	   24973.2	   39.0989
      7.28	      39.1	   24973.1	   39.0989
      7.29	      39.1	   24973.1	   39.0989
       7.3	      39.1	   24973.1	   39.0989
      7.31	      39.1	     24973	   39.0989
      7.32	      39.1	     24973	   39.0989
      7.33	      39.1	     24973	   39.0989
      7.34	      39.1	   24972.9	   39.0989
      7.35	      39.1	   24972.9	   39.0989
      7.36	      39.1	   24972.9	   39.0989
      7.37	      39.1	   24972.9	   39.0989
      7.38	      39.1	   24972.8	   39.0989
      7.39	      39.1	   24972.8	   39.0989
       7.4	      39.1	   24972.8	   39.0989
      7.41	      39.1	   24972.7	   39.0989
      7.42	      39.1	   24972.7	   39.0989
      7.43	      39.1	   24972.7	   39.0989
      7.44	      39.1	   24972.6	   39.0989
      7.45	      39.1	   24972.6	   39.0989
      7.46	      39.1	   24972.6	   39.0989
      7.47	      39.1	   24972.5	   39.0989
      7.48	      39.1	   24972.5	   39.0989
      7.49	      39.1	   24972.5	   39.0989
       7.5	      39.1	   24972.5	   39.0989
      7.51	      39.1	   24972.4	   39.0989
      7.52	      39.1	   24972.4	   39.0989
      7.53	      39.1	   24972.4	   39.0989
      7.54	      39.1	   24972.3	   39.0989
      7.55	      39.1	   24972.3	   39.0989
      7.56	      39.1	   24972.3	   39.0989
      7.57	      39.1	   24972.2	   39.0989
      7.58	      39.1	   24972.2	   39.0989
      7.59	      39.1	   24972.2	   39.0989
       7.6	      39.1	   24972.1	   39.0989
      7.61	      39.1	   24972.1	   39.0989
      7.62	      39.1	   24972.1	   39.0989
      7.63	      39.1	     24972	   39.0989
      7.64	      39.1	     24972	   39.0989
      7.65	      39.1	     24972	   39.0989
      7.66	      39.1	     24972	   39.0989
      7.67	      39.1	   24971.9	   39.0989
      7.68	      39.1	   24971.9	   39.0989
      7.69	      39.1	   24971.9	   39.0989
       7.7	      39.1	   24971.9	   39.0989
      7.71	      39.1	   24971.8	   39.0989
      7.72	      39.1	   24971.8	   39.0989
      7.73	   39.0999	   24971.8	   39.0989
      7.74	   39.0999	   24971.8	   39.0989
      7.75	   39.0999	   24971.8	   39.0989
      7.76	   39.0999	   24971.8	   39.0989
      7.77	   39.0999	   24971.7	   39.0989
      7.78	   39.0999	   24971.7	   39.0989
      7.79	   39.0999	   24971.7	   39.0989
       7.8	   39.0999	   24971.7	   39.0989
      7.81	   39.0999	   24971.7	   39.0989
      7.82	   39.0999	   24971.6	   39.0989
      7.83	   39.0999	   24971.6	   39.0989
      7.84	   39.0999	   24971.6	   39.0989
      7.85	   39.0999	   24971.6	   39.0989
      7.86	   39.0999	   24971.6	   39.0989
      7.87	   39.0999	   24971.6	   39.0989
      7.88	   39.0999	   24971.5	   39.0989
      7.89	   39.0999	   24971.5	   39.0989
       7.9	   39.0999	   24971.5	   39.0989
      7.91	   39.0999	   24971.5	   39.0989
      7.92	   39.0999	   24971.5	   39.0989
      7.93	   39.0999	   24971.4	   39.0989
      7.94	   39.0999	   24971.4	   39.0989
      7.95	   39.0999	   24971.4	   39.0989
      7.96	   39.0999	   24971.4	   39.0989
      7.97	   39.0999	   24971.4	   39.0989
      7.98	   39.0999	   24971.4	   39.0989
      7.99	   39.0999	   24971.3	   39.0989
         8	   39.0999	   24971.3	   39.0989
      8.01	   39.0998	   24971.3	   39.0989
      8.02	   39.0998	   24971.3	   39.0989
      8.03	   39.0998	   24971.3	   39.0989
      8.04	   39.0998	   24971.2	   39.0989
      8.05	   39.0998	   24971.2	   39.0989
      8.06	   39.0998	   24971.2	   39.0989
      8.07	   39.0998	   24971.2	   39.0989
      8.08	   39.0998	   24971.2	   39.0989
      8.09	   39.0998	   24971.2	   39.0989
       8.1	   39.0998	   24971.1	   39.0989
      8.11	   39.0998	   24971.1	   39.0989
      8.12	   39.0998	   24971.1	   39.0989
      8.13	   39.0998	   24971.1	   39.0989
      8.14	   39.0998	   24971.1	   39.0989
      8.15	   39.0998	   24971.1	   39.0989
      8.16	   39.0998	     24971	   39.0989
      8.17	   39.0998	     24971	   39.0989
      8.18	   39.0998	     24971	   39.0989
      8.19	   39.0998	     24971	   39.0989
       8.2	   39.0998	     24971	   39.0989
      8.21	   39.0998	     24971	   39.0989
      8.22	   39.0998	   24970.9	   39.0989
      8.23	   39.0998	   24970.9	   39.0989
      8.24	   39.0998	   24970.9	   39.0989
      8.25	   39.0998	   24970.9	   39.0989
      8.26	   39.0998	   24970.9	   39.0989
      8.27	   39.0998	   24970.9	   39.0989
      8.28	   39.0998	   24970.9	   39.0989
      8.29	   39.0997	   24970.8	   39.0989
       8.3	   39.0997	   24970.8	   39.0989
      8.31	   39.0997	   24970.8	   39.0989
      8.32	   39.0997	   24970.8	   39.0989
      8.33	   39.0997	   24970.8	   39.0989
      8.34	   39.0997	   24970.8	   39.0989
      8.35	   39.0997	   24970.7	   39.0989
      8.36	   39.0997	   24970.7	   39.0989
      8.37	   39.0997	   24970.7	   39.0989
      8.38	   39.0997	   24970.7	   39.0989
      8.39	   39.0997	   24970.7	   39.0989
       8.4	   39.0997	   24970.7	   39.0989
      8.41	   39.0997	   24970.7	   39.0989
      8.42	   39.0997	   24970.6	   39.0989
      8.43	   39.0997	   24970.6	   39.0989
      8.44	   39.0997	   24970.6	   39.0989
      8.45	   39.0997	   24970.6	   39.0989
      8.46	   39.0997	   24970.6	   39.0989
      8.47	   39.0997	   24970.6	   39.0989
      8.48	   39.0997	   24970.6	   39.0989
      8.49	   39.0997	   24970.5	   39.0989
       8.5	   39.0997	   24970.5	   39.0989
      8.51	   39.0997	   24970.5	   39.0989
      8.52	   39.0997	   24970.5	   39.0989
      8.53	   39.0997	   24970.5	   39.0989
      8.54	   39.0997	   24970.5	   39.0989
      8.55	   39.0997	   24970.5	   39.0989
      8.56	   39.0997	   24970.4	   39.0989
      8.57	   39.0996	   24970.4	   39.0989
      8.58	   39.0996	   24970.4	   39.0989
      8.59	   39.0996	   24970.4	   39.0989
       8.6	   39.0996	   24970.4	   39.0989
      8.61	   39.0996	   24970.4	   39.0989
      8.62	   39.0996	   24970.4	   39.0989
      8.63	   39.0996	   24970.3	   39.0989
      8.64	   39.0996	   24970.3	   39.0989
      8.65	   39.0996	   24970.3	   39.0989
      8.66	   39.0996	   24970.3	   39.0989
      8.67	   39.0996	   24970.3	   39.0989
      8.68	   39.0996	   24970.3	   39.0989
      8.69	   39.0996	   24970.2	   39.0989
       8.7	   39.0996	   24970.2	   39.0989
      8.71	   39.0996	   24970.2	   39.0989
      8.72	   39.0996	   24970.2	   39.0989
      8.73	   39.0996	   24970.2	   39.0989
      8.74	   39.0996	   24970.2	   39.0989
      8.75	   39.0996	   24970.2	   39.0989
      8.76	   39.0996	   24970.1	   39.0989
      8.77	   39.0996	   24970.1	   39.0989
      8.78	   39.0996	   24970.1	   39.0989
      8.79	   39.0996	   24970.1	   39.0989
       8.8	   39.0996	   24970.1	   39.0989
      8.81	   39.0996	   24970.1	   39.0989
      8.82	   39.0996	   24970.1	   39.0989
      8.83	   39.0996	     24970	   39.0989
      8.84	   39.0996	     24970	   39.0989
      8.85	   39.0995	     24970	   39.0989
      8.86	   39.0995	     24970	   39.0989
      8.87	   39.0995	     24970	   39.0989
      8.88	   39.0995	     24970	   39.0989
      8.89	   39.0995	     24970	   39.0989
       8.9	   39.0995	   24969.9	   39.0989
      8.91	   39.0995	   24969.9	   39.0989
      8.92	   39.0995	   24969.9	   39.0989
      8.93	   39.0995	   24969.9	   39.0989
      8.94	   39.0995	   24969.9	   39.0989
      8.95	   39.0995	   24969.9	   39.0989
      8.96	   39.0995	   24969.9	   39.0989
      8.97	   39.0995	   24969.8	   39.0989
      8.98	   39.0995	   24969.8	   39.0989
      8.99	   39.0995	   24969.8	   39.0989
         9	   39.0995	   24969.8	   39.0989
      9.01	   39.0995	   24969.8	   39.0989
      9.02	   39.0995	   24969.8	   39.0989
      9.03	   39.0995	   24969.7	   39.0989
      9.04	   39.0995	   24969.7	   39.0989
      9.05	   39.0995	   24969.7	   39.0989
      9.06	   39.0995	   24969.7	   39.0989
      9.07	   39.0995	   24969.7	   39.0989
      9.08	   39.0995	   24969.7	   39.0989
      9.09	   39.0995	   24969.7	   39.0989
       9.1	   39.0995	   24969.6	   39.0989
      9.11	   39.0995	   24969.6	   39.0989
      9.12	   39.0995	   24969.6	   39.0989
      9.13	   39.0994	   24969.6	   39.0989
      9.14	   39.0994	   24969.6	   39.0989
      9.15	   39.0994	   24969.6	   39.0989
      9.16	   39.0994	   24969.6	   39.0989
      9.17	   39.0994	   24969.5	   39.0989
      9.18	   39.0994	   24969.5	   39.0989
      9.19	   39.0994	   24969.5	   39.0989
       9.2	   39.0994	   24969.5	   39.0989
      9.21	   39.0994	   24969.5	   39.0989
      9.22	   39.0994	   24969.5	   39.0989
      9.23	   39.0994	   24969.5	   39.0989
      9.24	   39.0994	   24969.4	   39.0989
      9.25	   39.0994	   24969.4	   39.0989
      9.26	   39.0994	   24969.4	   39.0989
      9.27	   39.0994	   24969.4	   39.0989
      9.28	   39.0994	   24969.4	   39.0989
      9.29	   39.0994	   24969.4	   39.0989
       9.3	   39.0994	   24969.4	   39.0989
      9.31	   39.0994	   24969.3	   39.0989
      9.32	   39.0994	   24969.3	   39.0989
      9.33	   39.0994	   24969.3	   39.0989
      9.34	   39.0994	   24969.3	   39.0989
      9.35	   39.0994	   24969.3	   39.0989
      9.36	   39.0994	   24969.3	   39.0989
      9.37	   39.0994	   24969.2	   39.0989
      9.38	   39.0994	   24969.2	   39.0989
      9.39	   39.0994	   24969.2	   39.0989
       9.4	   39.0994	   24969.2	   39.0989
      9.41	   39.0994	   24969.2	   39.0989
      9.42	   39.0994	   24969.2	   39.0989
      9.43	   39.0994	   24969.2	   39.0989
      9.44	   39.0994	   24969.1	   39.0989
      9.45	   39.0994	   24969.1	   39.0989
      9.46	   39.0994	   24969.1	   39.0989
      9.47	   39.0994	   24969.1	   39.0989
      9.48	   39.0994	   24969.1	   39.0989
      9.49	   39.0994	   24969.1	   39.0989
       9.5	   39.0994	   24969.1	   39.0989
      9.51	   39.0994	     24969	   39.0989
      9.52	   39.0994	     24969	   39.0989
      9.53	   39.0994	     24969	   39.0989
      9.54	   39.0994	     24969	   39.0989
      9.55	   39.0994	     24969	   39.0989
      9.56	   39.0994	     24969	   39.0989
      9.57	   39.0994	     24969	   39.0989
      9.58	   39.0994	   24968.9	   39.0989
      9.59	   39.0994	   24968.9	   39.0989
       9.6	   39.0994	   24968.9	   39.0989
      9.61	   39.0994	   24968.9	   39.0989
      9.62	   39.0994	   24968.9	   39.0989
      9.63	   39.0994	   24968.9	   39.0989
      9.64	   39.0994	   24968.8	   39.0989
      9.65	   39.0994	   24968.8	   39.0989
      9.66	   39.0994	   24968.8	   39.0989
      9.67	   39.0994	   24968.8	   39.0989
      9.68	   39.0994	   24968.8	   39.0989
      9.69	   39.0994	   24968.8	   39.0989
       9.7	   39.0994	   24968.8	   39.0989
      9.71	   39.0994	   24968.7	   39.0989
      9.72	   39.0994	   24968.7	   39.0989
      9.73	   39.0994	   24968.7	   39.0989
      9.74	   39.0994	   24968.7	   39.0989
      9.75	   39.0994	   24968.7	   39.0989
      9.76	   39.0994	   24968.7	   39.0989
      9.77	   39.0994	   24968.7	   39.0989
      9.78	   39.0994	   24968.6	   39.0989
      9.79	   39.0994	   24968.6	   39.0989
       9.8	   39.0994	   24968.6	   39.0989
      9.81	   39.0994	   24968.6	   39.0989
      9.82	   39.0994	   24968.6	   39.0989
      9.83	   39.0994	   24968.6	   39.0989
      9.84	   39.0994	   24968.6	   39.0989
      9.85	   39.0994	   24968.5	   39.0989
      9.86	   39.0994	   24968.5	   39.0989
      9.87	   39.0994	   24968.5	   39.0989
      9.88	   39.0994	   24968.5	   39.0989
      9.89	   39.0994	   24968.5	   39.0989
       9.9	   39.0994	   24968.5	   39.0989
      9.91	   39.0994	   24968.5	   39.0989
      9.92	   39.0994	   24968.4	   39.0989
      9.93	   39.0994	   24968.4	   39.0989
      9.94	   39.0994	   24968.4	   39.0989
      9.95	   39.0994	   24968.4	   39.0989
      9.96	   39.0994	   24968.4	   39.0989
      9.97	   39.0994	   24968.4	   39.0989
      9.98	   39.0994	   24968.3	   39.0989
      9.99	   39.0994	   24968.3	   39.0989
        10	   39.0994	   24968.3	   39.0989
     10.01	   39.0994	   24968.3	   39.0989
     10.02	   39.0994	   24968.3	   39.0989
     10.03	   39.0994	   24968.3	   39.0989
     10.04	   39.0994	   24968.3	   39.0989
     10.05	   39.0994	   24968.2	   39.0989
     10.06	   39.0994	   24968.2	   39.0989
     10.07	   39.0994	   24968.2	   39.0989
     10.08	   39.0994	   24968.2	   39.0989
     10.09	   39.0994	   24968.2	   39.0989
      10.1	   39.0994	   24968.2	   39.0989
     10.11	   39.0994	   24968.2	   39.0989
     10.12	   39.0994	   24968.1	   39.0989
     10.13	   39.0994	   24968.1	   39.0989
     10.14	   39.0994	   24968.1	   39.0989
     10.15	   39.0994	   24968.1	   39.0989
     10.16	   39.0994	   24968.1	   39.0989
     10.17	   39.0994	   24968.1	   39.0989
     10.18	   39.0994	   24968.1	   39.0989
     10.19	   39.0994	     24968	   39.0989
      10.2	   39.0994	     24968	   39.0989
     10.21	   39.0994	     24968	   39.0989
     10.22	   39.0994	     24968	   39.0989
     10.23	   39.0994	     24968	   39.0989
     10.24	   39.0994	     24968	   39.0989
     10.25	   39.0994	     24968	   39.0989
     10.26	   39.0994	   24967.9	   39.0989
     10.27	   39.0994	   24967.9	   39.0989
     10.28	   39.0994	   24967.9	   39.0989
     10.29	   39.0994	   24967.9	   39.0989
      10.3	   39.0994	   24967.9	   39.0989
     10.31	   39.0994	   24967.9	   39.0989
     10.32	   39.0994	   24967.8	   39.0989
     10.33	   39.0994	   24967.8	   39.0989
     10.34	   39.0994	   24967.8	   39.0989
     10.35	   39.0994	   24967.8	   39.0989
     10.36	   39.0994	   24967.8	   39.0989
     10.37	   39.0994	   24967.8	   39.0989
     10.38	   39.0994	   24967.8	   39.0989
     10.39	   39.0994	   24967.7	   39.0989
      10.4	   39.0994	   24967.7	   39.0989
     10.41	   39.0994	   24967.7	   39.0989
     10.42	   39.0994	   24967.7	   39.0989
     10.43	   39.0994	   24967.7	   39.0989
     10.44	   39.0994	   24967.7	   39.0989
     10.45	   39.0994	   24967.6	   39.0989
     10.46	   39.0994	   24967.6	   39.0989
     10.47	   39.0994	   24967.6	   39.0989
     10.48	   39.0994	   24967.6	   39.0989
     10.49	   39.0994	   24967.6	   39.0989
      10.5	   39.0994	   24967.6	   39.0989
     10.51	   39.0994	   24967.6	   39.0989
     10.52	   39.0994	   24967.5	   39.0989
     10.53	   39.0994	   24967.5	   39.0989
     10.54	   39.0994	   24967.5	   39.0989
     10.55	   39.0994	   24967.5	   39.0989
     10.56	   39.0994	   24967.5	   39.0989
     10.57	   39.0994	   24967.5	   39.0989
     10.58	   39.0994	   24967.4	   39.0989
     10.59	   39.0994	   24967.4	   39.0989
      10.6	   39.0994	   24967.4	   39.0989
     10.61	   39.0994	   24967.4	   39.0989
     10.62	   39.0994	   24967.4	   39.0989
     10.63	   39.0994	   24967.4	   39.0989
     10.64	   39.0994	   24967.3	   39.0989
     10.65	   39.0994	   24967.3	   39.0989
     10.66	   39.0994	   24967.3	   39.0989
     10.67	   39.0994	   24967.3	   39.0989
     10.68	   39.0994	   24967.3	   39.0989
     10.69	   39.0994	   24967.3	   39.0989
      10.7	   39.0994	   24967.3	   39.0989
     10.71	   39.0994	   24967.2	   39.0989
     10.72	   39.0994	   24967.2	   39.0989
     10.73	   39.0994	   24967.2	   39.0989
     10.74	   39.0994	   24967.2	   39.0989
     10.75	   39.0994	   24967.2	   39.0989
     10.76	   39.0994	   24967.2	   39.0989
     10.77	   39.0994	   24967.1	   39.0989
     10.78	   39.0994	   24967.1	   39.0989
     10.79	   39.0994	   24967.1	   39.0989
      10.8	   39.0994	   24967.1	   39.0989
     10.81	   39.0994	   24967.1	   39.0989
     10.82	   39.0994	   24967.1	   39.0989
     10.83	   39.0994	     24967	   39.0989
     10.84	   39.0994	     24967	   39.0989
     10.85	   39.0995	     24967	   39.0989
     10.86	   39.0995	     24967	   39.0989
     10.87	   39.0995	     24967	   39.0989
     10.88	   39.0995	     24967	   39.0989
     10.89	   39.0995	     24967	   39.0989
      10.9	   39.0995	   24966.9	   39.0989
     10.91	   39.0995	   24966.9	   39.0989
     10.92	   39.0995	   24966.9	   39.0989
     10.93	   39.0995	   24966.9	   39.0989
     10.94	   39.0995	   24966.9	   39.0989
     10.95	   39.0995	   24966.9	   39.0989
     10.96	   39.0995	   24966.8	   39.0989
     10.97	   39.0995	   24966.8	   39.0989
     10.98	   39.0995	   24966.8	   39.0989
     10.99	   39.0995	   24966.8	   39.0989
        11	   39.0995	   24966.8	   39.0989
     11.01	   39.0995	   24966.8	   39.0989
     11.02	   39.0995	   24966.7	   39.0989
     11.03	   39.0995	   24966.7	   39.0989
     11.04	   39.0995	   24966.7	   39.0989
     11.05	   39.0995	   24966.7	   39.0989
     11.06	   39.0995	   24966.7	   39.0989
     11.07	   39.0995	   24966.7	   39.0989
     11.08	   39.0995	   24966.7	   39.0989
     11.09	   39.0995	   24966.6	   39.0989
      11.1	   39.0995	   24966.6	   39.0989
     11.11	   39.0995	   24966.6	   39.0989
     11.12	   39.0995	   24966.6	   39.0989
     11.13	   39.0995	   24966.6	   39.0989
     11.14	   39.0995	   24966.6	   39.0989
     11.15	   39.0995	   24966.5	   39.0989
     11.16	   39.0995	   24966.5	   39.0989
     11.17	   39.0995	   24966.5	   39.0989
     11.18	   39.0995	   24966.5	   39.0989
     11.19	   39.0995	   24966.5	   39.0989
      11.2	   39.0995	   24966.5	   39.0989
     11.21	   39.0995	   24966.4	   39.0989
     11.22	   39.0995	   24966.4	   39.0989
     11.23	   39.0995	   24966.4	   39.0989
     11.24	   39.0995	   24966.4	   39.0989
     11.25	   39.0995	   24966.4	   39.0989
     11.26	   39.0995	   24966.4	   39.0989
     11.27	   39.0995	   24966.4	   39.0989
     11.28	   39.0995	   24966.3	   39.0989
     11.29	   39.0995	   24966.3	   39.0989
      11.3	   39.0995	   24966.3	   39.0989
     11.31	   39.0995	   24966.3	   39.0989
     11.32	   39.0995	   24966.3	   39.0989
     11.33	   39.0995	   24966.3	   39.0989
     11.34	   39.0995	   24966.2	   39.0989
     11.35	   39.0995	   24966.2	   39.0989
     11.36	   39.0995	   24966.2	   39.0989
     11.37	   39.0995	   24966.2	   39.0989
     11.38	   39.0995	   24966.2	   39.0989
     11.39	   39.0995	   24966.2	   39.0989
      11.4	   39.0995	   24966.1	   39.0989
     11.41	   39.0995	   24966.1	   39.0989
     11.42	   39.0995	   24966.1	   39.0989
     11.43	   39.0995	   24966.1	   39.0989
     11.44	   39.0995	   24966.1	   39.0989
     11.45	   39.0994	   24966.1	   39.0989
     11.46	   39.0994	     24966	   39.0989
     11.47	   39.0994	     24966	   39.0989
     11.48	   39.0994	     24966	   39.0989
     11.49	   39.0994	     24966	   39.0989
      11.5	   39.0994	     24966	   39.0989
     11.51	   39.0994	     24966	   39.0989
     11.52	   39.0994	     24966	   39.0989
     11.53	   39.0994	   24965.9	   39.0989
     11.54	   39.0994	   24965.9	   39.0989
     11.55	   39.0994	   24965.9	   39.0989
     11.56	   39.0994	   24965.9	   39.0989
     11.57	   39.0994	   24965.9	   39.0989
     11.58	   39.0994	   24965.9	   39.0989
     11.59	   39.0994	   24965.8	   39.0989
      11.6	   39.0994	   24965.8	   39.0989
     11.61	   39.0994	   24965.8	   39.0989
     11.62	   39.0994	   24965.8	   39.0989
     11.63	   39.0994	   24965.8	   39.0989
     11.64	   39.0994	   24965.8	   39.0989
     11.65	   39.0994	   24965.7	   39.0989
     11.66	   39.0994	   24965.7	   39.0989
     11.67	   39.0994	   24965.7	   39.0989
     11.68	   39.0994	   24965.7	   39.0989
     11.69	   39.0994	   24965.7	   39.0989
      11.7	   39.0994	   24965.7	   39.0989
     11.71	   39.0994	   24965.7	   39.0989
     11.72	   39.0994	   24965.6	   39.0989
     11.73	   39.0994	   24965.6	   39.0989
     11.74	   39.0994	   24965.6	   39.0989
     11.75	   39.0994	   24965.6	   39.0989
     11.76	   39.0994	   24965.6	   39.0989
     11.77	   39.0994	   24965.6	   39.0989
     11.78	   39.0994	   24965.5	   39.0989
     11.79	   39.0994	   24965.5	   39.0989
      11.8	   39.0994	   24965.5	   39.0989
     11.81	   39.0994	   24965.5	   39.0989
     11.82	   39.0994	   24965.5	   39.0989
     11.83	   39.0994	   24965.5	   39.0989
     11.84	   39.0994	   24965.5	   39.0989
     11.85	   39.0994	   24965.4	   39.0989
     11.86	   39.0994	   24965.4	   39.0989
     11.87	   39.0994	   24965.4	   39.0989
     11.88	   39.0994	   24965.4	   39.0989
     11.89	   39.0994	   24965.4	   39.0989
      11.9	   39.0994	   24965.4	   39.0989
     11.91	   39.0994	   24965.4	   39.0989
     11.92	   39.0994	   24965.3	   39.0989
     11.93	   39.0994	   24965.3	   39.0989
     11.94	   39.0994	   24965.3	   39.0989
     11.95	   39.0994	   24965.3	   39.0989
     11.96	   39.0994	   24965.3	   39.0989
     11.97	   39.0994	   24965.3	   39.0989
     11.98	   39.0994	   24965.2	   39.0989
     11.99	   39.0994	   24965.2	   39.0989
        12	   39.0994	   24965.2	   39.0989
     12.01	   39.0994	   24965.2	   39.0989
     12.02	   39.0994	   24965.2	   39.0989
     12.03	   39.0994	   24965.2	   39.0989
     12.04	   39.0994	   24965.2	   39.0989
     12.05	   39.0994	   24965.1	   39.0989
     12.06	   39.0994	   24965.1	   39.0989
     12.07	   39.0994	   24965.1	   39.0989
     12.08	   39.0994	   24965.1	   39.0989
     12.09	   39.0994	   24965.1	   39.0989
      12.1	   39.0994	   24965.1	   39.0989
     12.11	   39.0994	   24965.1	   39.0989
     12.12	   39.0994	     24965	   39.0989
     12.13	   39.0994	     24965	   39.0989
     12.14	   39.0994	     24965	   39.0989
     12.15	   39.0994	     24965	   39.0989
     12.16	   39.0994	     24965	   39.0989
     12.17	   39.0994	     24965	   39.0989
     12.18	   39.0994	     24965	   39.0989
     12.19	   39.0994	   24964.9	   39.0989
      12.2	   39.0994	   24964.9	   39.0989
     12.21	   39.0994	   24964.9	   39.0989
     12.22	   39.0994	   24964.9	   39.0989
     12.23	   39.0994	   24964.9	   39.0989
     12.24	   39.0994	   24964.9	   39.0989
     12.25	   39.0994	   24964.9	   39.0989
     12.26	   39.0994	   24964.8	   39.0989
     12.27	   39.0994	   24964.8	   39.0989
     12.28	   39.0994	   24964.8	   39.0989
     12.29	   39.0994	   24964.8	   39.0989
      12.3	   39.0994	   24964.8	   39.0989
     12.31	   39.0994	   24964.8	   39.0989
     12.32	   39.0994	   24964.8	   39.0989
     12.33	   39.0994	   24964.7	   39.0989
     12.34	   39.0994	   24964.7	   39.0989
     12.35	   39.0994	   24964.7	   39.0989
     12.36	   39.0994	   24964.7	   39.0989
     12.37	   39.0994	   24964.7	   39.0989
     12.38	   39.0994	   24964.7	   39.0989
     12.39	   39.0994	   24964.7	   39.0989
      12.4	   39.0994	   24964.6	   39.0989
     12.41	   39.0994	   24964.6	   39.0989
     12.42	   39.0994	   24964.6	   39.0989
     12.43	   39.0994	   24964.6	   39.0989
     12.44	   39.0994	   24964.6	   39.0989
     12.45	   39.0994	   24964.6	   39.0989
     12.46	   39.0994	   24964.6	   39.0989
     12.47	   39.0994	   24964.5	   39.0989
     12.48	   39.0994	   24964.5	   39.0989
     12.49	   39.0994	   24964.5	   39.0989
      12.5	   39.0994	   24964.5	   39.0989
     12.51	   39.0994	   24964.5	   39.0989
     12.52	   39.0994	   24964.5	   39.0989
     12.53	   39.0993	   24964.4	   39.0989
     12.54	   39.0993	   24964.4	   39.0989
     12.55	   39.0993	   24964.4	   39.0989
     12.56	   39.0993	   24964.4	   39.0989
     12.57	   39.0993	   24964.4	   39.0989
     12.58	   39.0993	   24964.4	   39.0989
     12.59	   39.0993	   24964.4	   39.0989
      12.6	   39.0993	   24964.3	   39.0989
     12.61	   39.0993	   24964.3	   39.0989
     12.62	   39.0993	   24964.3	   39.0989
     12.63	   39.0993	   24964.3	   39.0989
     12.64	   39.0993	   24964.3	   39.0989
     12.65	   39.0993	   24964.3	   39.0989
     12.66	   39.0993	   24964.3	   39.0989
     12.67	   39.0993	   24964.2	   39.0989
     12.68	   39.0993	   24964.2	   39.0989
     12.69	   39.0993	   24964.2	   39.0989
      12.7	   39.0993	   24964.2	   39.0989
     12.71	   39.0993	   24964.2	   39.0989
     12.72	   39.0993	   24964.2	   39.0989
     12.73	   39.0993	   24964.2	   39.0989
     12.74	   39.0993	   24964.1	   39.0989
     12.75	   39.0993	   24964.1	   39.0989
     12.76	   39.0993	   24964.1	   39.0989
     12.77	   39.0993	   24964.1	   39.0989
     12.78	   39.0993	   24964.1	   39.0989
     12.79	   39.0993	   24964.1	   39.0989
      12.8	   39.0993	   24964.1	   39.0989
     12.81	   39.0993	     24964	   39.0989
     12.82	   39.0993	     24964	   39.0989
     12.83	   39.0993	     24964	   39.0989
     12.84	   39.0993	     24964	   39.0989
     12.85	   39.0993	     24964	   39.0989
     12.86	   39.0993	     24964	   39.0989
     12.87	   39.0993	     24964	   39.0989
     12.88	   39.0993	   24963.9	   39.0989
     12.89	   39.0993	   24963.9	   39.0989
      12.9	   39.0993	   24963.9	   39.0989
     12.91	   39.0993	   24963.9	   39.0989
     12.92	   39.0993	   24963.9	   39.0989
     12.93	   39.0993	   24963.9	   39.0989
     12.94	   39.0993	   24963.9	   39.0989
     12.95	   39.0993	   24963.8	   39.0989
     12.96	   39.0993	   24963.8	   39.0989
     12.97	   39.0993	   24963.8	   39.0989
     12.98	   39.0993	   24963.8	   39.0989
     12.99	   39.0993	   24963.8	   39.0989
        13	   39.0993	   24963.8	   39.0989
     13.01	   39.0993	   24963.8	   39.0989
     13.02	   39.0993	   24963.7	   39.0989
     13.03	   39.0993	   24963.7	   39.0989
     13.04	   39.0993	   24963.7	   39.0989
     13.05	   39.0993	   24963.7	   39.0989
     13.06	   39.0993	   24963.7	   39.0989
     13.07	   39.0993	   24963.7	   39.0989
     13.08	   39.0993	   24963.6	   39.0989
     13.09	   39.0993	   24963.6	   39.0989
      13.1	   39.0993	   24963.6	   39.0989
     13.11	   39.0993	   24963.6	   39.0989
     13.12	   39.0993	   24963.6	   39.0989
     13.13	   39.0993	   24963.6	   39.0989
     13.14	   39.0993	   24963.6	   39.0989
     13.15	   39.0993	   24963.5	   39.0989
     13.16	   39.0993	   24963.5	   39.0989
     13.17	   39.0993	   24963.5	   39.0989
     13.18	   39.0993	   24963.5	   39.0989
     13.19	   39.0993	   24963.5	   39.0989
      13.2	   39.0993	   24963.5	   39.0989
     13.21	   39.0993	   24963.5	   39.0989
     13.22	   39.0993	   24963.4	   39.0989
     13.23	   39.0993	   24963.4	   39.0989
     13.24	   39.0993	   24963.4	   39.0989
     13.25	   39.0993	   24963.4	   39.0989
     13.26	   39.0993	   24963.4	   39.0989
     13.27	   39.0993	   24963.4	   39.0989
     13.28	   39.0993	   24963.4	   39.0989
     13.29	   39.0993	   24963.3	   39.0989
      13.3	   39.0993	   24963.3	   39.0989
     13.31	   39.0993	   24963.3	   39.0989
     13.32	   39.0993	   24963.3	   39.0989
     13.33	   39.0993	   24963.3	   39.0989
     13.34	   39.0993	   24963.3	   39.0989
     13.35	   39.0993	   24963.3	   39.0989
     13.36	   39.0993	   24963.2	   39.0989
     13.37	   39.0993	   24963.2	   39.0989
     13.38	   39.0993	   24963.2	   39.0989
     13.39	   39.0993	   24963.2	   39.0989
      13.4	   39.0993	   24963.2	   39.0989
     13.41	   39.0993	   24963.2	   39.0989
     13.42	   39.0993	   24963.2	   39.0989
     13.43	   39.0993	   24963.1	   39.0989
     13.44	   39.0993	   24963.1	   39.0989
     13.45	   39.0993	   24963.1	   39.0989
     13.46	   39.0993	   24963.1	   39.0989
     13.47	   39.0993	   24963.1	   39.0989
     13.48	   39.0993	   24963.1	   39.0989
     13.49	   39.0993	   24963.1	   39.0989
      13.5	   39.0993	     24963	   39.0989
     13.51	   39.0993	     24963	   39.0989
     13.52	   39.0993	     24963	   39.0989
     13.53	   39.0993	     24963	   39.0989
     13.54	   39.0993	     24963	   39.0989
     13.55	   39.0993	     24963	   39.0989
     13.56	   39.0993	     24963	   39.0989
     13.57	   39.0993	   24962.9	   39.0989
     13.58	   39.0993	   24962.9	   39.0989
     13.59	   39.0993	   24962.9	   39.0989
      13.6	   39.0993	   24962.9	   39.0989
     13.61	   39.0993	   24962.9	   39.0989
     13.62	   39.0992	   24962.9	   39.0989
     13.63	   39.0992	   24962.8	   39.0989
     13.64	   39.0992	   24962.8	   39.0989
     13.65	   39.0992	   24962.8	   39.0989
     13.66	   39.0992	   24962.8	   39.0989
     13.67	   39.0992	   24962.8	   39.0989
     13.68	   39.0992	   24962.8	   39.0989
     13.69	   39.0992	   24962.8	   39.0989
      13.7	   39.0992	   24962.7	   39.0989
     13.71	   39.0992	   24962.7	   39.0989
     13.72	   39.0992	   24962.7	   39.0989
     13.73	   39.0992	   24962.7	   39.0989
     13.74	   39.0992	   24962.7	   39.0989
     13.75	   39.0992	   24962.7	   39.0989
     13.76	   39.0992	   24962.7	   39.0989
     13.77	   39.0992	   24962.6	   39.0989
     13.78	   39.0992	   24962.6	   39.0989
     13.79	   39.0992	   24962.6	   39.0989
      13.8	   39.0992	   24962.6	   39.0989
     13.81	   39.0992	   24962.6	   39.0989
     13.82	   39.0992	   24962.6	   39.0989
     13.83	   39.0992	   24962.6	   39.0989
     13.84	   39.0992	   24962.5	   39.0989
     13.85	   39.0992	   24962.5	   39.0989
     13.86	   39.0992	   24962.5	   39.0989
     13.87	   39.0992	   24962.5	   39.0989
     13.88	   39.0992	   24962.5	   39.0989
     13.89	   39.0992	   24962.5	   39.0989
      13.9	   39.0992	   24962.5	   39.0989
     13.91	   39.0992	   24962.4	   39.0989
     13.92	   39.0992	   24962.4	   39.0989
     13.93	   39.0992	   24962.4	   39.0989
     13.94	   39.0992	   24962.4	   39.0989
     13.95	   39.0992	   24962.4	   39.0989
     13.96	   39.0992	   24962.4	   39.0989
     13.97	   39.0992	   24962.4	   39.0989
     13.98	   39.0992	   24962.3	   39.0989
     13.99	   39.0992	   24962.3	   39.0989
        14	   39.0992	   24962.3	   39.0989
     14.01	   39.0992	   24962.3	   39.0989
     14.02	   39.0992	   24962.3	   39.0989
     14.03	   39.0992	   24962.3	   39.0989
     14.04	   39.0992	   24962.3	   39.0989
     14.05	   39.0992	   24962.2	   39.0989
     14.06	   39.0992	   24962.2	   39.0989
     14.07	   39.0992	   24962.2	   39.0989
     14.08	   39.0992	   24962.2	   39.0989
     14.09	   39.0992	   24962.2	   39.0989
      14.1	   39.0992	   24962.2	   39.0989
     14.11	   39.0992	   24962.2	   39.0989
     14.12	   39.0992	   24962.1	   39.0989
     14.13	   39.0992	   24962.1	   39.0989
     14.14	   39.0992	   24962.1	   39.0989
     14.15	   39.0992	   24962.1	   39.0989
     14.16	   39.0992	   24962.1	   39.0989
     14.17	   39.0992	   24962.1	   39.0989
     14.18	   39.0992	     24962	   39.0989
     14.19	   39.0992	     24962	   39.0989
      14.2	   39.0992	     24962	   39.0989
     14.21	   39.0992	     24962	   39.0989
     14.22	   39.0992	     24962	   39.0989
     14.23	   39.0992	     24962	   39.0989
     14.24	   39.0992	     24962	   39.0989
     14.25	   39.0992	   24961.9	   39.0989
     14.26	   39.0992	   24961.9	   39.0989
     14.27	   39.0992	   24961.9	   39.0989
     14.28	   39.0992	   24961.9	   39.0989
     14.29	   39.0992	   24961.9	   39.0989
      14.3	   39.0992	   24961.9	   39.0989
     14.31	   39.0992	   24961.9	   39.0989
     14.32	   39.0992	   24961.8	   39.0989
     14.33	   39.0992	   24961.8	   39.0989
     14.34	   39.0992	   24961.8	   39.0989
     14.35	   39.0992	   24961.8	   39.0989
     14.36	   39.0992	   24961.8	   39.0989
     14.37	   39.0992	   24961.8	   39.0989
     14.38	   39.0992	   24961.8	   39.0989
     14.39	   39.0992	   24961.7	   39.0989
      14.4	   39.0992	   24961.7	   39.0989
     14.41	   39.0992	   24961.7	   39.0989
     14.42	   39.0992	   24961.7	   39.0989
     14.43	   39.0992	   24961.7	   39.0989
     14.44	   39.0992	   24961.7	   39.0989
     14.45	   39.0992	   24961.7	   39.0989
     14.46	   39.0992	   24961.6	   39.0989
     14.47	   39.0992	   24961.6	   39.0989
     14.48	   39.0992	   24961.6	   39.0989
     14.49	   39.0992	   24961.6	   39.0989
      14.5	   39.0992	   24961.6	   39.0989
     14.51	   39.0992	   24961.6	   39.0989
     14.52	   39.0992	   24961.6	   39.0989
     14.53	   39.0992	   24961.5	   39.0989
     14.54	   39.0992	   24961.5	   39.0989
     14.55	   39.0992	   24961.5	   39.0989
     14.56	   39.0992	   24961.5	   39.0989
     14.57	   39.0992	   24961.5	   39.0989
     14.58	   39.0992	   24961.5	   39.0989
     14.59	   39.0992	   24961.5	   39.0989
      14.6	   39.0992	   24961.4	   39.0989
     14.61	   39.0992	   24961.4	   39.0989
     14.62	   39.0992	   24961.4	   39.0989
     14.63	   39.0992	   24961.4	   39.0989
     14.64	   39.0992	   24961.4	   39.0989
     14.65	   39.0992	   24961.4	   39.0989
     14.66	   39.0992	   24961.4	   39.0989
     14.67	   39.0992	   24961.3	   39.0989
     14.68	   39.0992	   24961.3	   39.0989
     14.69	   39.0992	   24961.3	   39.0989
      14.7	   39.0991	   24961.3	   39.0989
     14.71	   39.0991	   24961.3	   39.0989
     14.72	   39.0991	   24961.3	   39.0989
     14.73	   39.0991	   24961.2	   39.0989
     14.74	   39.0991	   24961.2	   39.0989
     14.75	   39.0991	   24961.2	   39.0989
     14.76	   39.0991	   24961.2	   39.0989
     14.77	   39.0991	   24961.2	   39.0989
     14.78	   39.0991	   24961.2	   39.0989
     14.79	   39.0991	   24961.2	   39.0989
      14.8	   39.0991	   24961.1	   39.0989
     14.81	   39.0991	   24961.1	   39.0989
     14.82	   39.0991	   24961.1	   39.0989
     14.83	   39.0991	   24961.1	   39.0989
     14.84	   39.0991	   24961.1	   39.0989
     14.85	   39.0991	   24961.1	   39.0989
     14.86	   39.0991	   24961.1	   39.0989
     14.87	   39.0991	     24961	   39.0989
     14.88	   39.0991	     24961	   39.0989
     14.89	   39.0991	     24961	   39.0989
      14.9	   39.0991	     24961	   39.0989
     14.91	   39.0991	     24961	   39.0989
     14.92	   39.0991	     24961	   39.0989
     14.93	   39.0991	     24961	   39.0989
     14.94	   39.0991	   24960.9	   39.0989
     14.95	   39.0991	   24960.9	   39.0989
     14.96	   39.0991	   24960.9	   39.0989
     14.97	   39.0991	   24960.9	   39.0989
     14.98	   39.0991	   24960.9	   39.0989
     14.99	   39.0991	   24960.9	   39.0989
        15	   39.0991	   24960.9	   39.0989
